0.08406538418770157,0.07950628266429448,0.08121131250231664,0.07895029467363507,0.07928388746803068,0.07724526483561288,0.0788390970755032,0.07995107305682199,0.07998813892286594,0.07865376774528338,0.07539197153341488,0.07639274991660182,0.07605915712220614,0.07987694132473402,0.08195262982319583,0.07943215093220655,0.07613328885429409,0.0788020312094592,0.07698580377330518,0.08973646169242748
0.05864308532018869,0.04888510440246249,0.05116989993441791,0.053597495187120515,0.053861939114430164,0.05460238211089722,0.05472931519600585,0.051756965453045346,0.04948803655672849,0.04769510672956906,0.04835621654784318,0.04884279337409295,0.049138970572679755,0.04839852757621274,0.048906259916647266,0.047324885231335545,0.048112928134718305,0.04469102371533141,0.04352218155662275,0.051164611055871737
0.061489715002202724,0.051655427157816264,0.05243823918126673,0.05528821715408859,0.05540682503642956,0.055488156155749105,0.054017418414720936,0.05105899894947304,0.05020502219661798,0.04926293673116676,0.04799213799179911,0.04845301433460978,0.04773120065064896,0.04635534921549357,0.046819614354942564,0.04616896540038633,0.046077467891151844,0.0440950218577383,0.04110271442610729,0.04920532718831544
0.06490005204289699,0.05334539135974154,0.05517115856589114,0.05688885855423126,0.05618926551262256,0.054767328436182046,0.052927341859268055,0.051684568854459045,0.05108451140820118,0.049801924165251844,0.04776002252348329,0.04773442765610735,0.0473419730230098,0.046153233627105536,0.04510100019053957,0.044586258968868114,0.04491046062229654,0.04251591858557077,0.039686263803454185,0.04753535646540568
0.0676942835545061,0.054964946921068,0.057447609994362166,0.05800633559436016,0.056570334957261284,0.055566651413373504,0.052360931681258445,0.0515898397898585,0.051344607286691955,0.049653261465883614,0.048834134341904686,0.04715037303150354,0.046346414928339,0.04570425971386171,0.04418988580255495,0.04427584358717005,0.04263253299894071,0.040835004032431364,0.038976798982664346,0.045876175283091854
0.07124262048401318,0.05841068650846768,0.05945616602122349,0.058835340438593654,0.057782937220455396,0.05470650412883631,0.053266373409278686,0.05185624541304519,0.05134619911653521,0.04933832455561351,0.04802282053294069,0.04679963258203436,0.04577723208722021,0.04380397605321097,0.04363088341864878,0.04241231127133077,0.0420453548860589,0.04007209885204964,0.037371853752879096,0.043824747169358434
0.07450198093417819,0.06021654213958033,0.06074364847578416,0.05954587432156488,0.05805669178635481,0.055384734057711694,0.05374127649727127,0.05209996164551457,0.050891473947876464,0.05003439047437426,0.04820665996713083,0.047116021247099314,0.04486617712915607,0.042834889296955864,0.04218993398314545,0.04197780582345365,0.04036863160195331,0.03846590629077843,0.03677102372192783,0.04198637665818866
0.07784077391153567,0.06217261388701828,0.061634279216249234,0.060462846842778036,0.05845669329440656,0.05609366620024436,0.05364998971720293,0.05225878775903576,0.0503675595898172,0.05049659861202403,0.04809324682342219,0.04651251880138878,0.04411319948223091,0.042316734344945484,0.041304584514510835,0.040641243290978964,0.03986297668829415,0.03802215438712514,0.03484255223056047,0.04085698040623099
0.08112693553056112,0.06512699687707882,0.0624680087495471,0.0609899410881722,0.059561717472446804,0.05633910821334018,0.054011774697245336,0.05201609579258742,0.050192953969023825,0.04959099126387247,0.04711987684686569,0.04582393165997928,0.04352727140274563,0.04224282868793217,0.04093154687161516,0.039773631349604224,0.03864447200777567,0.03650501220220579,0.03439239149813949,0.03961451381926165
0.08446754667943367,0.06593256275220574,0.06455542472230799,0.06208212179076006,0.05913375245158297,0.056980241304158935,0.05454760553591002,0.05212236379735184,0.050181431003536184,0.04857692656064861,0.04759167210435934,0.04533649304868783,0.042970403547655446,0.041297504330128625,0.04062279912084988,0.03900720363342619,0.03737682008662106,0.035068034315691776,0.032910826153422425,0.03923826706126138
0.086739911702641,0.06787769447385289,0.06558023464338959,0.06273361709482966,0.05978437007108443,0.05754092575387652,0.05475912682122305,0.05209976305194852,0.05042888317524792,0.04886243329084112,0.04626788813747307,0.04481126979668562,0.042717268399484316,0.04069888872084061,0.040023694805148044,0.03846444698917528,0.036717945393917144,0.03416121109982787,0.03162608301104076,0.038104343567472575
0.0893609054428305,0.07038270785056235,0.06624618493189396,0.06370987113547731,0.06093158311196519,0.05827516531961791,0.05448305827163285,0.052559628101509076,0.05033063923585599,0.048264144011756056,0.04589738879782964,0.043919205335443384,0.04237374950545414,0.040713488385237105,0.03857634375176625,0.03783275871813711,0.03554195161928447,0.03311691064262701,0.03092677895212795,0.0365575368789917
0.09250073765239723,0.07224104909011231,0.06727564455106214,0.064141713064566,0.06196803913660622,0.05875379519975977,0.0559655564343367,0.05277226357149468,0.05066493471121563,0.04851570370292775,0.045259557618072405,0.04295668540041867,0.04150582352561183,0.039855926447762854,0.03824443967225538,0.03651946791255719,0.033989625726522144,0.03200101961893488,0.03030049077890855,0.0345675261844777
0.09458855059775134,0.07399578992448455,0.06999466401421549,0.06629228423362984,0.0621840932364222,0.058495528305764086,0.05603993873114059,0.05388827585492334,0.05067286953428414,0.0471863467838166,0.04516419812567023,0.0426343537326861,0.04115271107795548,0.03918064125079652,0.037357081060358795,0.03505863540366128,0.03275500917824094,0.030853740456960703,0.029076805385028503,0.03342848311220939
0.09717284752061714,0.07586358499833415,0.07163882792186603,0.0678760463143288,0.06244912259008522,0.05920155526016606,0.0565293105402537,0.053371047018454965,0.05060434634764599,0.047239997114800036,0.044062842402821996,0.042596199092535904,0.04030864769991173,0.038857460817954194,0.03636382371428277,0.033961207799657216,0.03198621973545463,0.02967634239080034,0.02788683146654026,0.03235373925348886
0.10066602519513324,0.07761235863841685,0.07291582993370513,0.06822271937215546,0.06415854715243038,0.05987903191349365,0.056730922061208694,0.05309230866516381,0.050256958912210145,0.047038777125102314,0.044314517024916546,0.04191839866829142,0.039505189595855854,0.03748506698706059,0.03517611128106879,0.033026099232114144,0.03090172325687517,0.02867993020151663,0.027252855431344033,0.03116662935193714
0.10321669516687508,0.0799060769250402,0.0745582467692674,0.06983827195154113,0.06504853542958747,0.06036769522642777,0.05612073879346283,0.053337076644291895,0.04988472303752672,0.04675905838714343,0.04421020392537197,0.04158137872948623,0.03886917978952384,0.03636796746722476,0.03425980279557269,0.031753485958330135,0.03031060973431,0.02773453119284006,0.02568932220549076,0.030186399870685623
0.1057886569758953,0.08178583191571,0.07711701249885401,0.0712343000336155,0.06563850774344922,0.06149259610128111,0.05643499135843969,0.05304797509057509,0.04896997354901581,0.046360527933122134,0.043297782395664605,0.040999025490056254,0.03820452485000355,0.036190990366952225,0.0334270492721735,0.030753089060701455,0.028849908491139435,0.026355910046280736,0.024938286696071746,0.029113060130998583
0.10846937323385306,0.08390934287476198,0.07833390934287476,0.07231460963494549,0.06712713547066756,0.061800741358162735,0.05715708796682187,0.053211422608035686,0.04910311926108142,0.045789370252156666,0.04323629266705971,0.04014786503757614,0.037174639316378336,0.034990885496079746,0.03224806359145338,0.029952496154289236,0.027873779368015883,0.025371526154221474,0.023758699438221287,0.028029640773343637
0.11103542234332421,0.08613532024800373,0.07972393695782991,0.07307928952474965,0.06800325893672118,0.06227645519638138,0.057634836816519174,0.052999979716161494,0.04846316116861954,0.04530564364000243,0.04225123562382946,0.04012988417928208,0.03676614762577672,0.03423911941095733,0.03136726594140675,0.02905997931048472,0.026735789480801343,0.024413289970994113,0.023304440132250626,0.027075543775904157
0.11477759175615089,0.08817087912921649,0.081802869903443,0.07481778591552145,0.06849361260181314,0.06294668372895247,0.05739132487300231,0.052527224630387385,0.04905407159753237,0.044658678414691094,0.04180428614060199,0.03877792221148804,0.03599265579873247,0.033278201243928295,0.030514852787205306,0.028186491457898134,0.025662554520915634,0.0235651747282595,0.021970221927734814,0.025606916632525237
0.11767665295340013,0.09055130696684421,0.08332786485281375,0.07595803572179739,0.06970209400738665,0.0632728435257397,0.05775388472443067,0.052017869311728596,0.04794931980515383,0.04442761835053802,0.04136190404078645,0.03850651590486527,0.035370132000706676,0.032073900204437046,0.029878094949647913,0.027374372176371106,0.025067514701799548,0.022393848380067808,0.020731430302112518,0.024604797119372725
0.12019076404800373,0.09215779555567509,0.08503692397175187,0.07709402542736156,0.07090444819128852,0.06413155121026243,0.05758055107746048,0.0525441650374619,0.047684287854005324,0.04379436886316532,0.04103074448073615,0.037534188084475444,0.03476215851840147,0.0317060337451313,0.028812969534571346,0.02662425971345048,0.02378330764148866,0.021360933715040737,0.02005308713990092,0.023213436190367327
0.12260080320206306,0.09393804061677324,0.08669176113469083,0.0795327862246817,0.07173413743082793,0.06419572341911566,0.0575891178208779,0.05172963788749796,0.047305646591092244,0.04386886853274594,0.04015506635147479,0.037146416483103226,0.03377511685381185,0.03096793907484017,0.027866947832160305,0.025511403320260043,0.023142427335733084,0.02044102240369634,0.01925233707623704,0.022554800408316766
0.12510001459332434,0.09477106093467726,0.08872573440485235,0.08102985257387661,0.07278043085531978,0.06494532535564937,0.05718067038712568,0.051799591722398064,0.04726895161222684,0.042800375065208694,0.039484167920518384,0.03669969454662566,0.03311678181973723,0.030171278660366372,0.02727106512816126,0.02436414202156122,0.02187488992104508,0.020207560683906913,0.01850836096839287,0.02190005082502604
0.12827298400274867,0.09739133349534494,0.0899633797859771,0.08230414051435897,0.07259685082919225,0.06491917575188759,0.05794206129067398,0.05211299472903553,0.04668113598082675,0.04253978363068053,0.03870010810086063,0.03586099402512298,0.03234813505065657,0.0291051092321487,0.026782197715636082,0.02339503741630563,0.021506205324595885,0.01927212087184601,0.0176061944307107,0.020700057821390568
0.13148786609757693,0.0996699658914521,0.09208135817993973,0.08220880057467124,0.07432548965106137,0.06482800886118975,0.05826751349188143,0.05163334231954872,0.046499478408803585,0.04189808961991657,0.03788443280515598,0.03496754078541756,0.03142272998990306,0.028512535770439603,0.025709506355375236,0.022678751730962766,0.02066103939813567,0.018502673259534738,0.017154740954202108,0.01960613585483188
0.13449426084921035,0.10200055176103735,0.09335127950040552,0.08394626181897219,0.07422690754658619,0.06537532290560706,0.05813387729168934,0.05094927978464599,0.04606034259344407,0.042172935285118326,0.037765534999205805,0.03430616049558172,0.030559201451298736,0.027698404072999665,0.024429637927719308,0.02211725758044426,0.01962262889054231,0.017741625354255663,0.016343830726401765,0.01870469916483443
0.13729996637879557,0.10360349058355371,0.09566821725654318,0.08509510117306222,0.07498364938938204,0.06597115936283636,0.05848918685193455,0.0511711386213968,0.045423752628224776,0.04124368347894159,0.03695823443513869,0.03385036389517544,0.029840909813209953,0.02645871700814771,0.02353818850288624,0.021067615420256695,0.01898678067767636,0.016892564361188758,0.015594551692183652,0.017862728469465756
0.13989715188552093,0.10522641449560502,0.09719798178529492,0.08600794659513956,0.07625257412563237,0.06703666156156106,0.05825331901454204,0.05124368055288793,0.04565701373034019,0.04037097471887125,0.036484525183424724,0.032756740326047556,0.029127494584524027,0.025023924963298354,0.022754184989653394,0.020355843119046948,0.018390071265492774,0.016544550536370113,0.014934521592592532,0.016484424974154362
0.14253662399366498,0.10764087854148884,0.09791123369691423,0.08787252561465998,0.07703693556282089,0.0679471351508479,0.05825925560866246,0.05063124078030953,0.044996266181966414,0.039807345013139345,0.03559072008393153,0.031838525317291,0.02828513339002276,0.02437423047430348,0.022050409049371607,0.019457619077053644,0.017705146988805237,0.01581234348452931,0.014347216676718191,0.01589921531349872
0.14459674795391406,0.10992216113396128,0.09945187422307132,0.08895322159465387,0.07826602037325947,0.06788583632980986,0.05856018954973594,0.05113337727238597,0.04439234793055405,0.03922311305407005,0.03453442680393449,0.031200620708642372,0.027446334565295376,0.024230997054971087,0.02083712238138542,0.018547842119753386,0.016864253355914672,0.01510224172597048,0.01359719012539316,0.015254081743323633
0.14651536570426213,0.11135775311728607,0.10189615778115658,0.09055025460687394,0.07830141915585011,0.06841589628128761,0.058987681066294574,0.05035558174040614,0.04409347101520631,0.038974629438930236,0.0340760966621548,0.030577859967053807,0.02682426534525893,0.02311907189911192,0.020512084438354426,0.018160454904290847,0.01617767570878515,0.014291698864575177,0.012489172323206356,0.014323409979654807
0.14890614679449973,0.11306485725532582,0.10318048077500452,0.09115943769473522,0.07944363270017277,0.06868690912244885,0.05886591541402293,0.05074458077300294,0.04383419066872161,0.0384383152192043,0.033394380950474714,0.029346223387575636,0.02627049098296672,0.022894524395695313,0.019728721736287636,0.017351867790209693,0.015573814241775253,0.01326367900295564,0.011994355597365948,0.013857475497554759
0.15145657278364466,0.11511099482896249,0.10367072006239243,0.09260873260419981,0.0805901948596254,0.06864998091898818,0.05929778543610528,0.050800485940877195,0.04384133263786239,0.03733879044716226,0.03261769818005474,0.028619851251431065,0.02560855095963324,0.022025653545485295,0.019202663675919426,0.01652465616683304,0.014583225707538922,0.012901763618759715,0.011551927848778398,0.012998418525746035
0.15384294896899736,0.1162075637408403,0.10520842534001502,0.09335602044506514,0.08105698386959685,0.06986619381481786,0.060320274911798595,0.04989275840059196,0.04355158845890405,0.03721375158945884,0.03181584109244777,0.028126130119807278,0.02466306805966866,0.02137499229227044,0.018515216308055867,0.01584709197779507,0.014000569955353495,0.012265705853041512,0.010597503195583016,0.012277371605890874
0.1563824752712826,0.11756972031887379,0.10666508918335242,0.09415075852507536,0.08174974004852431,0.06975531234169624,0.06008545071586638,0.05056056202842136,0.042951982296637964,0.03685145439517956,0.031304156557442606,0.02762984242941318,0.023725571226704344,0.020664475964486635,0.01783667048817554,0.015295478177406889,0.013370837443677182,0.011544511691150987,0.010288079558482415,0.01161783133815021
0.15904071526318153,0.11897384268943756,0.10771451478213906,0.09516007247306846,0.0827356416483456,0.07034954754336639,0.05948025408911128,0.050887828424844204,0.04245375008125715,0.03629987315546206,0.03125109384662313,0.026377329997483122,0.023267055256547667,0.019751744737451813,0.016978166404699076,0.01455461899134424,0.012727790954867679,0.011172653584399957,0.010002550225269897,0.01082095585110018
0.16109177059764682,0.12094452741163997,0.10864762361418422,0.0960127464250573,0.08313978945756104,0.07086619416987575,0.05960984884431413,0.050035046009333395,0.0424681048017195,0.03593173270466953,0.030798865874510313,0.02590740860983053,0.022629233199975354,0.019231185454157987,0.01643749406881671,0.013995095223586872,0.012251951671469889,0.010505478332242829,0.00920852625287402,0.010287377276533822
0.1644281447792054,0.12229354713048576,0.11076022067808236,0.09659493852111063,0.08347344904393918,0.07096957852084422,0.05930307277915212,0.04959097310777199,0.041863244846793865,0.03578028080853145,0.030003629135633127,0.02535400719834059,0.0218730335245566,0.018516915434480783,0.015811711120803602,0.013424472360303245,0.01161489876709273,0.00983861999620439,0.0088447695498873,0.00966049269678072
0.16551382413387156,0.12426921976947579,0.11175367302281962,0.09775993827858441,0.08451776818553672,0.07115587982946799,0.059985500788145206,0.049520129295724066,0.041191396247497555,0.035015929179996394,0.029690129229213925,0.02513252146614967,0.020970649072516008,0.017505470459518595,0.014956469109362627,0.012676833851003967,0.011388199769874898,0.009502637127293767,0.008347023338410274,0.009146807845536838
0.16849857659766934,0.12639180812004472,0.11340991326557757,0.09833947480444846,0.08443137072314158,0.07102877401160008,0.05934057893896664,0.04906082051827809,0.04063680625764912,0.03477192305645719,0.02913152503591762,0.024252713776406115,0.02087213324110041,0.0173485473314532,0.01443522854254244,0.012207005267918904,0.01034294684190922,0.009193915287607091,0.00770566168254137,0.00860027669877082
0.1702297081187473,0.12861028084302784,0.11458309090244138,0.09989593480797813,0.08470175181947849,0.0712464217200347,0.05922074122344759,0.04858148836497958,0.040149880474643664,0.03376134160978546,0.028662812154016483,0.024031412394064627,0.020404092122630682,0.0166437811904659,0.013894199279855574,0.01153029028536471,0.00986291987645168,0.008533013269143176,0.007118325115618753,0.008338514427824305
0.17276184489928945,0.12972727590180538,0.1156595613068009,0.10129419648573189,0.08561185412810933,0.07099373604244923,0.058951373265023435,0.048468764186192684,0.039723833801425724,0.033198808733955566,0.02771472803249875,0.023249974641531022,0.01977461725340344,0.016247711502102673,0.013545579561572856,0.01127911443237769,0.009321939482221632,0.007856968257848238,0.006907480665206681,0.007710637420453393
0.17532194301737483,0.13154634100097964,0.11649489165451188,0.10132702225785047,0.08656828618044111,0.07224862000661932,0.058466149207262626,0.04726654037863126,0.03930174580180984,0.032820475293170635,0.026858105579680373,0.02298963362610204,0.01929412860424002,0.015613591874545751,0.012939257007239663,0.010868643257366478,0.008821313517532028,0.007407641479465998,0.006529501672290863,0.007316168582885255
0.17655149958635535,0.13261878577859884,0.11849838695208696,0.1017781735181057,0.08672084469887008,0.07223497672626025,0.058627895927676976,0.047115617825591476,0.038816145762385255,0.03242541937584515,0.026747357824196037,0.022665731951638474,0.018519318366818062,0.015409508178202752,0.012369469372024332,0.010351082951528826,0.008719761581218875,0.006998734147775789,0.0059720980919188114,0.006859191382902026
0.178224813530484,0.13383601316626817,0.11968941963076624,0.10202860888507098,0.08708280093911845,0.07141088759323475,0.05852542448919233,0.04717525060605709,0.03844869325951538,0.0322277810916837,0.026759559418517515,0.022007473734757192,0.018303837724581735,0.014910915009113705,0.01182538245151128,0.010120613251672789,0.008540461683401432,0.006742644651992805,0.005680902431040758,0.00645851645201972
0.18124699689589185,0.13458894259145646,0.1207193816390423,0.10318541019284709,0.08688676406284032,0.07164886833892804,0.058130119824893065,0.047013854597388674,0.03854447753054643,0.03154984279945001,0.02646056851566436,0.02148601488708329,0.01758218737374493,0.014251963136429466,0.011453776720352613,0.009285722598805245,0.007757776480935589,0.006444308109752755,0.005466688613226792,0.00629633509072076
0.18314472801652287,0.1361428220402579,0.12156741643921132,0.10393215521420655,0.08748729902576058,0.0717613345818474,0.05824683388785953,0.04713306636383561,0.037990025169512345,0.030978755337729705,0.025229281639538043,0.020884386269001652,0.017069113222959377,0.013723693210872698,0.011067280298049528,0.008972034613060254,0.007265289316571368,0.006141294602833065,0.005302864277223254,0.005960326473146985
0.18521691061121429,0.13682143325514495,0.12181954909684906,0.10441225051503096,0.0883993950772837,0.07250772338896165,0.0584686690206195,0.04723510145403897,0.03771138679030729,0.030581466190563934,0.024905750583923067,0.020028519682398976,0.01639466725100475,0.012903579236741585,0.010577847278594798,0.008648867595963419,0.007134900753829326,0.0056923161202607625,0.004953593264175594,0.005586072833093455
0.1867657970350525,0.13823972219594013,0.12247381062647006,0.10529862774488372,0.08963729107843282,0.07217660211241303,0.05855862585257593,0.04710020433604065,0.037391337546208006,0.029715871648415854,0.02445724795373474,0.019464211314340535,0.015661336666450875,0.012484251517581028,0.010472429573782574,0.008322834345054021,0.006667895006797372,0.005504291720821528,0.004584696541890548,0.005022915183113977
0.18834167051161618,0.13953681359352854,0.12420791274011572,0.10610566917058632,0.0883851544010011,0.07234424635117058,0.05798958378283283,0.04642652052539158,0.03780110933708645,0.029326729978324445,0.02389622287650908,0.019041628355479134,0.015365414042972704,0.01232652085732969,0.00999797517766986,0.008046179226650647,0.0064628345520993434,0.0052695171296649745,0.0043749439854478345,0.00475335340452299
0.19015061730854135,0.14120248184923664,0.12430160642970248,0.10705381655694872,0.08862751346990802,0.07176647511677238,0.0580309865981469,0.04608484631191761,0.03686920495174736,0.029660355811398052,0.02333124188734742,0.018303472132312173,0.015245977286232646,0.012090549651923634,0.009775020167514862,0.007741669903428312,0.0061432076141912885,0.004850162834008904,0.004212769771634017,0.00455802434708708
0.19046323875735524,0.1422387772566554,0.12576537550665698,0.10736651121445115,0.08892121027178707,0.07276623126778689,0.05815029553611115,0.04575834367101621,0.036719781349714424,0.028702825338490008,0.02301765256098127,0.018360719900758257,0.014518087075353413,0.011639014746953424,0.009290646995217028,0.007307138639936847,0.005854334861320259,0.004761415123753675,0.003995210391195613,0.004403189534505749
0.19315999249664256,0.1428841777100484,0.12607134497681763,0.10737603274916706,0.08951571803976448,0.07285062840618396,0.0577957725553082,0.045463373821582755,0.03607753690672431,0.028535998685252407,0.022661135430621336,0.017968216973192102,0.01420491801918004,0.011258356200313081,0.009037229601077031,0.00714312986286452,0.00550467548809174,0.004540195253296414,0.003859580974008835,0.004091985849863129
0.19457117242753258,0.14350698940797554,0.12738984626622837,0.10845535743932001,0.08919879138028357,0.0718331839160607,0.057650164358999896,0.046145034365972705,0.035958096755985,0.027929408639638744,0.022195105754225196,0.017672742969087225,0.013904107314805595,0.010983829730716875,0.00857489125742936,0.006670651127270312,0.0053109539462761896,0.00442939203771956,0.00366902413919049,0.003951256765282067
0.19510492872406202,0.14510318806271022,0.1281872752681862,0.10841336231120043,0.08964405962013795,0.07223247278351645,0.058151351333429475,0.0458042601443257,0.03576810412138874,0.027873790447582054,0.021875968760930946,0.01678163320452439,0.013333465955150616,0.010647874155157583,0.0081446373539295,0.0063923715930698476,0.005092677783690501,0.004134485153816441,0.003439878385793551,0.003874214837397363
0.19661127068233686,0.14524001703811862,0.12874221227042879,0.10971355077375931,0.08958271525955784,0.07205234746491689,0.05843179697457377,0.04538470845425482,0.03577341954046802,0.027496341279483156,0.021393777771884784,0.01698342429721904,0.012796820435134993,0.010012380811896187,0.007718532931799462,0.006019693280716264,0.0050103339172921976,0.004165057603094705,0.00327834617545616,0.003593253037608166
0.19784342781473657,0.14604819265112684,0.1296249894212468,0.10939841326998805,0.08993018852582793,0.07326305169235163,0.05766789518488342,0.045496106189109965,0.03525089483806625,0.027360389497247874,0.021184057030680884,0.016361804975913635,0.012498693212837876,0.00972249648619452,0.007540369351982913,0.005724972329300409,0.00482059264249788,0.003725380544718671,0.003088166233283496,0.0034499181080045065
0.19910234701958673,0.146982805753727,0.12955992140151829,0.11088118441152203,0.0908206781604244,0.07305815028480353,0.05698886963321813,0.045248801306882004,0.03488387505094655,0.02666284498669591,0.020792810823527852,0.015993067958527046,0.012515449638321064,0.009369190853151394,0.007265057805670885,0.00563476889329229,0.0044816377113659645,0.0036018781458445875,0.0029391590757719857,0.003217501085202476
0.20022010222820358,0.14773533370017045,0.12922553185847158,0.11013066912403287,0.09140540576376134,0.07349723877776969,0.057712196447868264,0.04497676330392008,0.03489316423471383,0.026654247243749964,0.020644528271866032,0.015483396203899519,0.012152029647504954,0.009181975483793977,0.00703233248695629,0.0055804533310350795,0.004183268252905418,0.0034026345971532577,0.002797684948852752,0.003091044093371079
0.20150397111315388,0.14801030253339625,0.13041649067885744,0.11001184294433818,0.09154678791191498,0.07335171888328487,0.057727314136169015,0.045440466429807785,0.03477519110205636,0.02672861437551243,0.019851424880121246,0.01539085857205562,0.011672339685458026,0.008924445327834233,0.006915285679975487,0.00515457940984041,0.0038179002376870644,0.003108979933248858,0.002711454528890988,0.0029400316363967635
0.20242693590642233,0.14905953333764171,0.1313637470856387,0.11075815648317995,0.09104406630244403,0.07346427452910385,0.057490177753253185,0.04430160552929109,0.034398991179448425,0.026072244675439157,0.020492910251757725,0.014878777484477437,0.011816523247779109,0.008540507757545019,0.006500661997060363,0.0050043332223100425,0.0038742155873380405,0.0030340841490230754,0.0025833627462189925,0.002894890774627698
0.2021825051579706,0.15076023101079652,0.13252628700688554,0.11115033102156821,0.09123269283352803,0.07361356235551467,0.05745606403340873,0.04434280411311906,0.03385120186929827,0.02573268040468318,0.019915981008725058,0.014907985118529747,0.01093406912094923,0.00843835707242702,0.0060321327069195515,0.004969880765948278,0.003816483962647178,0.002956407898116616,0.0024708543587958934,0.002709488180168535
0.20397025209527278,0.15122072415278104,0.1331897836817173,0.11197369728691155,0.09198496041342297,0.07266869844635103,0.05715705436114883,0.04441812700831485,0.03275913472686917,0.025669990393215634,0.01902640209361646,0.014174975983039056,0.011039520323317984,0.008280054328021993,0.006300725477854703,0.004768609003875841,0.003599231457249808,0.0028654718918739853,0.002385132673004936,0.002547454202139994
0.20692500534362407,0.1519942073458675,0.13303718333849748,0.11191454178216906,0.0912144193344744,0.07253244698213654,0.057351583949576096,0.04373155621243931,0.03322325744006443,0.02508935036444344,0.01879133023927837,0.014022663593599584,0.010644167662210059,0.00791519130173995,0.0060975306657741314,0.004409111168919827,0.003426547124136115,0.0027240055474273563,0.0023661070083493088,0.002589793595273088
0.20702814938545952,0.1523765491938972,0.1338003078916712,0.11250142926031424,0.09177094052785688,0.07242911283119481,0.05738086597432465,0.043550597472239175,0.03303621289930216,0.024840129983975695,0.01879166604524913,0.013682785408785023,0.010549183954502295,0.007773518996319552,0.0054933309470900265,0.004296895066607674,0.0032943414548461457,0.0028369781542739443,0.0022304746469934164,0.0023365299050971153
0.20807075787395057,0.15287358606842533,0.13388697824516763,0.11304826087244628,0.09221120012722898,0.07337700203433856,0.05714867900522833,0.043292646561835305,0.032512971393356266,0.02470197271203175,0.018121848266173655,0.013637357612866031,0.009875156551299124,0.007448197257950157,0.005673949201174217,0.003982532519597903,0.0031790681801615534,0.0026307244763400447,0.00208403740002253,0.0022430736404058073
0.20837308844186478,0.15369821897113775,0.13441367840767537,0.1133385014974424,0.09240081100421403,0.07302847790941133,0.05749748217645969,0.043160796162306864,0.03249483183589092,0.024202578781373406,0.017800349844955078,0.013183787866740881,0.00964392674458668,0.007311627044075164,0.005463014497362909,0.004093119715883492,0.0031439664996952108,0.002545983408868039,0.0019827860380058834,0.002222973152050039
0.20774341192328455,0.15413301009779865,0.13456831828102286,0.11476020626136371,0.09287888271782796,0.0743160223482929,0.057054714900297065,0.04344139865605553,0.0320536385524612,0.023969438345140048,0.017481544774414052,0.012884711555339184,0.009370849851132816,0.007052562204625316,0.005201243926914325,0.003924529801587697,0.0028167194905066124,0.00238949219565023,0.0018645656356910316,0.0020947384805942754
0.2092319716255218,0.1535559996887021,0.13465623928878348,0.11460401408788869,0.09310789620531096,0.07380079910849562,0.05738645489574002,0.04339129326089583,0.0325024878999475,0.024281241151603766,0.017563497333269305,0.012488347024372308,0.009309133780299806,0.006651510209082947,0.005013884220339348,0.0037339197215539043,0.0027453831034751123,0.0021641831822931065,0.001814800893491389,0.0019969433189330438
0.21044655485956756,0.1539307493813951,0.13618581664121582,0.11436819493257454,0.09296297645823466,0.0736479301995104,0.056585367469500374,0.043082059962436525,0.03207470295373464,0.024313572207003246,0.01748324715375519,0.0128606872062248,0.009009934114856788,0.006568639466823898,0.0046606534189718735,0.0035609114608349418,0.0027013239965682748,0.0020537349820629433,0.0016678315539817618,0.0018351115807465658
0.21064521734812944,0.15612819939922049,0.13522007894540855,0.11448242761268748,0.09342535355792227,0.07406469551401407,0.05665532964259413,0.043016144915303325,0.031871105483975065,0.02364886671135274,0.017068427629237933,0.012588234320564698,0.009000107577600688,0.006383489320854331,0.004519914268927452,0.0034755840222437375,0.002497455375983714,0.002020803852933144,0.0015987686502321194,0.001689795850814693
0.21088807090923248,0.15684345955719817,0.1348159628564379,0.11410153876213516,0.09356097674056633,0.07392946498500644,0.05698205246660607,0.043139319818454876,0.031912797407633704,0.02366180018445938,0.017151079517888752,0.01241540782246861,0.009039171952901595,0.00624413215504523,0.004598237866497108,0.003382859186623549,0.0024688414328221794,0.001890957019639791,0.0014637530694934983,0.0015101162888892202
0.21127243399185522,0.15667401424580218,0.13700944144597707,0.1139978834997441,0.09335289743585497,0.07427955358074415,0.056739761554219996,0.04271753333322292,0.03174584773453324,0.023240100227383015,0.016893911666752227,0.012379373562295163,0.008668045648836503,0.006243510144461906,0.004681804556603132,0.0033039264557563684,0.002345042537018053,0.0017952161794686221,0.0013414438241416832,0.001318258375329357
0.21189762775837243,0.15620871753273627,0.13668945651993977,0.11536245799327896,0.09295611435760757,0.07410565000744948,0.05728640720446304,0.04276325591404969,0.03211548330491499,0.022648037479100103,0.01662886751535418,0.01213766616451736,0.008705944675285975,0.0062244441869319786,0.004380287052825003,0.0032430016388829115,0.0023308556955319746,0.0017282765242438794,0.0012465442746701543,0.0013409041998443886
0.21297577740107002,0.15728300312549665,0.13713613127085872,0.11535863749536471,0.09251503151983897,0.07393421889071357,0.05662148381628435,0.04292425968109339,0.03174663611802723,0.022630052444774076,0.016526394554219427,0.011876225035757798,0.008611670286592151,0.005984465222228109,0.004372053292366372,0.0031552948031996625,0.002224929808761986,0.0016339328283095842,0.0012697330084229497,0.0012200693966202265
0.21266917374161895,0.15797718462437763,0.13749335558900525,0.11552250323319935,0.09282801035286169,0.07395539923595484,0.05666916711790702,0.04280904997756217,0.03116125261015647,0.02279384855876309,0.016779518158078197,0.011904466203338017,0.008327661780023216,0.005774220844490148,0.004242487468765059,0.0030286922640012847,0.002136147086146341,0.001531733375725089,0.0012137952047637736,0.0011823325732623934
0.2139146070094572,0.15790815650745713,0.13761457257145884,0.11556431958462478,0.09258523404593497,0.07371221754218653,0.057393904474290706,0.04286537391718986,0.031058769768735593,0.02255026623221807,0.016255397493973346,0.011758589631513418,0.008276709316803094,0.0058710164507669105,0.004081233939971919,0.002794776020556837,0.0020563458634665827,0.0014702376221886672,0.0010530080267026943,0.0012152639805027945
0.21354127838494685,0.15830794488594668,0.1386333477463508,0.1151815460363374,0.09388175693025921,0.07333906540693579,0.056961238923099095,0.042452134700416325,0.03126299449489001,0.02289350436780695,0.016071342779658097,0.011533727289143352,0.00817565989254847,0.00550013998850272,0.004080374937253674,0.002758353337607538,0.0019416156826883096,0.0012739782081802984,0.0010917446543443658,0.001118251353084138
0.21425201347559406,0.159012010495733,0.13805034309789666,0.11593977369610385,0.09291041378682405,0.07439885440895287,0.056628949350638606,0.04225443047404622,0.03139780318017399,0.02272475188517603,0.016064762314689885,0.011162890796367876,0.008118466033722096,0.0055259868720563534,0.003767868819892229,0.002567646985787718,0.001832614579798197,0.0013326601054539733,0.0010528842572282322,0.0010048753838640524
0.2160398482538276,0.15939136158122946,0.13781350567394413,0.11524671982854134,0.09338276880537923,0.07386711295299771,0.05640373478155893,0.04244460834736248,0.031683793786609425,0.022436141254915706,0.015652544923548107,0.01116597816416237,0.007813869494322747,0.0054573056785746175,0.003646472430683949,0.002563279939936563,0.0017347617141893258,0.001273371325000744,0.0009790075641564163,0.0010038134990590281
0.21539414147802435,0.15963669415521953,0.13896150554048037,0.11665389091884397,0.09399363254521043,0.07392605077076664,0.055777314576438426,0.04246294343296211,0.03104589501149817,0.022103975271891643,0.015479901789542873,0.010857454110783118,0.007516444291393009,0.005269789026322456,0.0036340518104862663,0.0024751286818573883,0.0017830860136190025,0.0012450145610413096,0.0008576031151853697,0.0009254828984336331
0.2152321003956454,0.15979375472631627,0.13877540214022496,0.11683205671083138,0.09430624709388426,0.0745537612790384,0.055938073466605114,0.042122751018071274,0.030988087614527846,0.022098889843115258,0.015352564579889438,0.010783861108766914,0.007467786586445461,0.005066776540592954,0.0036089613439037353,0.0026442550332683016,0.0016447994387163284,0.0011417621858292415,0.0008571490032747061,0.0007909598910527208
0.2154690376133087,0.1594881692474857,0.14003734373268634,0.11648995374206364,0.09473863521722377,0.07424423595020613,0.05654648203184305,0.04225894852088719,0.030589445516684764,0.021855510515948823,0.01528645355269882,0.01054985256006338,0.007323208517943349,0.005219522602219786,0.0034631433235260568,0.0023087622156840364,0.0015959566892085211,0.001035304546574647,0.0007657284425943476,0.0007343054611487917
0.2156979573191924,0.15908481544373937,0.1394706441180657,0.11666219799207551,0.0949626451905476,0.07411379562599511,0.05716262334369405,0.04202209180312674,0.030663383018374527,0.022032220798866606,0.015056123242735094,0.010761230441273343,0.007426275144569899,0.0051191150038232,0.0034077781418920036,0.0023501918219944844,0.0015325898782865448,0.0009086305001936423,0.0007911209090939183,0.0007745702624601544
0.21686962424563525,0.15967946223830062,0.1395796253218209,0.11696813662590962,0.09347914269394107,0.07468728528026354,0.05676796609187315,0.0421384637035688,0.03045771004246794,0.021593251488033635,0.015298393172015866,0.010702252539384255,0.007304817172611905,0.004953765408081326,0.00332458587547704,0.0022434331978443177,0.0015861321059297828,0.0009404207058122299,0.0007814763611679094,0.000644055729860841
0.21739843078690788,0.16057198959597485,0.13973082647761492,0.11803866575496239,0.09402364581281032,0.07380665798008933,0.05583968132292044,0.041809810313627384,0.030539886787517154,0.02125010554688185,0.015091134558615363,0.010215282526237712,0.007389109548557361,0.004981812823573628,0.003245049230376972,0.002168884944792772,0.0015165638239925032,0.001011594428449148,0.000725169164747507,0.0006456985713505197
0.21777851294351175,0.16025804317260772,0.1387742949301133,0.11665867173931024,0.09538003473658098,0.07413282606897695,0.05690844429741131,0.0416971300967662,0.030296915060789013,0.021634273426515586,0.014867256637168143,0.010177818211893145,0.007412124720866759,0.004922669754362749,0.003180878339260607,0.002120585559507071,0.001475477627987759,0.0009676618972789676,0.0006798445124472746,0.0006765362666446116
0.21902440073236937,0.16041170136930566,0.14065360817580827,0.1162330283999848,0.093778995820467,0.07339074746986916,0.056713964139044316,0.04198222664745877,0.030186251370711525,0.021064714122918302,0.015092298710083971,0.010429812127757756,0.00716987560637962,0.0047336064556997605,0.003289707631162414,0.0021319422506628207,0.001389318456599511,0.0009427518098353824,0.0006896973766690428,0.0006913513272126137
0.2196076615630369,0.16098509590182777,0.14030820213218062,0.11752790074297251,0.093555337644878,0.07328358134912435,0.05625953933388785,0.04202185096563276,0.02996694408937498,0.021141561647867728,0.014654401198545478,0.009984571703545199,0.007103961583045741,0.004772354080230448,0.0031336143388900556,0.002159630779203383,0.0013361268526771318,0.0009177604000443166,0.0006614489369688772,0.0006184547560659
0.22043017866771644,0.16140135563840383,0.1406731217725849,0.1163804653101461,0.09420496008839108,0.07375791037172545,0.055737314459812184,0.04150278041502779,0.02993453371397949,0.02108219508887073,0.014593457341056531,0.010061430466467958,0.006895627751883106,0.004704045412894114,0.0031873050318730507,0.0019616729464459978,0.0012835229396644977,0.000894827204070223,0.0006979982996629097,0.0006152970793237023
0.22019264187478277,0.16118034523277552,0.14122105820631214,0.11753305860351193,0.09422074375651653,0.07398341691077902,0.05568409380533903,0.04114161825794813,0.0300680204557867,0.020867881435877075,0.014511030567830128,0.009829038611124899,0.006762325604488356,0.004518147063204407,0.0030766430001820484,0.0018900087714942987,0.0012395941942637731,0.0008672194363073662,0.0006123496019727587,0.000600764609503004
0.22012232051549366,0.16289379362384454,0.1417607402774055,0.11770701986053611,0.0939246815397294,0.07325661824812928,0.05555555555555556,0.04092243436359245,0.02943171927176931,0.020881528476917623,0.014470953841876905,0.009837600982270805,0.006799445321471952,0.004395066141112072,0.002933905221457719,0.0018483768372071464,0.0012741720363916775,0.0008207653637016516,0.0006006811028703621,0.0005626214186664549
0.22126814412684753,0.16268226882272127,0.14194706963041423,0.11753918469355668,0.09363776295536172,0.0728280838808984,0.05530545027226537,0.041200615700359156,0.029376520630927373,0.020961949055760605,0.014235588142802765,0.009733693043579008,0.006456578228702891,0.004619407802181434,0.002959333984342675,0.0018901338982770318,0.0013356725533358713,0.0008854830434134956,0.0005428755854946291,0.000594183948757841
0.2209994853472913,0.16315483765272032,0.14193658353343008,0.11764365181675716,0.09442636080960998,0.07287217582257555,0.054920559796521884,0.040900824271749854,0.029556951865905675,0.020784688171758308,0.014006496869885542,0.009665872898984096,0.006576301814854107,0.004542513457920109,0.0029919360043422793,0.0019311887815638502,0.0012163014176944551,0.0007810806383017451,0.0005444396822060892,0.0005477493459277068
0.2215978702127801,0.1626727637565314,0.14210833040840787,0.11791809325766052,0.09438348090409997,0.07277766372408132,0.05485559698280143,0.04080933238852723,0.02960576420023709,0.020966748564579047,0.013888980867676379,0.00954132754087721,0.00657114853544016,0.004365865126721017,0.002862563824080635,0.0019105833736200424,0.00122681306746313,0.0008410540327547498,0.0005910556883729247,0.0005049635432877927
