0.09578909698198734,0.09733985446737442,0.09793629965406177,0.0976380770607181,0.09698198735536202,0.10026243588214244,0.09996421328879875,0.10217106047954194,0.0995467016581176,0.10664439937969704,0.10085888106882974,0.09889061195276154,0.09883096743409282,0.1020517714422045,0.10032208040081114,0.09602767505666226,0.1060479541930096,0.10181319336752953,0.09871167839675533,0.10062030299415484
0.060260857038375,0.05125164836382575,0.05194423820658015,0.05252047295575182,0.052365332830974845,0.05038175552132623,0.04960051417869926,0.05037621480258419,0.05161179508205803,0.05174477233186688,0.05059784355226562,0.049046442304495744,0.05062554714597577,0.05214924480003548,0.05088042020810937,0.047168138650945796,0.04639797874580289,0.04494631043538968,0.043688567280947686,0.045478219434625065
0.06345931756731288,0.053127216775356485,0.0540798947256596,0.05305182499511668,0.05339108800619582,0.05229790719271851,0.0508860247627729,0.05100939313043808,0.05015266835498562,0.05152342799570954,0.050097837969356664,0.05070439911037699,0.04995390820708064,0.05018351044690189,0.04851461058432055,0.045800506495687246,0.045588038751375036,0.0418047421429771,0.039714333690873155,0.04493007412382758
0.06605423321999028,0.05504186073091978,0.055021859016487124,0.05507329199645682,0.05388461868160129,0.054116067091465006,0.0528702460210875,0.05143297996971167,0.0504957567791525,0.05106723433437153,0.05042717947252621,0.050395748206989194,0.0498042689373375,0.0489241935023002,0.04699259936565991,0.044392376489413375,0.0423350572906249,0.03998342715089866,0.03734891562133897,0.044409520816069935
0.06874132663694638,0.05596956126126584,0.05761146383493542,0.057143801182373194,0.05563660578580035,0.05421582631415748,0.05403282788489399,0.05139460052967879,0.05038048423417698,0.05033727627171201,0.050060236982965876,0.04975778124571097,0.04843104263355074,0.047775298262023244,0.0456860661945985,0.04323083726864678,0.041606726208933374,0.03855675238787534,0.03657681104903849,0.042880090279225125
0.07160343707594255,0.05819773127096448,0.05805209245983952,0.05800585791662526,0.05655871671401855,0.05537973586205461,0.054279353733554914,0.052638027449448316,0.05036791137762758,0.050060451665252664,0.04906178553182441,0.04833590320336032,0.047848128772449774,0.04637787029823592,0.04427651030914729,0.042639807479362066,0.039703913985255794,0.03785222052952422,0.03622707633554257,0.04253809148429067
0.07383826230673389,0.05872807224118071,0.05985844633506174,0.05901494748470355,0.057646937927904394,0.05592140474671486,0.055092891916540716,0.052153491100444885,0.05150266965245275,0.05025026653707327,0.048833017199669426,0.04746072592281771,0.04712675175871651,0.04592358842394167,0.043692812276547734,0.04090969424237105,0.03841559231174349,0.03706470963515464,0.0355425581564626,0.04102315982376442
0.07651710257923047,0.06123784535893569,0.06099621240342232,0.05991691853546266,0.05779860295879555,0.05628235616294922,0.05523326641442872,0.052816936859295144,0.0509845536133188,0.049454211561734185,0.04915821119123033,0.047374154536356704,0.04608141822436022,0.04488332148660648,0.04235422988556666,0.03915460683297726,0.037825625577653794,0.03678257665302112,0.03473071013912017,0.040417139025534565
0.07970993629424039,0.06323358074738622,0.06126041048851316,0.06041778233321626,0.0584849200271023,0.05669601469512791,0.05561345824959837,0.05344642593221738,0.05094157458218888,0.049755369115278836,0.048004852309741664,0.0463771787888036,0.04554798661775967,0.0438627303071658,0.04102965705609907,0.038522886279748716,0.03750559032916242,0.03597196869799553,0.033993040160156925,0.03962463698849688
0.08188492118458597,0.06422140344072916,0.06261277483816755,0.060978289977929825,0.05920344257602202,0.057653913991005716,0.055531853986019154,0.053079203257888466,0.05128404022494943,0.04964955536471175,0.047944889233638995,0.045902244877228944,0.04537588534596597,0.043106075297116096,0.040295130712616936,0.03804933004589485,0.036555207727327295,0.03503892290218024,0.03294271915486976,0.038690195861151896
0.08457271455944897,0.06601884506566294,0.0639624968094247,0.061483734357193426,0.05986777536911811,0.05825541139547674,0.05632129362999392,0.05365019790554459,0.051493189245154815,0.04907733954551828,0.04668485743970262,0.04603415982715171,0.04490892030931503,0.04246071547977265,0.03951819616555761,0.037395340142290664,0.035276079133457726,0.03351452206080607,0.03141323612414304,0.038090975435266364
0.08692816103605791,0.06760961660851827,0.06521727632852457,0.06321807671355562,0.06104786972411401,0.05851625539686934,0.056342522482180864,0.05409650809993179,0.05148379749200937,0.04867892395813318,0.046826050240908836,0.04533634682411099,0.043786702678116525,0.04098711803211061,0.039074303585689675,0.03645983001514386,0.03439716374573144,0.03232215673795501,0.031116290303529283,0.03655502999680905
0.08936445452142826,0.06926458110194599,0.06671384457025219,0.06407964835653979,0.062001850022951416,0.05913466219693704,0.05713510731524113,0.054403541472507005,0.05120599240516893,0.04888998622915248,0.04632012352032939,0.044294487488002666,0.042698321069396715,0.04092828031325201,0.03817758829338862,0.035783338665479676,0.03343603510870624,0.03150602996202584,0.02967861067449333,0.03498351671280133
0.09200089664448045,0.07114529089216125,0.06857778390868022,0.06478428802979619,0.0630203124461151,0.05953891781908473,0.056838638479842746,0.05390557643894198,0.050986308928509846,0.0484394937407318,0.04644445977170054,0.04439942062972032,0.04196296168569161,0.03975928544332173,0.03764872228161534,0.03489326482049866,0.03235162258164637,0.030487636652067465,0.02865468841604305,0.034160430389350634
0.095292312855054,0.07332219303982769,0.06996640790595585,0.06724582495813829,0.06287645574301534,0.060099372331209114,0.05662544986354282,0.05390144264518053,0.050775083637808055,0.04808874339543819,0.046010211174764476,0.04400016436498613,0.0415295531669366,0.039271246742662635,0.03676981710971019,0.033718792054322634,0.031349196837343725,0.029316892269024394,0.02734108816469371,0.03249975174038551
0.0972953723314528,0.07525520418890988,0.07159178234844081,0.06838501030017907,0.0637077577643244,0.060042632006720255,0.05716471596553318,0.053954536083001214,0.05117033548424472,0.048186776580681316,0.045419615153275875,0.04336298717120789,0.040808815385690166,0.03852556642465362,0.03566128172054737,0.03294182997292477,0.0302734957393552,0.02831058319971783,0.026504431036509835,0.031437271142629786
0.09972882426555864,0.07719933369218412,0.07344668263948911,0.0692338648739975,0.06539291614947436,0.06083369982527249,0.05696048848988908,0.05431665243149714,0.05093077632331892,0.04773677784815178,0.045558202599008,0.04286002951179879,0.03978319525501896,0.03746368333738031,0.03451589952404158,0.03218110531704808,0.02998045564994728,0.027183796698006673,0.02523105972488484,0.029462555844032352
0.10328094825525304,0.07949826974952483,0.07475936717424071,0.07064101498985245,0.06593941325773696,0.06142262024859316,0.05773661874638648,0.053887849928534994,0.0502052394120709,0.048116392194629015,0.044861045881732585,0.04210926095161233,0.038904779424854916,0.036181817873546754,0.033409687028970896,0.03131914431865772,0.029220124143988033,0.02633609076990636,0.024508349454644716,0.027661966195263128
0.10597493422432042,0.08103597540767393,0.07667178443162376,0.07270326206789268,0.06722139180661613,0.06188155643181311,0.05752581991329108,0.05374329561518013,0.0496564108460545,0.047419361384096144,0.04465813555539023,0.04111233606806852,0.03784046100466009,0.035236488085978436,0.03269169636999411,0.031029550019952522,0.0277898018951512,0.025393808631662948,0.023388411305976953,0.02702551893460308
0.108709472345836,0.08313196328629172,0.07802084580478601,0.07378996696575667,0.06824884784855847,0.06263353237069176,0.05757300331691457,0.053057143001681226,0.05046870178290482,0.046846570357542146,0.04376067626610188,0.04087039076187859,0.037177435537695966,0.034487817463462515,0.03195165095333893,0.029413798162291057,0.027304260726011376,0.02418464101608544,0.02228251613349274,0.026086765898678126
0.11143067026549808,0.08539137291373926,0.08039243436681798,0.07449715766453364,0.06933478904041272,0.063107597645259,0.0579991440981524,0.053187223474624505,0.050137651931002176,0.04657757200190051,0.0431674433807449,0.03929566691265419,0.036417949677015,0.03326391767167739,0.03098937536013587,0.028308785124830253,0.02621620619821204,0.02354909473216001,0.021476733959422154,0.025259213581207897
0.11409058497470671,0.08765539231514366,0.08251769185233022,0.07582102303304274,0.06999212948014205,0.06319960176514906,0.05787522871596169,0.05337154235281454,0.04984326229684642,0.0457263749865461,0.042103917769884834,0.038893485631256046,0.03555860510171132,0.03279719621138737,0.029980290065654926,0.02731137660101173,0.02528320417608439,0.0227404208373695,0.02089219405876655,0.024346477774190082
0.11654904805320629,0.08988043366931459,0.08344289242724184,0.07740161089647044,0.07090194419118524,0.06428138469262168,0.058718637135243765,0.05361931195209958,0.048889381415083734,0.04551109946958285,0.04107332651632303,0.0381886901433755,0.03495480792317934,0.03176793956703589,0.02888162412751503,0.02660480985410591,0.0241231494587529,0.0216129449316536,0.020076599017074426,0.023520364558934397
0.11983262306115837,0.09171323019700192,0.08540050790475026,0.07889811860398367,0.07186701153611814,0.06508935330263971,0.058368763018626,0.053813397876065205,0.048653783856819885,0.04467077667800753,0.04080190539812447,0.037441610256117586,0.03415013234728869,0.031258130084712336,0.028069038791099413,0.025088077666122283,0.023288758788883836,0.020992613057482536,0.018563868267031002,0.022038299307967187
0.1223345554321903,0.09417484846756853,0.08682883795505852,0.08062162678912257,0.07265003136310422,0.06505915383351053,0.05883181661137594,0.0533927499236887,0.04850882695281445,0.04439807997423865,0.04060431838079168,0.036646193995055705,0.03339415874762262,0.03019411581203606,0.02736808208747455,0.024345819314976133,0.02202629133808085,0.019426675745754244,0.018239238430033444,0.020954578845502333
0.12587430139553557,0.09632375087848473,0.08862320538134602,0.08081891502961748,0.07309159666677822,0.066328101469161,0.059407315685552686,0.053769954151467486,0.04823466416786586,0.0436314045714668,0.03947659047555303,0.03647133630065929,0.03257086442890131,0.029292861684682578,0.026578762424282993,0.023299086375957963,0.020441082962417582,0.018674073826177168,0.017345470365784273,0.019746661758307957
0.1295718978364801,0.09718687195757632,0.09070417727174605,0.08205946876709995,0.07483713777483263,0.06616398171993887,0.05983189171188989,0.0530613747529665,0.048119867936431436,0.043655275932870476,0.03936304261610366,0.03492355139217292,0.03168722420518381,0.02783341783929143,0.025452190545038327,0.022702818482875416,0.01989320454959997,0.01791526311473901,0.016451050969643114,0.01858629062352011
0.13222837636585738,0.09991800672679503,0.09196465922591657,0.08377871856227308,0.07493683171299007,0.06787704355683473,0.06020314251769548,0.05337427419219893,0.04757450511202957,0.04223155569685916,0.03840297183782064,0.03415605495222637,0.030591857565971107,0.02706949348237145,0.02413446896805609,0.02199093053998427,0.019370492461638862,0.01675005438329345,0.015367882063553148,0.01807868007563461
0.13435618800342847,0.10225205130647044,0.09373104703093128,0.08438634567542327,0.07606082326267584,0.06758994254169862,0.06061441453182094,0.05341834288187047,0.04738179612745417,0.04190663318413221,0.037332023437774114,0.03356774449016827,0.029808477898018614,0.02641511325417154,0.023730161514800657,0.021345951102801738,0.01840704002031675,0.016428830400270003,0.014413863506877792,0.016853209828894898
0.1381284295814867,0.10446634626624407,0.09520334516744207,0.08591362547884723,0.07660219693604567,0.06775166406717055,0.06070296609744937,0.053505645972005585,0.04745221547206737,0.04139878497212916,0.03701025659865671,0.032349532591669804,0.02851374504453655,0.025312524004983017,0.022745869473009217,0.02021261317827645,0.017462268341476937,0.015391577632532558,0.013803491451721174,0.016072901672249746
0.1402679196074208,0.10708936720147066,0.09753869940608871,0.08718657697053485,0.07755910310546978,0.06815703835795303,0.0602627101522597,0.053022903236040066,0.04698694797724536,0.041335023066866365,0.03641108612131017,0.03171422799046937,0.027698606303774687,0.024223966499196035,0.02192646319736989,0.019341771982815482,0.01678546562010048,0.0143644047279145,0.012965198501947705,0.015162519973752363
0.14381046824609792,0.10887742602144986,0.09905417454854543,0.08928925592286732,0.07818601511654066,0.06855942867142774,0.06035949700419163,0.052737893850884586,0.045931283905967464,0.04019966500279164,0.035488037599686675,0.03114640711327406,0.026778110182415153,0.024074799376671858,0.021011491570903578,0.018413179890167577,0.015884867626103114,0.013638219681502658,0.012168231931400568,0.014391546737110525
0.14575228248634672,0.11120690373952562,0.10141993579855751,0.08982031933964232,0.07896110393129611,0.06902238712636012,0.060614499520573635,0.05246675282444659,0.04538625088589653,0.03936132071538752,0.03485387918455832,0.030513194647100516,0.026701129778630088,0.023457706257556173,0.020189269187476544,0.017616208779755695,0.014876391378663437,0.012983699503897944,0.01148288656355526,0.013313878350773339
0.14821506624891975,0.11277664888239354,0.10365094777162721,0.09080322852957765,0.07977063959987055,0.06990754179971505,0.059680750609770315,0.052158303387019836,0.045209757660083505,0.038895172887825624,0.03418717864018712,0.029907942196107488,0.025927334728047435,0.02252062875580158,0.01935916557391818,0.016920084216707876,0.01423576006913511,0.012443986213017552,0.010779004547835692,0.012650857682438947
0.15116310066877034,0.11479558684851532,0.10484566965341899,0.09276148522340665,0.0807556072415137,0.07004261870091269,0.05953455980113494,0.05200547811917908,0.044193160348280414,0.03860674501754398,0.03361679156822824,0.0289600570470805,0.024708183523656883,0.021479292109708996,0.018575289150724917,0.01624442274818979,0.013793597531514183,0.011677657337647406,0.010518055467622786,0.011722641892950086
0.1540962202059768,0.11608843945268262,0.10564304461942255,0.09389697163489079,0.08187277668971583,0.07055970795528732,0.06005269328643564,0.05145755892188604,0.04442123985770814,0.0378928680869206,0.03253194239044992,0.028128622247092203,0.024231583996162917,0.020487762633731695,0.018087919847582498,0.015383308685399093,0.013085055357927972,0.011214810077674303,0.010082337423558093,0.010785136629494917
0.15650596595163999,0.11725715997403936,0.10687790184886256,0.0950791299861876,0.08248323376212745,0.07085753274200796,0.06037343362566776,0.05125393153716861,0.04385182473248905,0.03793413323126589,0.03172688089730575,0.027415087117871228,0.02367908671847698,0.02024762443627166,0.0168594298647052,0.01467108219200879,0.01253265880081876,0.010747033665607166,0.00950059077066449,0.0101462781448137
0.15861639554958434,0.1189985066501516,0.10840521224047428,0.09504830495635655,0.08384235419861054,0.07112640532211903,0.060351644765867046,0.05144482014041152,0.043298821468943496,0.037197230393748254,0.03143193437917768,0.026547331864955892,0.023076167501577434,0.01949013007293607,0.016476793143576352,0.01389131676164505,0.011810282970650758,0.010248675213888647,0.008840231544143722,0.009857440861181727
0.1602611238841179,0.12094614153526732,0.11045693352454022,0.09621623240291867,0.08374896438826539,0.07178577726611811,0.060423161768375665,0.05097538820883259,0.0429234029952054,0.03677461428661741,0.03079218890888946,0.026009243146662597,0.022493985965589415,0.018933810685184013,0.015546653268873088,0.013299084668953607,0.01112637956792116,0.009615800523711767,0.008561057006058952,0.009110055997897168
0.16206879345331165,0.12299657363361165,0.11160307375004158,0.0982019892884468,0.08411064169521972,0.07148464788263865,0.060165995808522665,0.050479025980506305,0.04282126343102359,0.03622800306044378,0.030110442101061178,0.025227038355344122,0.021521240145038416,0.018083230764112973,0.015169156049366288,0.01262765709723562,0.010957719304081702,0.009409201290708893,0.008140115099298094,0.008594191809986364
0.16413527424295055,0.12487223933084153,0.1124775847541428,0.09919213708906766,0.08513721703608541,0.07188500791908409,0.06003712745819837,0.05026998010672898,0.04251875069593212,0.035136469168753764,0.029354623731326173,0.02515327125480504,0.0212128413806628,0.01720094862816202,0.014556822128895764,0.011839570823867275,0.01034217423314515,0.008897959319341012,0.0074869829536106216,0.008293017744398891
0.16743993454661557,0.12613412622392509,0.11320475468284379,0.1003369119838229,0.08542032513835676,0.07244605417198809,0.05990913686675182,0.05026906396338869,0.04183129789272032,0.034845279906343125,0.028554371541081317,0.02392640485312899,0.020329462005108555,0.016860565666240952,0.014026913048105575,0.011459331098339716,0.009709916453810129,0.008308056619838225,0.007092446253724988,0.007895647083865477
0.17018329654780712,0.12773794755031642,0.11514949206080323,0.09991878951537767,0.08581407283035979,0.07199998671403113,0.06042790784187704,0.05023590898447036,0.04146883028669461,0.033782897304443,0.028274202468200872,0.023285321163385855,0.019485534071036748,0.016142452158056528,0.01352013405542574,0.011261519350183262,0.009057709266465055,0.00821238949810592,0.006717718001989571,0.007323890330970092
0.17226060384628158,0.12982861128641182,0.11596804729797058,0.10124223602484467,0.08684026970471982,0.07231374763344073,0.06022353605473809,0.049544956322449915,0.040769588467798164,0.03277144850034875,0.02758494702228717,0.023011259839904336,0.018787989504102025,0.015750489919287874,0.012847510545720265,0.01059554256485203,0.00886338725213406,0.007496595476135119,0.006461952369880759,0.006837280366692129
0.17516096604551082,0.13033971105037095,0.11719657381175903,0.10211935164953848,0.08685437038390922,0.07269600471890139,0.06051492518713603,0.04883065956616018,0.03987637807704769,0.03276645592230429,0.026944262131647374,0.022225360771640057,0.01849011772329626,0.015308182475263154,0.012476841659258766,0.010374936652072411,0.008543869997590702,0.00695871792102487,0.005817209035699152,0.006505105219869232
0.176868083439428,0.13206429091923136,0.1177361071227606,0.10309586371626477,0.08766883171853553,0.07255053954774596,0.06022750473484062,0.04827296584441172,0.03987889431304559,0.0322965097460532,0.02613665223114321,0.022033400337621942,0.018132655212308425,0.014633603840325068,0.011931300408831285,0.009731944114771539,0.008178285630816884,0.006500135281160728,0.0056154130889087715,0.006447018751794758
0.17872962114420426,0.13336653717169708,0.11869874157452603,0.10344323803831726,0.08789554072450774,0.07314307533950926,0.05964073446890461,0.048721652222996965,0.039228674834810906,0.031849121758475284,0.026143042135670893,0.021403194209250593,0.017541587807550548,0.014173058405551685,0.011408838861772422,0.00924394860045821,0.007892552379055019,0.006376797157751435,0.005236245309957831,0.005863797855032044
0.18052018342226636,0.13439731972387042,0.12019404774158846,0.1045579968322802,0.08705086614225517,0.07271145525844815,0.060387564209414824,0.048667997064712455,0.03936572553733362,0.031463028326852896,0.02537330282936482,0.02085581562144088,0.017067169605828072,0.013949256714802285,0.011035552176064124,0.00876767730431693,0.007210381089310439,0.006019995816219122,0.004998954054780967,0.005405710528849824
0.18243524424232077,0.1349098318663154,0.12269066950067231,0.10467196440029115,0.08789009717301309,0.07223232656498951,0.05969649391280129,0.048835200472186896,0.03883273011235993,0.03102539828334862,0.025018610596683085,0.020152499125426295,0.016766945590739296,0.013482527592592901,0.010675601963687368,0.00841911892710117,0.006759501352066067,0.005663590046273653,0.004743422459715724,0.005098225817415538
0.1836701837199768,0.13672358019097322,0.12189519214331122,0.10547674412814755,0.08809894886745574,0.07263984809782024,0.06045215463084217,0.04876571180080101,0.0378328046964861,0.0307621831290986,0.024742196174893327,0.02000687144912887,0.016192719251509984,0.013025877479074448,0.01014783574248995,0.008327067700371624,0.0065760100117345744,0.005563550115934956,0.0044963177995428994,0.004604202870406797
0.18539417187074858,0.13860223117405415,0.12281909704478941,0.10617654280841235,0.0884223834141874,0.07328464392134483,0.05882050397191456,0.048343210581153796,0.038006941725343954,0.030373366604062837,0.02449513216487592,0.01972518465918517,0.015564131322046947,0.012250884306789746,0.01001108286933496,0.007766304095352492,0.006321217390150181,0.005086837931286211,0.004197553805007865,0.004338578339958723
0.18587298295101012,0.13965404239432533,0.1244634338573858,0.10648193470776122,0.08935827767868253,0.07430704774546813,0.05902020160119467,0.047513170448417484,0.03759737835483469,0.029891732691749284,0.023925001037043175,0.019111461401252753,0.015140830464180527,0.011757580785663918,0.009271995685900362,0.007508192641141574,0.00621894055668478,0.004796946944870784,0.003982245820715974,0.0041266022317169295
0.18813108269983106,0.1402708325729094,0.12496059621657317,0.10713017682758896,0.08971619321292644,0.07336403786745066,0.05899949231335877,0.04727624457886895,0.03712914818145317,0.029374483603048774,0.023502905095780225,0.018741268951145952,0.014958505742168185,0.011700020241101382,0.009100200088264471,0.007293432923976414,0.0058881695739745905,0.004580793517538416,0.003802672489025009,0.004079743303015923
0.1902389744304327,0.14076366978199348,0.12613755876488408,0.1074837515302923,0.09014375624143613,0.07387040373175674,0.05903859488475946,0.047069967121524274,0.036557812702172766,0.029308623052091327,0.022951896567168638,0.01814453922027251,0.014123478416657545,0.011220484849691287,0.008848324392113147,0.006930689784448583,0.005485828414832807,0.004332925255380492,0.0035681938071682393,0.0037805270509234847
0.1908211479531379,0.14303921032438552,0.12706770281759472,0.10801525389178086,0.08975499969339745,0.07372714360766805,0.05893564163629644,0.04611468261662912,0.036694526067018354,0.028807382326765402,0.023081372319920714,0.017540981161344216,0.013961189087600495,0.010795724800169708,0.008405882128716726,0.006766801406062777,0.005288479864498241,0.004255975021006419,0.003326223468520203,0.0035996798074867374
0.19272554250065066,0.144099844324819,0.12776638443977656,0.10877368078132695,0.09001473857677408,0.07349228006943213,0.058311048627356046,0.04641242483574527,0.03596610624706762,0.02890352615061201,0.022378100033323443,0.017152453915006995,0.013418902183265666,0.01038663481321465,0.008025809917122446,0.006389479739845054,0.005046594791927438,0.00392752400199609,0.0033091337728932864,0.0034997902778445525
0.19438973035386806,0.14477099875257396,0.12880626462992198,0.10987951487882741,0.0906479492017633,0.07314422597462406,0.057919995759082764,0.04654075339231964,0.035832437384348034,0.027731622830050203,0.021794338706818434,0.01669529838000275,0.013292624945538999,0.010009227308193749,0.007804281669794894,0.006096318519389771,0.0045738954978356405,0.003748904567766046,0.003195597397799692,0.0031260198494805712
0.1960907202273477,0.14576152033810347,0.12852805950302507,0.10993502219259894,0.09096893036149808,0.07374541764697101,0.058169976903780105,0.04625710254356863,0.035325776077754514,0.027957534789406574,0.02117457459349492,0.016034712308643752,0.012901054334976429,0.009792266662687418,0.007351661087429059,0.005763277839400858,0.004756859643625161,0.00350505447425012,0.0029081672411706287,0.0030723112302674877
0.19692193522845297,0.14719947787858356,0.1300267852262167,0.11054993365811318,0.0903823313582611,0.07292472473500516,0.05830631896119041,0.04617097157320548,0.0352978593353222,0.02736168006480136,0.020795406921753013,0.015705054406973108,0.012443452030923102,0.009577747556282927,0.007054933732654618,0.005640302737658835,0.00428861785251064,0.0034603795650423813,0.0029601236394115535,0.0029319635376376324
0.19812604976530024,0.14741896599465107,0.13114998731576774,0.11033623992929992,0.09118056211874764,0.07256209885079198,0.05840218467247321,0.045451003214996906,0.035152733078985456,0.02761183264772156,0.020470526984253317,0.015655492935794567,0.01173415838875431,0.009213892633362683,0.006968866427573035,0.005431835930699325,0.004168386913851678,0.0033028745952237647,0.0026280402778261387,0.0030342673239254457
0.20074403700613835,0.14786533029703433,0.1315449465689876,0.11092387635650751,0.09052173812086704,0.07315147604933928,0.05802526674041802,0.04559590132802145,0.03500755481177655,0.02679594710470754,0.019972567159871762,0.015237333872923257,0.011819009598176895,0.008768889102660854,0.006445224712112743,0.005055338374297387,0.004010435757562691,0.0031114877920544277,0.002539279216223524,0.0028643600303187616
0.20253902433369653,0.14925793320902078,0.13070212336094483,0.11114275967369591,0.09119257303917833,0.07356082761727172,0.057308554716868645,0.04508374540865838,0.034778274218602516,0.02680780453553342,0.01972827868988199,0.015089740235222415,0.011453099590298317,0.008406005425152437,0.006493291424748369,0.004799173310104759,0.0037575307938673905,0.0029129557807019576,0.0023565298896753182,0.0026297747468759006
0.2038520696637511,0.15016382802941125,0.13162369388745124,0.11204380226726735,0.09095725570252339,0.07253964075385727,0.05761216714929296,0.044749307518208166,0.034477563258811864,0.026036984239727022,0.01994248220574284,0.015086417422891555,0.01121381751593991,0.007834605711712336,0.006197153249987171,0.004917324379498236,0.0036292171851380903,0.0026672759513035865,0.002203689814515875,0.0022517040929688884
0.2044561594640821,0.15019214435082362,0.13226915772724937,0.11293054490846438,0.09247433246188158,0.07276980924643986,0.05736018000804672,0.04434138612156503,0.03355613578752693,0.025358749480523128,0.019532330087603255,0.015148028140330776,0.010909428070460104,0.008028504585469883,0.005940662910428114,0.004632657420116462,0.0034140599000286437,0.0026093881680141337,0.0020067122205793962,0.0020696289403665394
0.20618208490142742,0.15127878656425556,0.1335444913745859,0.11198550923802632,0.0919663361320328,0.07304489785105574,0.057201421922575775,0.044212387680865474,0.03308105852764454,0.025105510032766475,0.019004223712727926,0.01455699031907161,0.010881317149333328,0.007932500070367618,0.0059026012838364755,0.00436775937917549,0.0033064501441294365,0.0024686615748107125,0.001957047606590383,0.0020199645347210382
0.20746229073429465,0.15282778054036136,0.1340609978451848,0.11237526935189787,0.09140394496933535,0.0725940659704956,0.05701143709597216,0.04381899552461463,0.033419525940659695,0.024619592242665345,0.01867561743742748,0.014291397314768771,0.010760815514669321,0.007654566550638158,0.005624067628045749,0.004208519807724184,0.0030449196088181666,0.002332173048234709,0.0018813194099121491,0.0019327034642797945
0.20941856055273927,0.15382335065059813,0.13363220381929325,0.11232319083714097,0.09146794870733271,0.07273085592112999,0.05641663451076383,0.04368455307711288,0.0332196698071805,0.02493586760490138,0.018488678086014416,0.013641279236340093,0.010375453977864593,0.007563399571733058,0.005488308776160136,0.0038504278529186233,0.0029081080902043453,0.0023466908677787913,0.001891263917433579,0.0017935541353595143
0.21005139069340195,0.15486390983043555,0.13407922938786318,0.11286091410885556,0.09143240179081258,0.07231440180736351,0.05732751843361826,0.04270475591489502,0.03325747482187043,0.0248380075968851,0.018298728059649622,0.013282135734324184,0.00986105479191321,0.007088771009359561,0.005157275382947558,0.003972227509330597,0.002848418143149149,0.0022112066468606985,0.0017659861468565614,0.0017841921896076592
0.2109727148184162,0.15514502344859107,0.13448110777406524,0.11306345780164698,0.09174023168632728,0.07269146093585638,0.05691605056480375,0.04317489451861226,0.03260770531805104,0.02427355750992693,0.017874270492875974,0.013181239139185733,0.00978198028363602,0.006884658773715713,0.00520987772938785,0.0036477426900197304,0.0027432615325488972,0.0021319912997526764,0.001739386841290062,0.0017393868412900627
0.21221002919372006,0.15520527507174234,0.13520517571705115,0.11324116529805582,0.09151229431509017,0.07249746231559358,0.05596649759810033,0.04355544074569009,0.03289633828285286,0.024197835061276995,0.017706661897641487,0.012747206891241388,0.0095562653896277,0.007065774461538972,0.00501906782116818,0.0035055646906674482,0.0025732865041555096,0.002061609844062812,0.0015449654494061069,0.0017320834513170286
0.2128536348543043,0.15637644610434157,0.13562478666750624,0.11398831517866904,0.0916807783694935,0.07198459697970898,0.05577132745005121,0.04332762237414626,0.032270785626940704,0.024019167613890547,0.01756037102455934,0.012894395858947041,0.00911157579392827,0.006815041142103466,0.004783618715597547,0.0033735530671827507,0.002501996626446933,0.0019104649737041804,0.0015442787124824782,0.0016072428659957116
0.21290080052463017,0.15665044861837465,0.13650153845134746,0.11397457001195653,0.09184670466702213,0.07253077730709741,0.056285128524444665,0.04309319802468809,0.031923279468215826,0.023497401689812437,0.01707531953087998,0.012749770639922896,0.009214147790691126,0.006475075100934995,0.0047726768391034916,0.003305434757408248,0.002450923567617338,0.0018448167934633209,0.0014291534046309208,0.0014788342877582992
0.21204875140756443,0.15789229648274494,0.13682519705901838,0.1143969000463668,0.09185765383851094,0.07244816851030005,0.0567265019540306,0.04220871696363515,0.03193349672120289,0.02354938067165662,0.017230244419421076,0.012441213486123072,0.00899847651851361,0.006618864675101014,0.004487646552295158,0.0033781546002517064,0.002384579717824735,0.0017569715837583626,0.0014357157051069756,0.0013810690865734916
0.2135178252853932,0.15786407702721045,0.13805121687237482,0.11378989630188632,0.09167502407927791,0.07260191906052753,0.055753044249603645,0.04239111367074112,0.03191207670946324,0.02341399477703086,0.017378453431834955,0.012170378681812616,0.008752941643745845,0.006391351981120523,0.004668566529969185,0.003134443462517418,0.002260638738014147,0.0017045811860575194,0.0012825732225190073,0.0012858830888997012
0.21534078029263873,0.15836839780065953,0.13752000039711232,0.11419792409528712,0.09218466385268455,0.07208085207069262,0.05597298312438055,0.042239514993472484,0.031484389348785426,0.022873670294177497,0.017156907355347695,0.012062287069195163,0.008625610767039013,0.006161859677048394,0.004315287335591358,0.003205027442116741,0.0021427519553645744,0.0015867946912699825,0.0012575223830711016,0.0012227750540651891
0.21545377775570013,0.15812263010613808,0.1381302468829169,0.11475502127730035,0.0928617555014654,0.0725216498600831,0.05565545675823359,0.04250658188862947,0.031152617025151923,0.023037438113688677,0.01668405278757472,0.011825873859553254,0.008323812362359875,0.006023876939380391,0.004215720364942955,0.0029970360803404372,0.0019985759939065784,0.001475336545626149,0.001122646664348517,0.0011358932326594137
0.2149634782838931,0.15929723414606706,0.13764235526180787,0.11476787942372804,0.09287470751185672,0.07278362662130275,0.056114698377290655,0.04225564208387254,0.0310624890368659,0.02265769537546045,0.01657460392058223,0.011908032129843225,0.008373352220262186,0.006063233702577206,0.00423963011626714,0.0029058510867154956,0.0019361308493491627,0.0014496159179742446,0.0010408771831116434,0.0010888667511724346
0.21475908950185504,0.1595507440966456,0.13875842065093766,0.11624099162115227,0.09254645119954441,0.07280210456258968,0.055762961883775566,0.04172205933237419,0.030942632789257334,0.022651530327587946,0.01635870276033449,0.011486355606841482,0.00822653517013481,0.006011380399025862,0.004046216936166126,0.0028359941127874683,0.0018608624534577442,0.0014105469842935923,0.001001620804574676,0.0010247988066640068
0.21525539926938883,0.16025091160797383,0.1379666091495302,0.11571873789076599,0.09391632084626361,0.07270839474198432,0.05581425387247092,0.04188263192234192,0.031065877544802094,0.0223025180582833,0.01568528742560583,0.011542066443884363,0.008294721781551903,0.005648491913929637,0.00406704665511908,0.00252203259598793,0.0018911104560855013,0.0013612020971123314,0.001091280026760372,0.0010151057001579788
0.2159627988286068,0.15953693878328057,0.1387528204652795,0.11666586653467241,0.09349294035264302,0.07288429925819487,0.05588618481062532,0.042011896031400486,0.03031286264603098,0.021981005418273136,0.015756530318656706,0.011207366070320014,0.00819611069633004,0.0056417582817800006,0.004062463269802852,0.002600704888696121,0.0018474771838223243,0.0013392554137206631,0.000946914828984202,0.0009138059188798597
0.21826143823312721,0.15930497264095497,0.13902533919421195,0.11673413299558778,0.09352240461585581,0.07289840315891422,0.05546642825804423,0.04169501908096788,0.030438489747601435,0.02183591195437123,0.015294575376031651,0.010890638322530444,0.007998278159949006,0.005405584390857693,0.003761558265246148,0.0025761376147548447,0.0017979983609407212,0.0012433671906689513,0.000945356412612478,0.0009039660267713015
0.21795997757235644,0.15996400991712023,0.14009669026861898,0.11723901814555143,0.09313591714341951,0.07285345453523011,0.055172664738153944,0.04100322356027264,0.030518796383128984,0.021612243244003168,0.015239550719388173,0.010975652113507692,0.007613159535635309,0.0053207764992697784,0.003835523998074796,0.0026413677554659124,0.0018127357921043437,0.0011875404185501084,0.0009146376761256408,0.0009030599840227845
0.2184548525203847,0.16055526410295026,0.14067782865786355,0.11639991857715228,0.0939325084029372,0.07274767357381756,0.05522686689184828,0.04130058104800473,0.02987159352125683,0.021464519001146872,0.015048332403810986,0.010684266358627927,0.007602775658540382,0.005231252472060541,0.0036838873783001484,0.0025651506901910284,0.0016698303525179024,0.001131976175542364,0.0008539469394442394,0.0008969752736022826
0.21887961827804886,0.16195387636722203,0.14063588338553223,0.11689076617379669,0.09337065843396714,0.07227436596136126,0.05518026402214359,0.04141332420059595,0.029779010917922826,0.020841502335300514,0.015017727768319663,0.010730966432226652,0.007350860909402251,0.005181835779484098,0.0035472081453428823,0.002556173780109493,0.0015618304520539558,0.0011151204710639477,0.0008735661850471285,0.0008454400010588683
0.21820485381171256,0.1623808917344942,0.14158522123000936,0.11694070595785294,0.09335970902932035,0.07281048367755714,0.05523514010158833,0.04118942039077269,0.02945433073601094,0.02075762863527274,0.014773477208785357,0.01040197023802632,0.007419818490664031,0.005153846281076486,0.0034386541779069368,0.0023900217831051094,0.001672188251016793,0.0011329861047937723,0.0008815789691315043,0.0008170731909023698
0.21973920915399367,0.16219575366700922,0.14098560337879545,0.11721520788959337,0.09351432131987504,0.07250442291874577,0.05527945068093919,0.04048894559934065,0.02951646616653343,0.020983418812754548,0.014888148563730576,0.0102873200836093,0.007353050696826919,0.0050758060965942296,0.003296708752662441,0.0023517184425368115,0.0016748339647060188,0.0011369673258429197,0.0007629431400488879,0.000749703345861489
0.220273440151238,0.16252787291770474,0.14170285110771574,0.11737829860565058,0.09365134808080376,0.07245054885023697,0.055151544246549736,0.04054423165105342,0.029166618383958436,0.0206843122031648,0.014661941031086891,0.010291666183839584,0.007265581933548648,0.004789092853441839,0.003244597992653303,0.0021801712022063266,0.001474967760945966,0.0010296632405256913,0.0007482440268771905,0.0007830075767984757
0.22032726129614008,0.16205059479492392,0.1417498055955395,0.11788851938253833,0.09419599278635366,0.07305471451498155,0.05506361575751561,0.0400754454757532,0.028953855826343043,0.020740887807944943,0.014599361360665775,0.010170248672258898,0.0071458116179414655,0.004826194139739582,0.003261031419069837,0.0020631690408828437,0.0015138730332059363,0.0010026306646150793,0.0006303668039906686,0.0006866200095961351
0.21838564799716587,0.16251289173918873,0.14194404943806088,0.11798983228737116,0.09462329634528505,0.07338896715441447,0.055738665616014066,0.040304998270065166,0.02902317450489928,0.0203850884584377,0.014602636453782597,0.010450792872999609,0.007015754822710652,0.004674962628441452,0.0031519578061446627,0.002113996910948915,0.0014352665010123015,0.0009287018535961951,0.0007101837703970903,0.00061913456906413
0.21977500128235045,0.1626268492733624,0.14146227656078586,0.11770321944407214,0.09419566846857579,0.07303109575599934,0.055510052799743206,0.04080687141252137,0.02866673616178464,0.020721127674114225,0.01431433965573442,0.010267076356933547,0.006997496521107487,0.004793508494123524,0.003256342670498826,0.0021394568460137097,0.0014875264536475842,0.0009878234625446136,0.0006420025183707036,0.0006155281877162416
0.2211147994559048,0.1625831946067059,0.14109077189370944,0.11794686797748165,0.09378526772860107,0.0732013251564605,0.05509460438916709,0.04041330054641192,0.029266629819991858,0.020395296422673282,0.014540646626047073,0.010100842950425777,0.006988181484214951,0.004739320807670289,0.003029921926970773,0.0021164774137605795,0.0014628350537641524,0.0008604912080965601,0.0006354396613636136,0.0006337848705788125
0.22147744266373753,0.16255806413191645,0.14187002898243853,0.1175459550309014,0.09391501131506157,0.07303012056165054,0.055369360665934376,0.04057541389304289,0.029156134616148105,0.020385307624101727,0.0144697140134722,0.010069412278496087,0.006494580681021136,0.004517753397826979,0.0031132961899342274,0.0019884070246019877,0.0012555748183634852,0.0009081825761285283,0.0006550825139287745,0.0006451570212934903
0.2222080653408104,0.16209610831007099,0.1416423563595928,0.11803640009994387,0.09423849859102255,0.07259501703514086,0.055387787318044994,0.04034159635568778,0.029256758210209836,0.020792965537554255,0.014385965492877342,0.0096220829699887,0.006656859808815913,0.004274091197159211,0.0030479581824108667,0.0020634114296777134,0.001279083428340716,0.0008356237145046077,0.0006172032584360763,0.0006221673597103612
0.22156868584589118,0.1632335325378389,0.1415261977088173,0.11746944096994731,0.09435576203996003,0.07303227642437837,0.055064162381453494,0.04042660207410937,0.029265193479857853,0.02068980350891126,0.014309964857942703,0.009769955195531468,0.006674343650935468,0.004402684297258125,0.0029003778929325426,0.0019440639042759482,0.0012921820504166088,0.0008719333425986593,0.0006138278370096825,0.0005890099999338192
0.22165991735332036,0.1638817129740723,0.14100079601627785,0.11767470571394062,0.09420629233490942,0.07275522582203987,0.05542656377480516,0.0403783807936663,0.029144787251824136,0.020939696388469185,0.014137977258096278,0.009840151325838754,0.00663457226123235,0.004178671728513767,0.0029854747715797373,0.0019594246837862568,0.0011898871179411474,0.0007943613582917262,0.0006354890866333807,0.0005759119847615011
0.22200013898586649,0.16261346375943533,0.14150912177478325,0.11746787606431738,0.09467584855835252,0.07360128925937082,0.05513933333112723,0.04034726611491484,0.02912581199183293,0.02041437643329175,0.014356909086697397,0.009748865776054055,0.0067441237106579,0.004305252672996038,0.0027780627355727706,0.0018961643210044035,0.001277346296523037,0.0008686616653815984,0.0005840715578661033,0.0005460159039541477
0.22114065471058325,0.1628270284493444,0.14094100786572822,0.11763839494792863,0.09505235268515409,0.07362970342580347,0.05574357030915143,0.04008989403690752,0.028765429851373647,0.020828541025738626,0.014453875521913327,0.00998234224275031,0.00654511995525157,0.004426851044323122,0.002861317927340066,0.0017575012370359458,0.0012825456296637087,0.0008059351247048076,0.0006702335225984538,0.0005577004867053802
