0.1065938025462407,0.1028705260629354,0.1064136440067259,0.09908719673312515,0.09944751381215469,0.10064857074225321,0.09818640403555129,0.09962767235166946,0.09716550564496754,0.09842661542157098,0.10226999759788614,0.09998798943069905,0.09692529425894789,0.09602450156137399,0.09812635118904636,0.09620466010088884,0.09890703819361035,0.1007086235887581,0.1011289935142926,0.10106894066778761
0.057697247194148184,0.052805851806354345,0.05419621419398067,0.05582667932324528,0.052392651739348935,0.04981294321290973,0.04766876989223295,0.04488804511698027,0.04603272097827907,0.04608855882517169,0.04736724551901279,0.04720531576302417,0.04792562398793902,0.04850633759562231,0.05090736501200514,0.05274443017477246,0.05403428443799208,0.051985035457032765,0.04498855324138701,0.05006421352392651
0.06290428295431538,0.053573818421404816,0.05532735552192607,0.054812618603964865,0.05322379731719118,0.05042706006293517,0.047331775396261634,0.045478722491601196,0.046346912093229164,0.04643270157955603,0.04616846996166927,0.046734680571426615,0.047208238535950936,0.04922600725435897,0.049860849453177813,0.05080796538222646,0.05087659697128797,0.04865636506514854,0.04405118543912208,0.050869733812381836
0.06710402784456505,0.0556003984337432,0.05691706166563623,0.05612133910375306,0.05334775938265667,0.05151588010350118,0.04878523505301001,0.0471165075221543,0.04654118293604453,0.04541915687756177,0.04576835886515078,0.04571111263767717,0.04716230450413317,0.04869936571179961,0.04865070641844703,0.048825307412241545,0.04848183004739989,0.045699663392182434,0.04280300428201781,0.04980708021341393
0.07011559550197055,0.05679852703230485,0.05815534128316588,0.05688982668283008,0.0548939148782925,0.05212956434850091,0.05033654065624158,0.04854605306538577,0.04732872439171607,0.045982054546468996,0.04528716276191587,0.04537339020963413,0.04636500585839425,0.046651585316987335,0.048071802102935275,0.0478587695850431,0.04653999685523425,0.04376803802123224,0.041064553925124134,0.047863841787850046
0.07266663741278687,0.05840537101233051,0.05913055929568975,0.05808203865669262,0.055278285229947044,0.053262077040862284,0.051271273536863345,0.049541445434200714,0.04777928409597428,0.046753858625236996,0.044933959366360965,0.0448184835250617,0.04542819596712172,0.04668457312045748,0.04575845687323754,0.04592474208470846,0.044878530962537334,0.042388871824125665,0.04046504430808032,0.04655062114455037
0.0750608121684187,0.06076514319181589,0.06105798210476365,0.058595570223626325,0.056092545646532745,0.05412176113749748,0.052681079186207076,0.05008400415532006,0.04815596985255454,0.04679010076223619,0.044977492016398994,0.044710303227213075,0.04480435368100651,0.044522202319626204,0.04479794115006605,0.04412676291163105,0.04323755862122035,0.04048444533744874,0.03883214986512309,0.04610182244129328
0.07771725843363117,0.06236097584436511,0.06115459686501781,0.05948330106970948,0.05707855891818666,0.055168792859519,0.052776074418753774,0.0507320435899594,0.04866596929144273,0.04639148400646074,0.045315361893654295,0.04482639765617799,0.04438753221352507,0.043860492891982995,0.04331141010071862,0.043080955644531016,0.04242365945644811,0.03948987403159027,0.037241440119916466,0.04453382069440939
0.08130801172447483,0.06405334025403027,0.06239313629702003,0.05928263922813872,0.056927821201758655,0.05575804531021006,0.05447377259404008,0.05114763983878848,0.049357672813873966,0.04644563690766976,0.045107932340009774,0.0439057156814851,0.043548867244748414,0.04297447484123107,0.04222452063996092,0.042069949926722035,0.04085628358573522,0.038572071934538356,0.03693095078163166,0.042661516853932574
0.08279399171600677,0.06575557442179271,0.06323619671359951,0.060112241860259985,0.058737701724790606,0.056166870642542395,0.05485664722464174,0.051740042853310096,0.049698446475627635,0.04641645625911919,0.04483058976592391,0.04326309947774825,0.043092200771065556,0.042228519135142306,0.04158535195945476,0.041256417889603096,0.03969995332443926,0.03781087944841983,0.03507282490049286,0.04164599343601956
0.08652588836119385,0.06687953348180346,0.06427504539071792,0.06182618261826185,0.059627751393025494,0.05698390977309114,0.05446170633323494,0.05256200416789647,0.04937079073761033,0.047036410958168996,0.04454461706333236,0.04238017297664725,0.04183458996306133,0.041741572531236865,0.04103857540225567,0.03977389608879587,0.03840904415644818,0.03647535485255842,0.03388159954206803,0.04037135420859159
0.08845683949618979,0.06862612394856424,0.06563595932251062,0.06321534986332433,0.06059258347762649,0.05724556792912201,0.055589639018044715,0.052021129793536264,0.04897295491900537,0.0471377216035439,0.04463624937375298,0.04253733311066774,0.041264623416803634,0.040872614768002954,0.04052103750450457,0.039214927970608146,0.03657809849437037,0.03519991562145676,0.032693169732713384,0.0389881606356517
0.09072997477697675,0.0708466638081731,0.06749458824673082,0.06408696301259761,0.061207059669028105,0.057912269707548356,0.05527192432745838,0.05236945392935818,0.04921701000414887,0.04667908433308277,0.04458729197081558,0.042210807536007484,0.040929693209573285,0.03979266084668117,0.03945068317417774,0.03768177328442648,0.036150685430883185,0.03401723081409781,0.031639010452018106,0.03772517146621626
0.09383023030665708,0.07276163355567823,0.06909543634109391,0.06554273303652956,0.06172693021328256,0.058831115903076214,0.05566704326009539,0.05291395613976262,0.04898637901119289,0.04664255780881093,0.04407002918169172,0.04117593447618262,0.04020951663631564,0.03888542101941606,0.03814771060428628,0.036660252541145855,0.03495612428614911,0.03260370506028075,0.03061928123962863,0.036674009378724025
0.09726065822195923,0.07499153362774645,0.07113292033400265,0.06685355399493043,0.06334727861719339,0.059136327407442874,0.05540770285941032,0.05209298984377404,0.04927941765041923,0.046092983002261126,0.042942466296996905,0.04105591910595109,0.039521709830912,0.038363783767142265,0.03679023579274321,0.03588886646392984,0.03387575128363886,0.031346101876969075,0.029529680193478004,0.03509011982909901
0.09905741537947849,0.07684628528303944,0.07305925182665164,0.06828925916903325,0.06466236118043689,0.059534619073497066,0.055698182121726815,0.05206276628909903,0.049178624300046166,0.04618034320097172,0.043040665890975,0.040798769341894324,0.03911564336127753,0.03723149626151826,0.03565739868450416,0.03473236082268744,0.032560310594664764,0.029853339761466303,0.02826391006519558,0.034176997391836154
0.1019557980474274,0.07881589423310345,0.07400321524303603,0.06932634377297059,0.06506029005091085,0.06108112971485512,0.05627354350678785,0.05218743474873062,0.04881940825268346,0.04606591078464492,0.0426503516565971,0.040232977800563265,0.038447108912538275,0.03639641536050954,0.03516905489849237,0.03335941969446701,0.03095223140243334,0.02912562025840776,0.027648713478387082,0.03242913818245403
0.10508539393908628,0.08155954562606713,0.07635113297358398,0.07112918318620157,0.06555865217516374,0.060769890704557114,0.05655814960903061,0.05272544829068288,0.0486050828557263,0.04504312423536337,0.04288056693520957,0.0396502681198781,0.03714928244724324,0.03573295970841011,0.034281101990466474,0.03214392681824872,0.029561718336218432,0.027982949978594397,0.026116517504361496,0.031115104565906382
0.10835041286566112,0.0838674031282156,0.07772553008504,0.07218686162959857,0.06696246783331275,0.06168062598105229,0.05679585157449916,0.05272548784382239,0.048217505098514975,0.04487031101363713,0.04190328788741531,0.03911705717264322,0.03716382326950403,0.03485069419217051,0.032929563614428926,0.030787089056314294,0.028428339463942052,0.02674544935362489,0.025130145191513225,0.029562093745089453
0.11088383221425623,0.08620965635767781,0.07969570089048772,0.0731531015425572,0.06833418984153193,0.06294745532818305,0.05677554149571606,0.052438520964793296,0.047914472741977625,0.044758591058054416,0.04137187339404712,0.038520964793300694,0.0365142082073143,0.03402893031954777,0.03172899518951298,0.029236977565101647,0.027693577873444602,0.025696930892425387,0.024025476204517306,0.02807100312555287
0.11381063833369813,0.0879742039771675,0.08132987590294499,0.07466702588021351,0.06928555793160349,0.06306218323258517,0.05711327013419994,0.05221168903332268,0.047719274613143854,0.044511609894088124,0.04096549866136827,0.03794978868140564,0.03532809106063412,0.03299095792150061,0.030936705450504295,0.02883193857448349,0.026454393911330386,0.024683022108471273,0.0232601997002812,0.02691407499705332
0.11681117169281882,0.0903564121058056,0.08309669479428837,0.0769516584872955,0.06986006802412284,0.06341744719556011,0.05665874789210965,0.05224205558609859,0.04741177123315998,0.044062684414136785,0.040646346855775735,0.03718293377987823,0.034281064377451494,0.0325661705243372,0.030008961161016767,0.02717434249792784,0.0256544757888932,0.023640316145725634,0.02218601890754537,0.02579065853605227
0.1208421922390947,0.09178834016854591,0.08566016061909891,0.07772997047591218,0.07012894536196398,0.06413511888567562,0.05773487436308245,0.051986242245308546,0.04723854052256627,0.04363283992167216,0.04000866577321874,0.03643151520037081,0.03391239507864692,0.03155953688495683,0.028435827934019206,0.02610648152813185,0.024514397611202363,0.02272078408453495,0.020776023350564107,0.02465714775143339
0.12360129329510046,0.09435953536678873,0.08711453245570024,0.07907925711035457,0.07136277531598313,0.06425703485084656,0.05731740260437553,0.05221670578878753,0.04754218561502827,0.04290961196113403,0.039053887855140204,0.03633575336788607,0.03319144223880322,0.03041458262373803,0.027813898392106004,0.024830661899304853,0.023141056079141336,0.021595746287313523,0.02007392654661014,0.023788710345857444
0.12646495172108796,0.09634172490736212,0.08945837828420564,0.08062678826296427,0.07221232000107213,0.06444614941334924,0.0577303215690479,0.05196097482527791,0.046930385896258954,0.04263855478199106,0.03918934312536436,0.0354335721034328,0.03270469119588306,0.029230351722428077,0.026890114381822202,0.023941783873972274,0.022000241227041552,0.020425564705803517,0.018914545320530426,0.022459242681104552
0.12937136731378038,0.0985728882263279,0.09080919917589318,0.08186127535552166,0.07298872715699908,0.06479958459657292,0.058208405219343055,0.05179477730691277,0.04674461064303779,0.04184687023667947,0.038362841493442316,0.03503626404917841,0.03207148958978912,0.028681261620408377,0.026150315740104846,0.023249191805832407,0.02109009899331669,0.019359809718430182,0.01827105073616857,0.02072997102226094
0.13167173394765752,0.10102863571830382,0.09256884358843855,0.08350968364094184,0.07399681230076878,0.06525910101524202,0.058296054217674295,0.051495405962872706,0.04672390238675631,0.04197081514023198,0.03749564704936915,0.03413550400471459,0.03096622110310466,0.027609426482012266,0.025009375585974134,0.022595162197637356,0.02037013474056414,0.01870429401837615,0.016795692587929602,0.01979755431143017
0.13484484278528575,0.10242333304896345,0.09475036508071924,0.0847890561095192,0.07481436502719077,0.06554892583466736,0.05784752088027527,0.05183393469195217,0.04630043174036029,0.04204157487374814,0.037175504714685025,0.03357738958503746,0.029867199274689584,0.026866260854146694,0.024045980933837176,0.021397995694305744,0.019537882247458654,0.017794862272985035,0.016167263006993823,0.01837531134317922
0.13773482749516225,0.10436350510846934,0.0956655715570053,0.08657994913254617,0.0755007369430732,0.06640675915497195,0.05807144838557664,0.05245998616351781,0.04634720212293079,0.04109167839202697,0.03653633413433419,0.032525759586108705,0.028734095565307198,0.026260907927234806,0.02302905327045644,0.020477325214147968,0.01864917164924852,0.01704159968450147,0.01527861795601068,0.01724547055736959
0.1414137704830468,0.1063808123279691,0.09828023361982192,0.08657420467273028,0.07678440576004056,0.06672252888950464,0.05819797594029644,0.05163805953332788,0.04556721577451248,0.04055296923849887,0.03599608074205508,0.03202007033966346,0.028751796465657255,0.025168045695743393,0.02186805721315388,0.019651372992173174,0.01792543060927101,0.016009200574869018,0.014393424727045717,0.01610434440061894
0.14336436154681687,0.10918716536497222,0.09927137367835326,0.0888350154418058,0.07791146030596634,0.06692283435138574,0.05817998588463779,0.05161784408698135,0.04563466572786716,0.039536362074057294,0.034856268572296185,0.03160439611777484,0.02734476021403294,0.024388209167644122,0.02115135305590918,0.018762086070339884,0.016990157621544787,0.015114783255776707,0.013518045472822926,0.015808871989014713
0.1462853939819595,0.11042305119354853,0.10059372972035154,0.0897350987853481,0.0785544958468948,0.06750735280624458,0.058642279094674794,0.05136704641568421,0.044872554138841655,0.039552508962666266,0.03464118472351278,0.03069243999726408,0.02652014994219518,0.023520638739070888,0.020923175478078367,0.018055455924034625,0.016066903446768685,0.014163431654352215,0.012790462955702995,0.015092646192806177
0.1486700731022181,0.11257241454042295,0.10240978919554221,0.09074344205586443,0.0783535746734573,0.06797756086989139,0.05906192433045203,0.051138210704431974,0.04459151947586459,0.03903341696604957,0.034108811442956105,0.029751019013245086,0.026085071976927374,0.022615842425960035,0.01967674982703865,0.017731247238870044,0.01517725412398203,0.01387358400920238,0.012394868674407554,0.014033625353216247
0.15131228084209963,0.11375044998200076,0.10402083916643332,0.09149967334639951,0.07986847192778954,0.06915890031065425,0.05900097329440154,0.051079623481727406,0.0440632374705012,0.03859012306174418,0.03308867645294187,0.029260496246816783,0.025010666240017063,0.021725797634761276,0.0193375598309401,0.01643434262629495,0.014474421023159075,0.012952815220724499,0.011707865018732583,0.013662786821860461
0.15363153631536314,0.1158661586615866,0.10577105771057711,0.09213925472588061,0.08054080540805407,0.07036903702370358,0.059455594555945554,0.05092884262175955,0.04385043850438504,0.03811538115381154,0.03240865741990754,0.02809361426947603,0.024521911885785525,0.020745207452074522,0.01798351316846502,0.015635156351563515,0.013726803934706013,0.012186788534552018,0.011216778834455014,0.012813461467948014
0.15676382194027486,0.11757036889033191,0.10705728581299899,0.09424144792160975,0.0811259022453108,0.07017324775011034,0.059741751792002806,0.051183429489581,0.04324117318947358,0.037023901695846566,0.03218195592630519,0.027549805606200618,0.023307275406478686,0.020150353405429706,0.016895193852660324,0.014907132212759227,0.012962361697345092,0.011383900696820597,0.010364894228127579,0.012174796240332339
0.15931903103124437,0.1203284955940828,0.10772017930051485,0.09556311151666126,0.08209559141861873,0.06986026282311723,0.05985619992140615,0.05065805686730297,0.0430168044278968,0.03692078673762316,0.031490818508182424,0.026896742352087066,0.022364275771118755,0.019448644256322475,0.015933568226776523,0.014253458461825375,0.012231998348197343,0.010705079959237774,0.009669373047642519,0.011667521430141402
0.16350859559994477,0.12233025541353898,0.10934075717159747,0.09583041432938348,0.08177426628304996,0.07025577962782077,0.05957097714107898,0.05040045128771758,0.04255782955901271,0.03640254465036018,0.030909547763779497,0.025571306621049786,0.021807247560932993,0.01881031105904515,0.015994754945111624,0.013397188104774633,0.011601688668052258,0.010094068195697792,0.00915887757156621,0.010683138446485297
0.16520843627458318,0.12418166905407184,0.11119651422211352,0.09671902321023641,0.08326636953038825,0.07096166675817,0.058765104288844426,0.050338479148054074,0.0424575466126298,0.03533359619745421,0.02959217796233723,0.02511184202864554,0.021087359064070627,0.01792633482566951,0.015746891798140324,0.012810466650362439,0.011181707319102068,0.009612841078674569,0.008666197504121809,0.009835776472330223
0.1676551102477706,0.1253405224171021,0.11268090513269985,0.09808708725689443,0.08415352530094034,0.07088188237798569,0.05959267032773304,0.04937284003179872,0.04214993962899271,0.034887124510628954,0.029084522736419847,0.023997059615953907,0.020393093423718,0.01732298655206708,0.01483829550859663,0.012213902960674025,0.010643924148735532,0.009503028529042945,0.007829936701913578,0.009371642590331993
0.1705294379750876,0.12655536121622435,0.11383149228221616,0.09852726994619829,0.08410921279270055,0.07180764396443368,0.059785391741539046,0.049671802988687695,0.04095313466385577,0.03403838608205259,0.02856843589351387,0.023567338578278477,0.01979157660922941,0.016767309316538862,0.014163679530748104,0.011870955728318049,0.010080336776021333,0.008766883691235444,0.007840816136519315,0.008773534086601448
0.17128129553362925,0.12849215906747127,0.1159872522471574,0.10011244103498983,0.08513749076852448,0.07159633003107098,0.059251102787073934,0.04903659988955498,0.04065009547508002,0.03374229047045595,0.02778757293697315,0.022817546124110945,0.019409385167098035,0.016097697287443195,0.013719136931890011,0.01127238009061816,0.00956247796089181,0.008449710913433708,0.00742177364089394,0.00817526164163911
0.17413332402183546,0.13022462325845888,0.11618754021818833,0.10186778670683913,0.08615297128234294,0.07137928224979091,0.059312578669686235,0.04831836011220356,0.04002946423969126,0.03299928334721745,0.02719955038767425,0.02205827334899661,0.01867287876596049,0.015849499590127818,0.012913052225863687,0.010886138671482038,0.009230022264456518,0.007876529538232844,0.007153225685766875,0.007555615415184724
0.1758188264456768,0.13154554426165224,0.11804491790967904,0.10256222815161374,0.08641165114354923,0.07193743790476127,0.059111344447065776,0.04830220402792498,0.03958976437868209,0.032244666039760894,0.026411451774220888,0.021787744767385826,0.01801135740607213,0.014836400851971597,0.012611771429710684,0.010853998518021329,0.00878720314737713,0.007147390421632904,0.006662258389295197,0.007321838583946116
0.17862874650016844,0.13266083458223588,0.11891377842394306,0.10299587239784308,0.0863709464606683,0.07195670249896687,0.059129104159301865,0.048098929678073596,0.03958315699327335,0.03181091698490862,0.025837760506133307,0.021310177601410057,0.01761077060191293,0.014437479357840042,0.012082405992076727,0.009911556124269532,0.008560583805924693,0.0070087912780961575,0.00617895570171726,0.006912530351236207
0.18013770517938876,0.1337925720245252,0.12009512485136738,0.10356784620596655,0.08699406798238332,0.071798670112064,0.058963125834501355,0.04838281109878505,0.03931871475165903,0.031594802675718583,0.025609642683955665,0.020808561236623068,0.017164987146188034,0.013906695274978582,0.011736161393393072,0.009392914792844383,0.008019516537242843,0.006591315207354906,0.00579417958137094,0.006330585429689315
0.18081202847872385,0.13644341081156408,0.12112581199530223,0.10490415303664681,0.08740022161914686,0.07228334074275591,0.05883689759735648,0.04762986948357432,0.038789985999508995,0.03110132772428985,0.02515277786993477,0.020403559176956916,0.01616525887637765,0.013190983949200114,0.011183804550491342,0.009133495677099576,0.007585811066359672,0.006272020914477571,0.005416066724614984,0.006169173705618112
0.18294349195386658,0.13630364296517414,0.12242275529228555,0.10582910952138246,0.08870586164933698,0.07258537136064577,0.05873768758124578,0.04691378110997296,0.03817783673313533,0.03083147529879354,0.02491288128445942,0.019869209863548603,0.015917946538411092,0.012672265949905283,0.01043100313942813,0.008589847245488004,0.007002701136735291,0.005978361022613512,0.005244554976516546,0.005930215377055114
0.1845938049865542,0.13769795159523257,0.12255071212775141,0.10623153281763553,0.08928820424288704,0.07268350984363071,0.05841107532950431,0.04756980179940907,0.0374306961920255,0.030493675508781244,0.024137644832508885,0.019947876896517384,0.01548587364297334,0.012202450117857975,0.009901729690249328,0.00814381992629727,0.006747783938116266,0.005718601640051791,0.005155871319013313,0.00560738355300289
0.1873873007078386,0.13845569414469633,0.12403350248249483,0.10703343115120412,0.08902808628100216,0.07280768254589672,0.05859616702138779,0.04706040433229766,0.03732948918501513,0.029497977011417976,0.023756637542487725,0.01915162212331687,0.015201859258386814,0.011819428984723494,0.009558392955786211,0.007581023222482296,0.006320284130778456,0.00553895766736726,0.004633216162011608,0.005208843089407966
0.18931002036234018,0.14063456818396802,0.12619340406217897,0.10621773266089482,0.08861849736882718,0.07337910296174964,0.05835046790234705,0.04652305159621164,0.037116878504703917,0.028711397434046437,0.023075659286770446,0.018769198600026887,0.014613754453743303,0.01153534035975127,0.00914894711599896,0.007300239137181098,0.006067213977161651,0.005064862433888775,0.00446079627204883,0.004908867326160879
0.19095204060819426,0.14230943351170997,0.12636166299908297,0.10750027776349806,0.08875331450621941,0.07298629755352545,0.05839666617470744,0.04645698148188071,0.036371264495523456,0.02873815773981768,0.022516255383222425,0.018012340990761672,0.014065611883966163,0.011327775852319366,0.008694412061734807,0.007027831073361073,0.0055934106206811905,0.004961602305685781,0.004235271486872153,0.004739391507235946
0.1922469049810526,0.14336675041667704,0.12771461976666085,0.10816189457449189,0.0893305803626956,0.07240146935661752,0.05795832400474307,0.04618854532036452,0.03637238073915603,0.02856289957461629,0.022320621574334343,0.017569259600155894,0.013791387845468794,0.010769753808137848,0.008409827773493537,0.00656235229732083,0.0053318075905702455,0.004439579757373731,0.004092970803585495,0.004408069852483892
0.1944231269672625,0.14466951648646723,0.12723577976937347,0.10875615145040803,0.09004447111200983,0.07281792369798096,0.05806936034860841,0.04596619002076867,0.03571943584839045,0.028056746663837843,0.02228362392323719,0.01679725117807838,0.013203759905720583,0.01046720359083925,0.008111875593597355,0.006335020130512685,0.005141609744858804,0.004493521604871766,0.0035636560127164517,0.0038437759504602095
0.19507427872301264,0.14555678787004672,0.1282441507888747,0.1090432542386369,0.09080057891150706,0.07298396388600152,0.05766237124938456,0.045535401963856144,0.03591340200032826,0.02751487480955768,0.021588160497081406,0.016652823851419342,0.013068612286783339,0.009950248756218907,0.007935994801069626,0.006142231196566319,0.004950257045329832,0.004205894884126517,0.003471479656035053,0.003705232584163488
0.19667876497787504,0.14592386350453276,0.12935249175491803,0.10950297485871495,0.09157261472679361,0.07314672102620196,0.057761978156747724,0.0456586950396924,0.035022124993785125,0.02702066656722849,0.02102951656474254,0.016055950546081308,0.012545782992757588,0.009648817514377104,0.007737947264621553,0.005830391620676511,0.004781318881652001,0.003934437097068231,0.003289746266925206,0.0035051956446079664
0.19811059869679334,0.14795121668501973,0.12935692463093748,0.10985684597487974,0.09039485340994709,0.0729547355086563,0.05753649227100739,0.04557580374071652,0.03457057932256437,0.026622177696453857,0.020665844227887295,0.016325685756629876,0.012286904180362481,0.00953311420031628,0.0071485937124831315,0.0059927636426862305,0.004696180627426952,0.003835103784598315,0.0031926079864877167,0.0033929739441459195
0.20074072846584687,0.1480694660789447,0.12954462599012362,0.11037848407516654,0.09045669969840588,0.07249527723461374,0.05775527789745798,0.04467901766479965,0.03492360719848871,0.02633977397010573,0.02059788552679548,0.01600768899347098,0.011823484572299738,0.009074337984290595,0.007210088489709341,0.005763430881914295,0.004225632187717495,0.0036638716733503464,0.0030358267325091975,0.0032147946839889987
0.20075003357245763,0.1483305784575901,0.13063084720304127,0.11099303184990042,0.0908943205349046,0.07366543263707095,0.057371599856094364,0.04437201267298104,0.03455061814769559,0.026463386126368393,0.019941210896376325,0.015574304552756836,0.011711399548719855,0.009060418818481597,0.00685872875609485,0.005358330031350876,0.004242563907867229,0.003397035344751839,0.0027504546788400673,0.003083692406656134
0.20156745420389827,0.1488253204650346,0.13185864750337117,0.11111331988191912,0.09092625908218949,0.07357525999993372,0.05783445483671111,0.04470938650286423,0.033706394722804775,0.025693526424077368,0.019726532086261322,0.015298498808920341,0.011503278368071777,0.008841157351727977,0.006574958502718444,0.005142018441027472,0.0041646373584868146,0.0032535194001861996,0.0026819999536158126,0.0030033761061800312
0.2020762048367454,0.14969718560741002,0.13157803166502352,0.1125740466110471,0.09173743382407766,0.07338133072634032,0.05763166833746199,0.04457626697376162,0.03362855320171332,0.02536018757093976,0.01914814293170727,0.014715702438256513,0.011385158366542117,0.008725694070471659,0.00645562174298473,0.0047787507974250435,0.004006594808659415,0.0030538272259550466,0.0026163826314612145,0.0028732156320163045
0.20377646006559114,0.1508877993838408,0.13227382648159802,0.11192897604929274,0.09171000761917379,0.0733875509325206,0.0574204127604598,0.045011097492298015,0.033511114055719354,0.02499089011826283,0.018481465531520188,0.014386987776195062,0.010900387584059366,0.008347964355517276,0.005989333156656838,0.004838175373505152,0.0037102063802299003,0.0030874217378341665,0.002567330307748368,0.002792592837976613
0.20437548667141606,0.15094352126443447,0.13329909375569512,0.11201146473599627,0.09187859308470982,0.07359134511837506,0.05716297486704551,0.044785367550820916,0.033754701038784606,0.024650839145777762,0.018447953080733603,0.014092347454397854,0.0107738696797495,0.007949104524594507,0.0059659702778376055,0.00462068622740602,0.003677993339849898,0.002939081164366541,0.0024685630974668224,0.0026110439205420896
0.20520340398457074,0.15133349239803287,0.1327610317996845,0.11327560610278233,0.09290041224267971,0.07357736509325168,0.057377619596770985,0.04439893426651291,0.03291313741864503,0.024366723664850674,0.018302381993876012,0.014146816717699929,0.01055460558582203,0.007719608700839067,0.005701475325088481,0.004356053074588089,0.0035806126642011636,0.002889675375458968,0.0023031242958073193,0.0023379196988375026
0.2059643213758775,0.1524612885437935,0.13391158338176923,0.11253520916854198,0.09260114822045698,0.07410277682561925,0.057190784429640436,0.04421327689930798,0.03288010584691607,0.02450276622768016,0.01792707624389169,0.013366650604165321,0.010029955737045262,0.007675226158363014,0.005822242755729098,0.004172938493867269,0.0032936407398023813,0.002917745089759576,0.00218913678130656,0.0022421264764667806
0.20652694323093465,0.15330811883615716,0.13483460648320722,0.11306266680582684,0.09263097208347625,0.07353952231615535,0.057403569458319044,0.04374267959530899,0.032840143069906444,0.024198959280740732,0.018186908672826164,0.013195365966392817,0.009651751678619534,0.007319162189519583,0.005689000217023595,0.004082031605924911,0.0031410438006629978,0.002322649477072534,0.001983032399469204,0.0023408728324561274
0.2076141711407172,0.15316331941406514,0.1347434877709286,0.11373367800092794,0.09294922781202355,0.07335620070259163,0.05769205276065487,0.04375289984755087,0.03240372506131106,0.02431232186650758,0.017793464572148202,0.013052628090408967,0.009617551534433624,0.00723304831974548,0.005247895539205939,0.003872539272221115,0.0030075561741896976,0.0023513620998210365,0.0019138993835752624,0.0021889706369722264
0.20702785336776156,0.15430239048377772,0.13528849609701726,0.11364445673759335,0.09265629735875808,0.07392562387270628,0.05737127941315304,0.04397542768840402,0.032683029436754794,0.024126776962712565,0.01768888432496534,0.012900629214153098,0.009381071237509713,0.0069430527238066204,0.0051625704532693795,0.00379449756446588,0.0029365535494535163,0.0023154550829870358,0.0018649516619766832,0.00201070276877415
0.20865222531684965,0.1548879476216813,0.1357246230423537,0.11434078362150904,0.09285262471146553,0.07337799752944958,0.056809413260828556,0.04360885821491139,0.032608947631616425,0.02386763678272072,0.017500836211778493,0.012770030169858618,0.009223167537099649,0.006701285282341523,0.004904671857251199,0.0035485184976668887,0.002752047476958641,0.002170838894279648,0.0017850223707349048,0.0019125239686445413
0.20874563132526136,0.15560101369817633,0.13617345502128433,0.11521706723204082,0.09233266526427376,0.07353121428453117,0.05681016348367647,0.043290875060043414,0.032357179533897606,0.023782154274261665,0.01749457538966095,0.012619879747569287,0.009179600152386001,0.006623821907143921,0.004962483229258114,0.003352492008016829,0.002550809136534543,0.002034021830950922,0.0016431186126248487,0.0016977788084077316
0.20968508802592317,0.1560892534984237,0.13715046825119404,0.11535893736053103,0.09333878922318181,0.0730945663644391,0.05627131897241516,0.04281769099894141,0.03160881932445261,0.023917008626159444,0.01738982056859428,0.01258554509475191,0.008962458728788708,0.0063747765597742985,0.004699906730789938,0.003422632113433915,0.0024037943836363066,0.0018057449194786859,0.0014976086304667273,0.0015257716246237342
0.2113384297780826,0.15688301704227267,0.1370721620788723,0.11510078567428485,0.09384185115597837,0.07299712703667253,0.056407172135900775,0.04203407129058019,0.031655615533221326,0.02344099490024156,0.01675398221877599,0.01224571623605354,0.008907180420108752,0.006431859075681209,0.004731939598182777,0.003222556904224614,0.0024024203142034408,0.0017661931413385284,0.0013950606238339969,0.001371864841489964
0.2118043197195014,0.15713819824622108,0.1380591887985935,0.1163413992156499,0.09326614431842821,0.07331305964404611,0.05587625213759401,0.04224696929314133,0.030943587383518722,0.023027246977570373,0.01699811444756957,0.011995358130803371,0.008535477024899556,0.006191366189512089,0.004471358309591484,0.0031321028958708223,0.002292792024725734,0.0017448395624988626,0.0013044910581111039,0.001317734622152841
0.21345679237131718,0.15760062634385022,0.13723783024161573,0.11599444500538779,0.09446801326180476,0.0728985452071619,0.05610279719469461,0.04189915930221589,0.030934831438356274,0.02239708942117818,0.0168404395662602,0.012025338455757843,0.00848477424971985,0.005952252868121845,0.004368185572573288,0.0029810921622601344,0.002123676426529568,0.00168172661679972,0.001282813118129708,0.0012695711762651437
0.2142050852563317,0.15832420247013304,0.1380454104585073,0.11538155973901733,0.09350059088546753,0.07406426582894444,0.056026535226373686,0.04179231948200696,0.03049432452025727,0.02225172051944956,0.016476932294787295,0.01188225986381497,0.008237638576710839,0.005864165858405969,0.004172611382738199,0.003022288133629493,0.0021202360893643924,0.0016170731142146847,0.001284389699724254,0.0012363906001211567
0.2146473208157542,0.15839594603757917,0.13847840792004543,0.11633972443243366,0.09321202759314173,0.07348964595637424,0.05643495417957375,0.041492252453100426,0.03033029407435463,0.022332186099896963,0.016110332874109186,0.011659772791548076,0.008388420935990331,0.005934080110081487,0.004104901570017349,0.002874423420100788,0.0019929115196901316,0.0014967509753689371,0.0011577079367494532,0.0011279383040901818
0.21528800733548936,0.15921256037048195,0.13780855564346076,0.11629034767439166,0.09382375626048932,0.07356012883449799,0.05667460020589686,0.041694114064212036,0.03020924020086529,0.022039570595809903,0.01577659859712075,0.011213434273551523,0.00819118615790502,0.00584919213619647,0.004045111935728402,0.0028583912900994064,0.0019083527258162236,0.0013687837851257731,0.0010791378813808999,0.0011089300314803725
0.21548938058372022,0.15917369219256014,0.13913687026894572,0.1166364232401968,0.09420054703073569,0.07342861116446021,0.056617018881169816,0.04137333854314988,0.029556878613482385,0.022013682391040883,0.015513553249402314,0.011010152519586478,0.00791075319377206,0.005668986801062273,0.004058027642933303,0.0026308469704696114,0.002003351059954833,0.0014205580243316087,0.0011026709139916688,0.0010546567150340736
0.21578707727968874,0.15941553872262917,0.1401117595926984,0.11638395628958158,0.09384163251790223,0.07377292106461361,0.05610497123225298,0.04146529243760091,0.029772755494846644,0.02153897098389834,0.01548242890848131,0.011113042758392321,0.007801647419181257,0.005578045448901033,0.003768367896022186,0.002716999875822676,0.001831201622583716,0.0014503911585744445,0.0009884515087545016,0.0010745477875739894
0.21624120337062852,0.16025701456250463,0.13923606804104952,0.1176031820850596,0.0938632398058333,0.07347573329363996,0.05653162651847809,0.04174088499673357,0.029743564299122605,0.021029215973273126,0.015405988737006621,0.010803211855086123,0.007683974629321825,0.0052610252466364004,0.0036782521686637387,0.0024775277646844783,0.001814317728877752,0.0012536488956147096,0.0009493330687108752,0.0009509869590744829
0.21681279675776616,0.16056043759560817,0.13954319998410672,0.11701113193428118,0.09419099776831541,0.07390385876151438,0.056149714913878164,0.041759653525995484,0.03015919791797731,0.021100015231082004,0.015040693477785796,0.010819034879177783,0.007277808313521888,0.005163667909434659,0.0035594376419636185,0.0023641288152204854,0.0016919745442264265,0.0011025978928129161,0.0008691650055957669,0.0009204871297357079
0.21762427126789052,0.16083487919139908,0.1407323809413489,0.11662857870968704,0.09466112198681788,0.07302793466191627,0.056144020466554034,0.04122600748300107,0.029983303078091605,0.021073865262955842,0.014755842681568682,0.01061553558397029,0.007489620273273507,0.00497432579351749,0.003410540738669177,0.0022306690517836262,0.001623357818842535,0.0011914552798844293,0.0008588406809166929,0.0009134490479113966
0.21722482020936132,0.16157494282773527,0.14001330434178258,0.11774011523810471,0.09409015842757242,0.07382916828006633,0.055668079839288835,0.04119216169077665,0.03006053144557299,0.02101060044943523,0.015094801709045296,0.010276114735054956,0.006854052694460166,0.005075176150147107,0.003405514351810481,0.0022951644343834495,0.0017308882468385642,0.0011864692858348474,0.0008935751943526048,0.0007843604483761753
0.218133396891919,0.1615050143420611,0.14002750895033994,0.11793096941739623,0.09447553408246394,0.07294340803122314,0.05579583128505861,0.041702045957491884,0.030087707537816522,0.02096274705503611,0.014524129917721429,0.010286890876198135,0.0070013754475169955,0.004771859436215484,0.003232549940662103,0.0022626194413134116,0.0015343439810515966,0.0011900683089278294,0.000815999549793352,0.0008159995497933521
0.21856084743658713,0.16133239541523564,0.14075061033640912,0.11807340588405676,0.09496586253982699,0.0739686349153805,0.054896346257293005,0.0411337774651384,0.029627177556171645,0.021151156535771914,0.014429594074564485,0.010126205155790952,0.006839078081681632,0.004690693921463154,0.0031994041461497077,0.002158315057723341,0.0014614970827988589,0.0010609508834360916,0.0007646791078743745,0.0008093681466462535
0.21952543270344507,0.161746698878115,0.14092067379289805,0.1182844094383956,0.09503590693980214,0.07299864314789692,0.05517920375947315,0.041117582817619215,0.029913624780752556,0.020634080153555945,0.014558030247873718,0.009830558956878578,0.0067974980970976605,0.00462984412747791,0.0030744283019492336,0.0021295959228248996,0.0013899460568554114,0.0009001555415825526,0.0007181387960419625,0.0006155475394645396
0.22029568980216163,0.1615517175733637,0.14148646120788838,0.11854244229645462,0.0949660557642295,0.07269578978908386,0.054547501237420935,0.041045955909740285,0.029458067570632313,0.020964145418066175,0.01459742848203629,0.010023523413328392,0.006648137081408222,0.004530864340591214,0.003100587837021317,0.0019533868914496286,0.0013127422075589448,0.0009419297807074904,0.0006919624751067326,0.0006456109217503008
0.22036131753596871,0.16216413080006023,0.14091483229509313,0.11907288429925822,0.09470638190796717,0.07237607748809322,0.05475220463955156,0.040687539627226786,0.029458652765338943,0.021138383656117622,0.014639104602635136,0.00986811065659935,0.006896585974734591,0.00457399593091495,0.002880475179077817,0.0021090375736466326,0.0013094573946267547,0.0008757306722598656,0.0006108593914251234,0.0006042376094042548
0.22160840652011124,0.16221099281108312,0.1419501156276707,0.11766086627358217,0.09523455308541569,0.07261153235177921,0.05394911060088369,0.040501918311819485,0.029406951545476637,0.020983240186525032,0.01468859873148428,0.009926292525609176,0.00684343897685628,0.00443501129828633,0.002960531209553045,0.001897649262181405,0.0012678545157605724,0.0007769121543774041,0.0005768985997398171,0.000509125411804767
0.22181934873442222,0.16271218401908208,0.14156077453163202,0.11881974241827753,0.09481495204665982,0.07308294157930081,0.05445739447453129,0.03966116722300701,0.028712455297032823,0.02048644768140059,0.014887204613048469,0.009939690279978692,0.006796835972779572,0.004363605085469096,0.0028930800964690868,0.0018575923089392704,0.0011909763690438771,0.0008105255844881944,0.000560751373758159,0.0005723303106794191
0.22294197343968947,0.16247735019660192,0.14224242163250844,0.11857234189857527,0.09452628370969826,0.07302760377502245,0.054533438894391474,0.03977421417190332,0.028523017500389235,0.020208427880044646,0.01457537622689885,0.009941069103846244,0.006741111504940721,0.004228515398553725,0.002832260607726938,0.001788796173301223,0.0011792804401763622,0.0007469880316285665,0.0005614832432862177,0.0005780461708167846
0.2228042368310463,0.16406138838610618,0.14269689318910547,0.11822194720837044,0.09401999291876094,0.07273822247664678,0.0544841780633804,0.03973766325730378,0.028809723136790345,0.020315545305039255,0.014081407776788759,0.009835973356010948,0.0066510702928787215,0.00416436416098899,0.002751425347526695,0.001738874347715308,0.0011697280340958352,0.0006750339998742586,0.0005310929263716593,0.0005112389851988871
0.22253945397518973,0.1634317303474929,0.14269966980312324,0.11899832005097778,0.09436679162839198,0.07258703873813484,0.05497322839858653,0.039943063796684775,0.0282645216283092,0.020099803868020558,0.014288669861052492,0.009629500897903785,0.006627109246340111,0.00437283282438326,0.0027541233231543312,0.0016038134015243677,0.0011039665003268868,0.0007448049852280344,0.0005031571455762719,0.00046839957959896364
0.22196497162612344,0.16403890423382259,0.14238572253675194,0.11855133528505446,0.09453656001707891,0.07263844780249333,0.055382430869188905,0.040570754303247136,0.028415249903599976,0.020135605450034996,0.013990828345080617,0.009565529670518803,0.006540306792022546,0.004321037711025017,0.0027984966562019558,0.001623492146501548,0.0010012362371390796,0.000681833602812067,0.0004071142385722538,0.0004501425727302969
0.22260993931528567,0.1632445299334885,0.14211413228804218,0.11816469295123706,0.09519355874631273,0.0731758995937799,0.05468742240600158,0.04019824335464305,0.028711848582864585,0.02023982546109457,0.014325300526728748,0.009720148450768573,0.006546864292028219,0.004183040724641041,0.0026270224099744083,0.0016454066008283318,0.0010627274021446566,0.0006555140985191341,0.0004634948171347413,0.00043038804448225975
0.22230312738923072,0.1637584936634705,0.14173702658065712,0.1181053627989952,0.09510089793702853,0.07356596510854348,0.05471855482777681,0.04039392725816433,0.028952097889368072,0.020197791068290213,0.01401682018422106,0.00971248142398978,0.0063828660508312455,0.004127266769710428,0.002753717684361729,0.0016234357261771977,0.0010905648761985458,0.0006801550290100183,0.00039882569827594754,0.00038062203569903715
0.2227043545701241,0.16384415292341425,0.1431883463613799,0.11844305059688681,0.09450969951432148,0.0731411675797599,0.05461030789405361,0.04024169823769971,0.02885132151851846,0.020346573047736065,0.013667459869923487,0.009260468877383125,0.00650382573120497,0.003927430997104449,0.002546628941280358,0.0017446061902927123,0.00106826123121241,0.000653193786886845,0.00036876509993864927,0.00037868703087870265
