0.10193248240486698,0.09447691757127516,0.10252892759155433,0.09912919002743646,0.09465585112728137,0.10270786114756054,0.09835381128474292,0.09972563521412378,0.10586902063700343,0.1000835023261362,0.10109745914350472,0.10348323989025407,0.09883096743409284,0.10372181796492902,0.09781701061672429,0.09322438267923173,0.09948705713944889,0.09751878802338063,0.1003817249194799,0.10342359537158537
0.07223989095865517,0.061718066067530275,0.05964583725800911,0.05905852107135338,0.05810551744772331,0.057429549761195034,0.05745725335490519,0.05582828204474683,0.05175031305060895,0.04912401236688424,0.04583836615285737,0.044286964905087475,0.04309571037554992,0.042901785219578686,0.04479671102935471,0.04546713799714099,0.041128755222127424,0.037942841945457155,0.035842909542225805,0.03937788809964429
0.0784828432296468,0.06333937609874951,0.06095768122299176,0.060025564667299504,0.059168839891847035,0.05821958884064577,0.05927507376400315,0.05576592908374998,0.05313064367445829,0.05044738167774126,0.04727407310946543,0.0427300049004657,0.04277798148789105,0.042315350109146735,0.04221939693429606,0.04151002882022142,0.03924484851392521,0.035896768091457094,0.03153089863575147,0.03595845227528966
0.08419007343486586,0.06624567820098867,0.0636540274880704,0.06231391262108178,0.0608052118753036,0.06047661228105267,0.05995085293025114,0.05541046375403607,0.052527359487956116,0.04998999914278365,0.0464211218104409,0.04394662399634257,0.04165785638769038,0.04123210560905221,0.04031774152070179,0.03968911620996086,0.036054518958767906,0.03295139583392862,0.029251078663885467,0.032985684487241755
0.08953198151715865,0.0692954052144386,0.06626068126248581,0.0647661940901674,0.06294383473208522,0.0608088530573446,0.059405865099657895,0.05688201176273238,0.05289925428140074,0.04941720083569283,0.04609527101559044,0.04318762930618179,0.041039939407186754,0.03979961671995649,0.038239046781515136,0.036960599421521634,0.03377337677851597,0.030408238995948626,0.027320140502127364,0.030990275666800526
0.09278348132240037,0.0721420695043888,0.06932869754980041,0.06669795204090831,0.0642452095233912,0.06202826317626689,0.05892592532658925,0.05674134315971492,0.0525686756346269,0.04916812498121722,0.0456612348784147,0.04264211920652277,0.04066790421127337,0.03823827896536339,0.0366570575874353,0.03525152747372144,0.03182554782154391,0.028866537055830522,0.026157192823474205,0.029407481211437506
0.09616529152090972,0.07548672452697695,0.07142337219707902,0.06826346279827532,0.0655702608852028,0.062281899884821725,0.058773030301732795,0.05572016390424363,0.05238470398328417,0.048854425799932356,0.04570950242131269,0.04239759196064243,0.03962303736657089,0.03783327838459266,0.0349195678888123,0.03365646047330134,0.030479424194287334,0.027578558858664705,0.024855384905224126,0.028023857744132966
0.10095626242144415,0.0773124777244619,0.07319867665684697,0.07035747582160241,0.06613896713993167,0.06307425582083723,0.0586261958314288,0.05525138888609221,0.05203968418572714,0.04881187062166118,0.044798749952176815,0.04212669218579159,0.039078089730398044,0.03670203233451667,0.03424945783605607,0.031225018676213852,0.028818757160893327,0.026704468800151423,0.02359344449791692,0.026936033715851734
0.10483522684739988,0.08000936680045069,0.07637781219948983,0.07126062162540861,0.06725477889168485,0.06304163811520014,0.05864423241181677,0.05497428928441867,0.05091278318736097,0.04793767238847654,0.04510459913740982,0.04139242863093078,0.038735942601475275,0.03610824796684767,0.03283754551439666,0.029635942409532635,0.027562961981922842,0.024837376604880335,0.022397785749795104,0.02613874765110204
0.10810131959257928,0.08360805607114165,0.07884311715655039,0.07293126852647036,0.06832700778458042,0.06351405010573362,0.059111098798607445,0.054721075620319325,0.05075583381813816,0.046618832589965936,0.043915006787267626,0.04083441837271795,0.03799946440609099,0.03478036032541947,0.031153096748575592,0.02898117110378517,0.02622747966128302,0.023595682004968095,0.021168887534513493,0.024812772991291983
0.11254911688470434,0.08659491017856435,0.08111431067395738,0.0745623968680234,0.06884632391799053,0.06328303908140193,0.05904092204930204,0.054516596384134496,0.050456027580950726,0.04630558341691743,0.04244633542203671,0.04010777853273082,0.03661881702455035,0.033663715159816365,0.029870974931964344,0.027296944597232562,0.02542034706269347,0.022860696785697594,0.020671332995401984,0.02377383045192926
0.11703427375636215,0.08928347910095959,0.08332819135901502,0.07615822236952753,0.07038804570304302,0.06367468403302382,0.05909803306260105,0.05389729332348425,0.04978782744827026,0.04581939858293064,0.04191619933465791,0.03867234810754777,0.035566007965065136,0.03166809760466268,0.029034231445259136,0.02648851341702705,0.023898721323209225,0.021594529174386975,0.019895033205401008,0.02279686968356584
0.1231412833317105,0.09258460725264639,0.08493239765756494,0.07713413361895088,0.07056863863348681,0.0645125954570113,0.05860086798069298,0.053991459292540095,0.0494255191887719,0.04491695761639148,0.04089176670236889,0.03772725375916317,0.03422194711438149,0.031130461392942087,0.027652974642166605,0.025509104060313533,0.02268190733193306,0.020324171314907283,0.01865323893115967,0.021398714720896914
0.1270993551057006,0.09578921957443876,0.08746594475290546,0.07820981480842844,0.07166948304997069,0.06450150015518848,0.05858709521674654,0.05364003172742008,0.04881194606338587,0.04469083008587095,0.040381763630720414,0.036315825775080184,0.033170672828223606,0.029620305548849882,0.026770010690761115,0.02443701072524744,0.021650515570576265,0.019615822326447572,0.01738628133944891,0.020186571024588748
0.1314320641845271,0.0986189916892954,0.09032369629459683,0.08143257782510875,0.07184975670557778,0.06371026562066617,0.05785476298911423,0.05357956121397238,0.04798430314382277,0.04445045594162302,0.03973865967202335,0.035326487075090826,0.031556365205302146,0.028421445521567758,0.025818999907544687,0.022932339838305952,0.02084182267072556,0.018520167241373408,0.016814880510079337,0.018792396749682395
0.13619068877442353,0.10199477579006379,0.09301854032234703,0.08297224489378631,0.07281689876857907,0.0645171184034978,0.057851394570979216,0.052562435783622984,0.047375712024372824,0.04324712080602096,0.038592019192922614,0.03435267336078912,0.030564865569457624,0.0267463872696943,0.02432341710357942,0.02224974995016042,0.019714321253128813,0.01712947895917925,0.015887323367689988,0.017892833835704905
0.1397972889218685,0.10588588884341937,0.09483169954339916,0.08488632523768204,0.0742600400395981,0.0654149905674314,0.058121942480858925,0.051547161993965196,0.04656683369642922,0.041798759417710815,0.03777442322092927,0.033595566098448514,0.029628962994785346,0.02585763358843436,0.022806269813912657,0.02085013677648973,0.018274222004119427,0.016608452464438962,0.014957965214113363,0.01653543708196571
0.14359976873477237,0.10868787502182944,0.09846913948650306,0.08583602210244508,0.07595299415563608,0.06647010252645394,0.05782987085430799,0.0510563768334636,0.04566301400985759,0.04119878127972413,0.03609704322998174,0.03239917327767596,0.02829099405051551,0.025103467452471103,0.021651443966503838,0.019257408032227925,0.017255030951222366,0.015525628222496137,0.013825048872582011,0.015830816939330177
0.1480358604270516,0.11093600990186069,0.1001920852750404,0.08842686217881514,0.07666671175710682,0.06574017084767773,0.057618818946101144,0.051496100804188,0.04507916754029395,0.04016881860792283,0.03525001521802356,0.031459036462384425,0.027458387160046265,0.023652190380856405,0.020595058538663922,0.018217665081737694,0.01647604683093114,0.014693847183989287,0.013095954711161909,0.014741192146147128
0.1515460666654301,0.1147851425160323,0.1024972134207726,0.08989900863544463,0.07758072648354777,0.06616123206429453,0.057164923333237784,0.05045352525458625,0.045138367781242146,0.03919422752314001,0.03506621182049201,0.030226585567796085,0.025768058803988397,0.022547262238605387,0.019481603518256525,0.017115751381485644,0.015018017911675978,0.013856170354844094,0.012515577020038075,0.013984327705089705
0.15644133534166998,0.11674972958219186,0.10431724979192152,0.0912495830005762,0.07908836344153415,0.0669911680364466,0.057416187327935075,0.0501949367003299,0.044230581305620985,0.03827633498785224,0.03319652382540951,0.029117511280045003,0.02527943173508827,0.02153401872874987,0.018251938415503287,0.016122292873437725,0.014454295178307272,0.012868854944854981,0.011268251095992419,0.01295141240653316
0.1604543375309439,0.11954445161984717,0.10678008287590139,0.09339515391238831,0.07894064148100315,0.06752334248197181,0.05733202830696372,0.04966668012054676,0.0427665213647616,0.03736815197502961,0.0323229469378969,0.02782262404477451,0.024472607900118397,0.020663478097083195,0.01723105693682058,0.015096935206113445,0.01336138467333979,0.012301891615541922,0.01073115111398127,0.012224531804972552
0.16522854614662616,0.12296979862954589,0.1096077868391404,0.09435682515376048,0.07947022091478904,0.0675286994454043,0.05673901764531061,0.0491697855328266,0.041755027545087114,0.03605123839555114,0.031546302779358895,0.02715386462357845,0.02318958844399222,0.019211879731819488,0.016669772939827292,0.01417803814503441,0.012715571159680908,0.01119937404398147,0.010024027442664073,0.011234634442020993
0.1694683113425907,0.1264944669266056,0.11027206305672724,0.09475797314785131,0.08085185663859706,0.06771615744711561,0.05697227672584387,0.04836508717129281,0.04110235136736486,0.0353737363225749,0.030455821854003404,0.026202581149784902,0.02217929071252692,0.01865618406763559,0.015789358841587768,0.013664416958580415,0.011485764064312223,0.010456862504846579,0.00914597813626148,0.010589461563896804
0.17367109328091612,0.12834889189288912,0.11267404845683461,0.09674595214694706,0.08149711023376416,0.06821223597130023,0.05724185817168197,0.0479536832360015,0.040151482116321906,0.0341723662539707,0.028959717698518392,0.024845616377242787,0.020984767929800315,0.01765725997162227,0.014946951070203038,0.01275991962994891,0.011089456965460334,0.009687341716953858,0.008473069659634845,0.009927177219987858
0.1765821090324955,0.13090592684314445,0.1146648371875105,0.0976322746896021,0.08194504869314952,0.06799136575081156,0.05717010809544527,0.04747665740771727,0.03943308456878953,0.03333556440547505,0.028218600448445492,0.02398848766774874,0.019999330678357484,0.017121247615541655,0.013988822328569992,0.012081255647401357,0.010663967069375188,0.009111140858739668,0.008172417255111943,0.009517753756567717
0.17990565453629645,0.1323798383844469,0.11723570134088367,0.09870128566193269,0.08305680641107378,0.06817873763159084,0.056391411517241745,0.04653182527849315,0.03883759962917781,0.03267452153730562,0.027339769173230527,0.022868483628434834,0.019376128489217544,0.016113027137289553,0.013544380688464183,0.01141248780520456,0.00998509013689965,0.008462309505999922,0.00788164480388761,0.009123296702928926
0.18225765967771626,0.13511487424909221,0.11957965897491676,0.10053379294188516,0.08429243151888356,0.06826023660915985,0.055835745720453134,0.04614715282542126,0.03752949247837217,0.03146533692541958,0.02628637405665903,0.021964157226284694,0.018317966566824516,0.01520389551714329,0.012690550693596155,0.01111259851742775,0.009625006274995398,0.008120680711500811,0.007257241344689682,0.00840514716955874
0.18527336551265533,0.13713804528161921,0.12142431092643365,0.10248763201291183,0.08450162985091586,0.06914043116281633,0.055558618661667676,0.04578452552207859,0.03731197401594934,0.030361507783352643,0.02518374459709851,0.02051390009707262,0.017379507151795842,0.014330324249274459,0.012017957598814414,0.010382258934941296,0.009100766723306284,0.0076872824846580135,0.006616309202183382,0.007805908230454739
0.18802873584332216,0.13993193439250276,0.12318438832798409,0.10369150716225198,0.08502690228009767,0.06970045121018512,0.05595874649735985,0.04463340424892373,0.035913124505288614,0.029565789517629257,0.024058420196582022,0.019903679483796847,0.016375155719281137,0.013704966651860115,0.011480644051606962,0.009972713640174073,0.008371268164466282,0.007003610349445756,0.006282208425039324,0.0072123493322022465
0.1915626862755902,0.14121797729545787,0.12481821172094018,0.10448797901524601,0.08644356173120882,0.06942433850772488,0.05596157025000375,0.04459761133123286,0.03523728901289173,0.028510079126948737,0.023355723972343128,0.018969429514568942,0.015690144278532207,0.012940153044442333,0.010797931579149489,0.009021373793435084,0.007815852438843165,0.006827391715964475,0.005833921901584709,0.0064867734938914125
0.1943717135690536,0.14382213481554312,0.12576728527262274,0.10582078482679314,0.08670261081157657,0.06964941958817011,0.05574453546220448,0.04424629794751708,0.03463637803018309,0.02773643552970391,0.022319814001549993,0.01787818434846376,0.01522487312605728,0.012371563570303579,0.010108249097924182,0.008491595903367469,0.007481604319964,0.006229948083765967,0.0054632878059349506,0.005933283889300924
0.19756534789677743,0.14551882269562677,0.1272989535998666,0.10611914787176385,0.08715220744569979,0.0693992579313795,0.0558635927794222,0.04392045691416183,0.033646558552549305,0.026896235460874635,0.021406595239087837,0.0172726893734106,0.01431608788093551,0.012003168382874064,0.00989869512652687,0.008182765664735067,0.007110518197356903,0.005989911201901028,0.005012715220744571,0.005426272564305666
0.19991458210294855,0.1469938572520128,0.12795667711033928,0.1068607921842624,0.08817562720426553,0.07008772017630786,0.054852637444403295,0.0431927608332249,0.033671668284935424,0.026169240881806322,0.020837295589300076,0.01699849517689179,0.013528393109178092,0.011473024961378434,0.00942266176848413,0.0077660216948111935,0.006616550384881036,0.005610554448904412,0.004813098300650978,0.0050583410910134356
0.20291200021326009,0.14898051668926998,0.12904069602769716,0.10819618597614819,0.08804310520054778,0.07017923846146157,0.05498945362092348,0.04257704854666564,0.03267544809615364,0.025606208535069636,0.02038133574139546,0.016151121448302747,0.013127159675178185,0.010674668363861743,0.008921936801698085,0.007340812987540944,0.006091242006910962,0.004951633272576417,0.004421815176789301,0.004738373158548897
0.204980881196957,0.1510069014215863,0.13108704051587458,0.10893887312309314,0.0885793463634305,0.06915910574629949,0.05374082364069972,0.0419864236513583,0.03224715882595894,0.025377379857974607,0.019923191707635526,0.015519871564277827,0.013030097126184099,0.010187257684160036,0.008340328017373463,0.006996349441091436,0.0056423784590377965,0.004819670383841613,0.004033601129808014,0.004403320143357715
0.20734053352415496,0.15258358156795523,0.13114775923183172,0.11004310129636713,0.08915811019953074,0.06942969829092542,0.05387994874440431,0.04150205521625535,0.03183505017390291,0.024765771912599224,0.018881363265713668,0.015341731706911181,0.01208666855269508,0.009836747599474126,0.007941289044948497,0.006606646586011217,0.0053668602619360625,0.004393336772561615,0.0037759398245993583,0.004083806227222045
0.2089024960751703,0.1539998301876426,0.13282988963861597,0.11008835237063047,0.08879854427524254,0.06968632993875101,0.05396203861399819,0.04134597935947446,0.032187765852066806,0.024158305072894456,0.018486239372160426,0.014337490406434224,0.011757008505601315,0.009409602389359761,0.007393496852644494,0.006146541405080717,0.005117678298813145,0.003995584878709028,0.003446191957886535,0.00395063454882355
0.211038539729227,0.15426039853999535,0.1338575996433171,0.11092607811756566,0.08979793509833738,0.07011049852435726,0.05330281120756486,0.04073239792777834,0.03136447876704808,0.023545402216625023,0.0183781571601114,0.013996147025257283,0.01108811600182334,0.008996928932912325,0.006944005430099118,0.006073925209700978,0.004857809261113903,0.0038197020765470967,0.003212475918907858,0.003696593211710648
0.2127274541765078,0.15649346329130767,0.13512025548052292,0.112063803599348,0.08907055653504542,0.06995276271581116,0.05324506836099931,0.04014836499118459,0.03064435647516717,0.023287648448155427,0.01775223711786035,0.013866804164864775,0.01033897741259439,0.008381291374205782,0.006799507667742256,0.005349123448987063,0.00443930674295599,0.003675859086524069,0.0031785369748178693,0.003464621935398024
0.21453654661457075,0.15784487901999464,0.13569471058365223,0.11207539832245048,0.0898471192981348,0.0693489067010575,0.05370019826793926,0.040288444120183946,0.02985652580723968,0.022662042076678015,0.017526686399284702,0.013383501381892638,0.010270711354786603,0.007769510612237436,0.00637847737535129,0.0050190207591351964,0.004149832727006819,0.003415260814577098,0.002880120190589834,0.0033521075732369865
0.21647842166879525,0.15933974563644102,0.1358340650276713,0.11217206790123457,0.09015305715197952,0.06959244625372497,0.05283332002979992,0.04010682737335036,0.029690160706683705,0.022250159642401016,0.017003578650489574,0.012982585674755211,0.010029201255853553,0.007694431140911028,0.005989915921668795,0.004682843763303533,0.003981082375478929,0.003453929863771818,0.0027854273094934014,0.002946732652192422
0.2186936903273165,0.15989663516231298,0.13782199791078142,0.1125985860407647,0.08969357573583508,0.06945738442452652,0.05282667291107204,0.0390524447013065,0.02912450447488039,0.02195340278573552,0.016677212404444815,0.012771137561260769,0.009655577864911589,0.007192691388533211,0.0055551957272324155,0.004525533141018935,0.0037931441079219245,0.003180328794514223,0.0027020339157569923,0.002828250619873485
0.22055668117049182,0.16127810808117718,0.13770053475935828,0.11315640880858273,0.08964692596406151,0.06950875211744777,0.05275019098548509,0.03876008901584348,0.02884877271066529,0.021694290364367097,0.016394858338592357,0.012193177666323444,0.009325073903079016,0.00688710266715382,0.005394094396651944,0.004351147573653968,0.0034775965722257285,0.003037499584814162,0.0023250406882120438,0.002713654631813199
0.22221206809175267,0.161813453853631,0.1389749682221872,0.11379032459062702,0.09057964392233753,0.06982146269326311,0.05168360098698149,0.03815331444665066,0.028034261882409636,0.021356351824004915,0.015765118346390623,0.01203984480796232,0.008801415670408,0.006541660089559432,0.005194114665979876,0.004114084425133135,0.003432834580906727,0.0028894962905115194,0.0022830177706514234,0.0025189628386517904
0.2226312932712976,0.16302126819033638,0.14000189227635862,0.11474830234592476,0.09024332350124241,0.06929217244945214,0.051606028062126406,0.038494544766444955,0.027846340520110417,0.020526218816862504,0.015599660718168672,0.01174539255605039,0.008701151466763167,0.006385602764715355,0.004944816905663381,0.0039123643661123165,0.00319861100275708,0.002607689613560651,0.0021761178124621336,0.002317208593590494
0.22342364777368265,0.16437062124381582,0.14073778928844174,0.11521233854633595,0.09097021615698772,0.06903908091775408,0.051451007736494345,0.03785403592655312,0.028175117043530224,0.020232758906929642,0.015112727031244812,0.011048577215526118,0.008354085732310657,0.006245641996214761,0.004769731380947637,0.0036889464422087187,0.002833947604343063,0.0023657734834146823,0.0019739681907228477,0.002139987382541422
0.22494131085159866,0.1646184956319336,0.14162762357925776,0.11541258388314635,0.09067514933773406,0.06938435332361546,0.05122143158356106,0.03816869934221668,0.027134807396658942,0.020040642442796762,0.014819217500157722,0.010974123647327192,0.007965785969724035,0.0061046675720457045,0.004658606800968247,0.0034150941516720174,0.0026746313458160535,0.0020454039838891224,0.001993936838190614,0.002123434817690087
0.2253498709278439,0.16575451255158324,0.14213024599146815,0.1158449542486044,0.09050635744614532,0.06943700665339193,0.052033404570331475,0.0373919632065602,0.02669314980825696,0.01999167704273059,0.014565175221461956,0.010508148042529983,0.0077459873232407815,0.005671879844350752,0.004448305648171021,0.0035115584654588977,0.002518440655822506,0.0019630241846569103,0.0018287294558079151,0.002105608711583003
0.2265105154748685,0.1666990321879258,0.1419850521084892,0.11642624893567231,0.09034295834142474,0.06952445920533516,0.05147113742400327,0.037512469024536386,0.026967948175331498,0.019347942631698624,0.014254107516601848,0.010499707050538347,0.007400915861263118,0.005678074268082786,0.004262290184284299,0.003243191207200748,0.0024548003047338315,0.0019784462226117155,0.0016016783597485788,0.0018390255156491451
0.22872852279288314,0.16620156222002486,0.14338379246497615,0.11635685511968834,0.09101889396945907,0.06941891255151542,0.05114545104623615,0.03737647909850482,0.026345042240996007,0.01919260965072371,0.014075907700271431,0.010062515346787626,0.00714413702939283,0.0052494309245236705,0.004020028802187371,0.003061061964521545,0.0022746427931485307,0.001846591851768282,0.0015744974549219228,0.0015230649774692563
0.22799684738872528,0.16763927489940675,0.14366449578960466,0.11725225038370597,0.0925208445679678,0.06800182519600116,0.05109553241796989,0.03725556892188992,0.026375741485875483,0.018937238146596428,0.013625917783216495,0.009783050566225575,0.007050234371759243,0.004886547475836894,0.00384452648608288,0.0029916621728128764,0.0023113618451072303,0.0018235367320695239,0.0014502011863774008,0.001493342182768491
0.23041673441352242,0.16739888574396,0.14441362192940838,0.11789612001314015,0.09130893561670654,0.06837178589560237,0.05061768541346596,0.03730833170187844,0.02633831839584294,0.01826344623001191,0.013325944778293576,0.00964272796955207,0.0068222466295247974,0.0048661598648823525,0.003595284155199474,0.002895141140204468,0.002186702591856441,0.00169394791068697,0.0012990805230831506,0.0013388990831776533
0.23022066068815872,0.16878170483688495,0.1450070169501647,0.11740369526198274,0.09231519542952693,0.06879762983016657,0.0506895853861645,0.036705450660721346,0.025848254720267534,0.01840995577496658,0.012880997169995986,0.009352615846031852,0.006524270685073303,0.004712802699286364,0.003549946419033023,0.00272217853908093,0.002073566833547327,0.0015394160172255348,0.0012706817555978014,0.0011943744961232597
0.230924763045939,0.16935565399983762,0.14468657760276568,0.11855078084214613,0.09215975816515769,0.06894911557590731,0.05084962055861329,0.03621390583489535,0.026382736121262147,0.017807808255729737,0.01263368286025387,0.00890639009458275,0.006480086577934232,0.004401818401788568,0.0034405779375425724,0.0026318100986597323,0.0019175089950562404,0.001501523897598058,0.0010639937552516044,0.0011418873790784352
0.2326141991017591,0.1693643180548394,0.1462484602414872,0.11756709036620967,0.09206719729964075,0.06886844535370096,0.051059469908600934,0.03610039474185939,0.025571182020594226,0.017939948174588303,0.012135701010811054,0.008733725809419758,0.006213744178759541,0.00461720318512415,0.003163240099539274,0.0024138771409482097,0.0018153815036664074,0.0014092002539876224,0.0010560712491648418,0.00104115030529909
0.2341499860016599,0.1695820211615144,0.14564900114802953,0.11846902887965238,0.09219853456430373,0.06859849281777475,0.05031119386789874,0.03632445004746183,0.025134061026136308,0.017849954360441518,0.012007096909928553,0.00852821949397243,0.006093005302803145,0.004401608235331147,0.0032022238309729425,0.0023010289194109754,0.0017775406987242458,0.0014048038327289475,0.0010270971418537118,0.000990651759400838
0.2340693284521222,0.1710280885183767,0.14617270932089155,0.11864625975537574,0.09179296634716622,0.06920741665547503,0.049563194606792246,0.03588452884872059,0.025060973688879162,0.017570038913731555,0.011939402681681695,0.008232069756221302,0.006000374712540765,0.0042362413347724935,0.0031121037124727884,0.002326202188918126,0.0017359470362061842,0.0013778146963584902,0.0009666257135703968,0.0010777130597268575
0.23455542653443562,0.1712664260358362,0.1475042695683719,0.11823929791896848,0.0915981851642645,0.0690535389793785,0.05023762156467462,0.03550988833691408,0.024611928950406745,0.017739207640995146,0.01142140598418727,0.007873233160673256,0.00591030841937349,0.00423561060211267,0.0030561992807578713,0.002256121095063534,0.0017426133568332143,0.0011843807510796079,0.0009458481242887504,0.0010584885313844334
0.23778375788204825,0.17184398891746297,0.14689335793908587,0.11815735411889353,0.09160005372145424,0.0685014864593748,0.04976530025152916,0.03521739779244616,0.0245759072542202,0.016860909517485177,0.01145228656084867,0.008101327947923351,0.005763449845882431,0.0039263087557680106,0.002957996123433332,0.0021853357010566876,0.0015303982185700476,0.0010810613634969352,0.0008107960226227009,0.0009915256063974956
0.23787290998744454,0.1732879768197476,0.14681876910471744,0.11817848595269406,0.0924340757670497,0.06867166340203704,0.0494056494401478,0.03530775699214001,0.024157153353556903,0.016466338379273117,0.01126836250491353,0.007830135323181744,0.005450079362841604,0.003910921222635577,0.002890897239632658,0.0019670706403926187,0.0013351533436054455,0.0010515369190631713,0.0008110434596559789,0.0008840207852691957
0.23968873270691263,0.17297558681403127,0.14680038552365304,0.11805502654615187,0.09240478658748641,0.06888254445611025,0.04983820592394852,0.03496540554504897,0.02409854037565372,0.016310233930718347,0.011135141938283096,0.007634295707240492,0.005277765817565175,0.0037326903523037013,0.0024972923918695584,0.0018746253233397482,0.0013281356089385843,0.0009455928088577701,0.0008064863361011103,0.0007485253057858357
0.23999192035590164,0.1729292186752364,0.14706111224248206,0.11911680218282844,0.09225198555598048,0.06895181518807526,0.04938516888608531,0.034974262691084446,0.023899521016180807,0.016165910855697223,0.011293289425103523,0.007573010677382131,0.005029909584146681,0.0036341841794608172,0.002448728201103665,0.0018410992289569147,0.0012781732057146927,0.0008410777053148495,0.0006804782222133921,0.0006523319210512807
0.23897260307993906,0.1736004755179453,0.1476953439971654,0.11978018884950156,0.09195113026575688,0.06872492644538747,0.050041972074910644,0.03498169620165141,0.024050743990211478,0.01610171315605168,0.010894526742089468,0.007452319888471836,0.005013469145143907,0.0033842572432873645,0.002364344101474735,0.0016176219797904873,0.0011937619728034198,0.0009189152495227435,0.000630822901023721,0.0006291671978714278
0.24000655660619472,0.17381960392138035,0.14747562382962096,0.11963488313180602,0.09196964754930288,0.06818373729864513,0.04987325550398943,0.035238446879072016,0.024050823632260483,0.0160636851769373,0.010886284275238377,0.007329822127221338,0.004945601692796507,0.00340579266223047,0.0022467966177184004,0.0016739214300024341,0.0010977348250164327,0.000897394080179346,0.0005761866049860008,0.0006242021554015008
0.23913144372617276,0.17477540195590915,0.1477805403613459,0.11978120338140229,0.09210508867893254,0.06847173877009778,0.05012928891098956,0.03519476214155478,0.02384385877672799,0.01581800099453009,0.010663020056356706,0.007109232554284767,0.004932869219293885,0.0033731145367147364,0.002303994695839549,0.0015382065307475547,0.0011254765456655072,0.0007790485662191282,0.0005784849991712255,0.0005652245980440909
0.23928794410338022,0.17499490749864613,0.1488351834708171,0.11931523659844097,0.09208236106579842,0.0691056573963821,0.05010027673397599,0.03505131419656891,0.02364411116392224,0.01577267736395569,0.010163473433703914,0.007043384799338887,0.004734784185588967,0.003085310576338665,0.0022473249877034726,0.0015617004151837692,0.0010367173487858315,0.0007402758065611293,0.0006624392005021289,0.0005349196544054692
0.24075008896134525,0.17581409975256337,0.1480565049363202,0.11846009980221621,0.09203816648598548,0.06972914373670752,0.05026688403578315,0.03498704888322478,0.023436142305050523,0.015337763470402768,0.010205314509388526,0.006880229065119704,0.004394276682196974,0.0032522612732644256,0.0021218315279007607,0.001423381524176797,0.001016228204470411,0.0007431375632039325,0.0005710077044662734,0.0005163895762129777
0.24135400497961604,0.1755223544340284,0.14888654393773987,0.11953894652793542,0.09188435231031986,0.06900064771452852,0.04981438257565092,0.0347297572644249,0.022979785011786415,0.015439128915069891,0.010434664488843901,0.006768699650963039,0.004573759113144632,0.002978492895847173,0.0019481132622448695,0.0013517520595168486,0.0010403189869811033,0.0007106637665842248,0.0004804020799753503,0.0005632300247986866
0.2429420911181873,0.17673709258366901,0.1480848555299993,0.11949885493718299,0.09203721826735356,0.06892731707559405,0.049111023899771004,0.03420616429622932,0.022815148940961785,0.015443030847975733,0.010269963255323346,0.006711409395973154,0.00448917613434079,0.0030468771992574876,0.0018529649923745273,0.0012998905442484397,0.0009488373017252943,0.0005861926785527995,0.00045537566836728767,0.0005365153329127318
0.242493181644955,0.1770667983390719,0.14954649239956383,0.11983072584413394,0.09207678975606366,0.06859116049562732,0.049211456824817174,0.033796837873932506,0.022950433955573824,0.015010322807273355,0.010007986505787733,0.006626148681563763,0.004568215032525957,0.0029178914299159272,0.0017712810554117691,0.0011847202568937463,0.0008334465583462302,0.0006097581182334246,0.00042915041473493736,0.0004772020055739845
0.24242614936723114,0.17678776657933873,0.1507450476439669,0.1198915631924273,0.09233854540998321,0.06807274606113398,0.04880484355489903,0.03400987655956571,0.023212564626548797,0.015142733177224959,0.009772229711155345,0.0067267915754470435,0.0043404531558952995,0.00278875357288351,0.0017222706150824536,0.0010747631049889544,0.0007634295707240489,0.000521649272837474,0.0004570641247718819,0.00040075912389418635
0.24351030005961455,0.17689772802543546,0.15017387560442474,0.12060011922898589,0.09172186527124593,0.06819566801351262,0.048683513280784255,0.03369212426309864,0.023052593230443136,0.015065907133867655,0.010081473140359017,0.006431741405577262,0.004227661124726766,0.0027555143405974705,0.0018215539511161167,0.0010333178777240512,0.0007070941246605283,0.0005282506458236734,0.0004189574087567065,0.00040074186924554537
0.2430004600714269,0.17806088168220655,0.14998659504115813,0.12055360825083494,0.09180410886812497,0.06801775412326604,0.04890824057432802,0.03383014427707555,0.02270733830475264,0.015170772555911918,0.009914704743369512,0.006500577571683432,0.004186980971578178,0.002651202970936063,0.0017525742485775847,0.0010806713732966601,0.0006503887438064124,0.0004948250239137845,0.0003061626402142145,0.00042200796353851185
0.2444193307664433,0.1771782852358599,0.1507107483416424,0.1203548198681918,0.09158899535544038,0.06804519800186311,0.048379864419231505,0.033541100298992495,0.022875324928892063,0.01533184526518003,0.009946009269263669,0.006438183674381126,0.004067092128406271,0.0025928125977268623,0.0016794542352857474,0.0010655847561813017,0.0006453075386812233,0.0004302050257874821,0.00036071036777565794,0.0003491279247736873
0.2440580862020433,0.17740963356680411,0.1507591939463183,0.1206116602917557,0.09193780736178035,0.06811219843359331,0.048805325120460985,0.03340784528008212,0.02278575331578164,0.015119301905850022,0.009792525623830579,0.006363320252347123,0.003886211978209394,0.002531750368420182,0.001630983723279188,0.0010100508337058931,0.0007136588677495738,0.00038911794413259824,0.00035103406023876934,0.00032454092361697544
0.24499667382648954,0.17752003150763362,0.15067731483473384,0.12035452707108081,0.09171964825301422,0.06750311932192395,0.0488451062224267,0.03421656202734411,0.022579919178948134,0.015182906446819279,0.009713750500580837,0.006210512032143081,0.003759734435659228,0.0025037316026198992,0.0015373209906370696,0.001054115684645655,0.0006751635782345797,0.00038722616986983246,0.00027966334490599004,0.00028297297028949294
0.2443640204562424,0.1785070386625631,0.15020173139675602,0.11964981349986176,0.09202825729569004,0.06781055625549443,0.048915517837955946,0.03413954150600724,0.022717753190700324,0.015275958948447153,0.009852306459543629,0.006059391974782335,0.003864104062607093,0.0024800462235584526,0.0014602141316278736,0.0010016208045746755,0.0006754732037462274,0.0004420376112751046,0.0002831027398054041,0.0002715137387607384
0.24578640056435236,0.17758885072812716,0.15042276751264333,0.12025276628723022,0.09143237541357693,0.06826710030834045,0.04885755069732628,0.033702171630693625,0.02272147685459646,0.014827498269518022,0.009798336750138272,0.006097258055435038,0.0037938126575235405,0.0024011472515971773,0.001419160823875021,0.0009737066096131996,0.0006408579216331775,0.00047691752307585296,0.00029807345192240807,0.00024177068878150878
0.24505890902830313,0.17866561159606473,0.15105940235106366,0.11994199318949719,0.09191695623167626,0.06806033105599213,0.048612157260701186,0.03305428040267056,0.022452807387260017,0.015178779837335928,0.0098631443200837,0.0061085939142512344,0.0037810375339159394,0.0022182969769909636,0.001433615807518041,0.000955192056510288,0.000663833647592072,0.0004320712768616727,0.00027149306285561046,0.0002714930628556104
0.2448969793296413,0.17958295047226425,0.1505285552271918,0.11998907293813794,0.0921813561146017,0.06811864140197514,0.04824297812104203,0.03317522205942004,0.022501469358697363,0.01496676352016953,0.009746608057880317,0.006057896871714639,0.003882418191902385,0.002304616683636724,0.001427140503803776,0.0009006547959040073,0.0006208557876176521,0.00041555947384541497,0.0002731765465517668,0.00018708454400211922
0.24527009928697954,0.1789828501300836,0.1511236150185822,0.1206676689640116,0.09145880574451998,0.06828853593467535,0.048884323970288336,0.032723519750715746,0.02232179037430678,0.014784712815347392,0.009417625547666186,0.006149408462631343,0.0038967203706184632,0.0023469635848504247,0.001397592832416214,0.0009030599840227847,0.0005639990010105667,0.0004068731796146611,0.00026297900633630544,0.0001488560413224371
0.24636038215780479,0.17764578744333914,0.1504220914087311,0.1209493374464008,0.09221633984440292,0.06846304445323399,0.04885701850052876,0.03299445761957326,0.02227212773457476,0.014558471368780955,0.009459613771052852,0.006052100692921673,0.003874205010153031,0.002412896584708723,0.001297469768457914,0.0008622216190900167,0.0005097202661798949,0.0003359519936185672,0.0002714094923815025,0.00018535282406541634
0.2457020709143822,0.1769798765425971,0.15132548778248203,0.12122550747081082,0.0927303741278815,0.0685269655652784,0.04871455066766597,0.033243494992712,0.022113798540416497,0.014610725341195426,0.009119501537840474,0.00590318967471241,0.003762290728782518,0.0024966124493108256,0.0013583292384918412,0.0007643704119162371,0.0005393609400101589,0.00037887624313597045,0.00031104250528193216,0.00019357432509567042
0.24579017097339215,0.17755794355579,0.14900669371498695,0.12178690929660584,0.09284531679780085,0.06832485109916193,0.04946269994723758,0.03380268178638002,0.02215194584161019,0.014412906448427631,0.009325219939893846,0.00590641369374972,0.003747951114544069,0.002383405805850839,0.0014472450243716065,0.0007691073558089105,0.00046642639642604914,0.0003291448683999425,0.0002762170503657809,0.00020674928919594374
0.2460235105645283,0.1775555698986659,0.15051991016799648,0.12083298165130024,0.09234425450856361,0.06888333920849198,0.04857680487356824,0.03339903581198829,0.022621843343445223,0.01469782652228671,0.009466452843990543,0.005734485857417345,0.003677352835550172,0.0022755896259592646,0.0013934883382237821,0.0007927326769705366,0.00046670274510582756,0.00030948018913046004,0.00023335137255291373,0.0001952869642641405
0.2455316422797604,0.17779569296170544,0.15064701588032062,0.12129002567536473,0.0926630700187558,0.06883182884414507,0.04868386855405152,0.03305185893944685,0.0225002938347672,0.014729812723790354,0.009429199064363888,0.005817100686828423,0.003617064598952789,0.002148718466563259,0.0013657108897647836,0.0007945954267722378,0.00043206126330740444,0.0002781083993702832,0.00020030426383216827,0.0001920272281366241
0.2461259740904353,0.17874125179927539,0.150440925861584,0.12155655928922422,0.09188630234443504,0.06862560182657472,0.04884929104415878,0.03316622822256416,0.022421865951920052,0.014407438659188298,0.00929170596118529,0.005605466487980013,0.003664730894591419,0.0020582055227411854,0.0012590791019341174,0.0008007809268542873,0.00045168015089095174,0.00028292053407455203,0.00019357720752469354,0.0001704141228636191
0.24592885912039847,0.17854748381393526,0.15064173132539496,0.12141162681746624,0.09250267767423921,0.06838622740117435,0.0485540559108314,0.033330629447960405,0.02272919153275537,0.014456957731649862,0.009032080772229665,0.005790729204776278,0.003438348930337429,0.0021851808319910465,0.0012631007384917945,0.0007565360910756883,0.0004635232067859798,0.00027314760399888097,0.00015561136227815037,0.00015230048222967906
0.24456324800325635,0.1797027925454904,0.1511022422103419,0.12133020274373345,0.09264857477095566,0.06824089655320761,0.048313998798727255,0.03376469945843448,0.02243699522965654,0.014431819498013596,0.009102205808137217,0.005763130854343199,0.0035227406227093497,0.002060033854050325,0.0013055154303981576,0.0007396266126590325,0.0004484089754599502,0.00022337716489702312,0.00016380992092448362,0.00013568094460411775
0.24477830767856015,0.17850724632884665,0.15216132224402873,0.12153279960814556,0.09304392145701021,0.06747740383183354,0.04850026311173476,0.03327618789156487,0.022488606765446645,0.014671375098046354,0.009371080214328502,0.005727230906196529,0.0034502387863102483,0.0021181322045453798,0.0011947589466263782,0.0007727872965021032,0.0004203168593394736,0.00024490903615055957,0.00012410930886008086,0.00013900242592329056
0.2457932453714119,0.1793916996413589,0.15241255640988308,0.12171466193772083,0.09248077762926302,0.06729649431600122,0.04806585233513758,0.033212352606434375,0.02222317801040191,0.014367150589574263,0.00932830882839485,0.005688961528790547,0.0033498537644085064,0.001996678268464725,0.0010719532046107225,0.0007642629329169039,0.0003804772176859043,0.00022332358429390047,0.0001323399018037929,0.00010587192144303429
0.24631208642831265,0.17948370037346587,0.15198092461350343,0.1218024982667013,0.09271286479939236,0.06729997567590378,0.04749155689108264,0.033461351989529056,0.02204888315994831,0.014549780834928744,0.00922660956847068,0.0057351916722237035,0.003516238402618399,0.0017986593617158584,0.0010887928794931323,0.0006867006762760638,0.0003243212832532733,0.00023000335904186216,0.0001356854348304511,0.00011417432930855034
0.24562709710723285,0.1797986115247417,0.15225412141547706,0.12191514285147019,0.09261851344464964,0.0673671914811947,0.04868432373048494,0.03300606878842628,0.02172553457621061,0.014467144492756505,0.009106491684370055,0.005847082415073362,0.003203155505258073,0.001861337780689737,0.0010638579493186676,0.0006469182864441666,0.00035737685389242944,0.00021012435390897473,0.0001323617977379368,0.0001075439606620737
0.24654328690180857,0.17878757287851743,0.15183720887897395,0.12209168584994184,0.09288897641574233,0.06833824568603859,0.04857023230104971,0.03318941050112618,0.021490784580784066,0.013955936113487756,0.008987867785171593,0.005479438452716468,0.0034058243236757754,0.00181379176809944,0.001173337922976737,0.0006818268325337313,0.0003359486577775423,0.000225069051515989,0.00011584436475087669,0.00008771073331137806
0.24687364530145034,0.17927853098557528,0.15226563508268,0.12137933544900707,0.09247358441240415,0.06839924682897125,0.04865994460420466,0.03343437385212566,0.021465043399991394,0.01370003540830407,0.008800783615551857,0.0057116572740900555,0.003264513268186466,0.0019276016003229766,0.0010639037158864156,0.0005642164340859525,0.00032430035507579664,0.00020516961239489182,0.0001456042410544394,0.0000628745586371443
0.2464026663709916,0.17944716491219942,0.15210825678052914,0.12150920040313308,0.09322534574947829,0.06836547420262899,0.04826177831984866,0.033177386817416804,0.021642750638376736,0.013753853842754944,0.008991058588339262,0.005573695071880477,0.0033246892516056634,0.0019660183329554648,0.0010177620157976522,0.0005792141553319971,0.0003045011559459642,0.00015556037314630786,0.0001274271141730394,0.00006619590346651398
