0.09433262908187853,0.08606694095407538,0.08143370769858041,0.07791245042440414,0.07561436672967865,0.07568849846176658,0.07843137254901959,0.08002520478890988,0.08039586344934949,0.0807665221097891,0.07883909707550317,0.07869083361132731,0.07657807924682158,0.07524370806923904,0.08084065384187702,0.0824715519478113,0.08039586344934949,0.0747247859446236,0.07416879795396422,0.07583676192594238
0.07601705134443293,0.06350356470414013,0.06230298927415431,0.06056823711100298,0.05853201887071865,0.05550149146375003,0.0529945630328545,0.052476252935327594,0.05136558844062704,0.050556390023059505,0.04951448094945949,0.04555311091836085,0.04520933381285832,0.04549493325435276,0.0431678266940278,0.041676362944001365,0.04030125452199116,0.03883094628614949,0.034605132327741234,0.03471619877721128
0.08389982717137143,0.06619675353282051,0.06478023653800535,0.0623199701785896,0.05970720797044968,0.056731844522010244,0.05409197194076384,0.05320410722152562,0.0517435358704124,0.04975092344708395,0.04713816123894407,0.045691145074384085,0.04440340235182489,0.042661560879731615,0.040611338913551794,0.03923209868175809,0.037686807414687044,0.03512487715612187,0.031468365583381334,0.03386763360330747
0.08889097439660101,0.06904357668364457,0.06585274988411212,0.06344114460246907,0.05968723072066614,0.05799512559970196,0.05403645277889164,0.054008014037362814,0.052472321994807086,0.049725139563124056,0.04731069040732812,0.044210867580687825,0.04382978844420175,0.04189311014608981,0.03914023996610102,0.03775242937949509,0.03535219959446354,0.03308847576877029,0.029323186390355856,0.03303159828571266
0.0940454008792976,0.07200228546580272,0.06700156493731403,0.06403854953822972,0.05997830830023537,0.0583324695418703,0.05650207436359639,0.05305617846858622,0.05188563569573978,0.0500779940486875,0.047021436354580934,0.04451349157992936,0.042435335728353174,0.041171250660484444,0.03811469296637787,0.0358772623962502,0.03388759249942485,0.03081080944423236,0.027344688188136318,0.031923204303956836
0.09733114236523005,0.0741851952715708,0.06969632628192406,0.06447816032532183,0.06163251741311904,0.05926230227051378,0.0565828282874907,0.054318776627416944,0.0519116350561051,0.04965450710141382,0.04650191325058737,0.043651654534796226,0.0416414720720804,0.039571284162716304,0.03761418344126621,0.03452159503708799,0.032089066546040323,0.029513448143754586,0.02595466357715546,0.029889636136203136
0.10115727696009633,0.0768632459036767,0.07135005646037382,0.06591614723836992,0.06162644445349143,0.059057336741668603,0.05592683935470183,0.053764846292792566,0.05218781270154852,0.04919016325297463,0.04622251172597326,0.04362126338389411,0.04146355573935235,0.03908729180906752,0.03638747886753561,0.03334911795397033,0.031092845709975798,0.028018058748786694,0.025247536420690858,0.02847017028105909
0.10487848153330619,0.07908277450027623,0.07236266417191226,0.06735030465306648,0.06232584772588885,0.05880550190130934,0.05633359813216014,0.053603616318597364,0.051418017879969524,0.0492425006149516,0.046843181295793734,0.04286313395460246,0.04036300289934552,0.03862299233427559,0.035491779811038494,0.032292015307254,0.029733413445059625,0.02694294458983738,0.024325871920705518,0.02711835701064975
0.10816924737408147,0.08157744902008522,0.07507088398414959,0.06817323489773344,0.0630047907796184,0.05918980420875453,0.055579945056525054,0.05355167581432712,0.051153410387115704,0.04909638496473535,0.04623802065460567,0.04256489790597497,0.03938638145648136,0.03767059603893203,0.034436484307752493,0.03155128089611928,0.02869675074334725,0.025746366656633945,0.023551311569378123,0.025591083283649042
0.11170715206006912,0.08376326535139203,0.07666684535571754,0.06953715222643475,0.06428739114601914,0.05934817931261402,0.05581568162786956,0.05302813243446579,0.05070271009673238,0.04831258999920515,0.04539194827136828,0.041994391628479594,0.0387058969235291,0.037456305905796364,0.033640986585381644,0.030441220236719864,0.027836673278161545,0.025008456921458765,0.02209336071588995,0.024261659922695418
0.11410417071783016,0.08616554674502519,0.07865919091963211,0.07120324957327742,0.0648546262486586,0.05977536748554184,0.05645701445455134,0.05304683505102663,0.05032985473427967,0.04782713595344583,0.04460240981209803,0.04138128470496727,0.03902080677570598,0.03583389149363698,0.033106108074238916,0.02988318244999964,0.026568430453226162,0.023586774121527702,0.02064472916621653,0.02294939106511391
0.11649381111173915,0.08804506019329679,0.0806463007969253,0.07260463177527833,0.06557148307240152,0.060712569942915275,0.05685334595602782,0.05327671960662409,0.05008160006782343,0.047107259933306944,0.04416294579777312,0.04102611202170352,0.03803587577007857,0.0352469903351608,0.03156968857740349,0.028715452438817603,0.025403761374554905,0.022537161589329113,0.019847185327530666,0.022062044311309557
0.11982617592267654,0.09115637707044622,0.08321592002276684,0.0744671007030831,0.06713422480153222,0.061676470023377915,0.05634791353491757,0.05262386013062995,0.04968547200150846,0.046223307022276235,0.04272447766353623,0.040590959960751655,0.03758098899544838,0.03443134420344889,0.030204465023054915,0.02706180392239023,0.023952315355565905,0.021607540989903334,0.018609791484435964,0.02087949116824934
0.12328372075353096,0.09375793274585684,0.08595772310550918,0.07590914663945142,0.06796560793110536,0.06211329213054342,0.05739206716780035,0.05320444078350922,0.04870252656336613,0.045323068899837164,0.0419211621051759,0.039353326874891,0.03645048153386279,0.032755009178240924,0.029489524026614315,0.025890755620485355,0.022955100010879196,0.02007988436970611,0.017467150877156626,0.02002807868247777
0.1270861884791218,0.09656317729210243,0.08766714409856392,0.07791413782325403,0.06925682057834519,0.06279431615608931,0.05799251908868899,0.052634290601461166,0.04856066304642768,0.04425175430461529,0.0416138572032108,0.038072617735049344,0.03485252849993645,0.031622134979271216,0.028393458839531354,0.024668459612352776,0.02154969585183811,0.01895816803541927,0.016656877595391927,0.018891190179328915
0.13189589019556905,0.09903044369207317,0.09014327147063904,0.0797931339758303,0.07072821830996746,0.06336211979566339,0.05799050781643889,0.05163447060653242,0.04811036500641758,0.043724887329456015,0.040267435521001926,0.036999690658043836,0.034121614115564004,0.03019245855074149,0.026661516664302453,0.023445043948775716,0.02033966088601688,0.018025577965281918,0.015644841252886198,0.017888852238798318
0.13519477978271774,0.10137736828224564,0.0919101945670946,0.08202445062657925,0.07239052942327488,0.06441387407161633,0.05691023710471912,0.052273636031069486,0.04754345218345627,0.04285240295040965,0.03964336455594974,0.03631522081280894,0.03277779195698595,0.029175705911879055,0.025672307155679197,0.022242073113669034,0.019296767991288297,0.016656032260534442,0.014617629293109754,0.01671218192491258
0.1387046827409875,0.10540666265997077,0.09408944439351186,0.08397423490782903,0.07292526153877495,0.06450780456831247,0.057384035014447866,0.051574325907363834,0.046730637981440185,0.04181394669736203,0.038313181010977686,0.035260621988611476,0.03191944503865781,0.028170807485051283,0.024948473211163072,0.02120153341007175,0.01793505757078779,0.01547840968126394,0.013858753781743725,0.01580268041167102
0.14305196961380254,0.1067481211924075,0.09625288851843569,0.08498173710924531,0.07446109224962219,0.06500437089593204,0.05869028983444808,0.050671898188619405,0.045679250781001164,0.041252448040551074,0.03760325818102963,0.03423868480080236,0.031153645462738955,0.02729268738945699,0.0232623147451666,0.020273841712578015,0.017088847777619657,0.01458828870953533,0.013131323398862887,0.01457304139814457
0.14741279639759025,0.10982177267226051,0.09827857823814577,0.08630604255549318,0.07576520780792557,0.06549482424053928,0.05795261695323222,0.05069269308523948,0.044536548096361754,0.04053218030980182,0.03632328381822977,0.033370294994624794,0.029722584701929004,0.02599711969493107,0.022278415967437685,0.019382898019621245,0.01604113562450558,0.013627358841387147,0.012347786695154187,0.014115861285589684
0.1510450650035996,0.11296514539191828,0.1007686458580964,0.08857046032765659,0.07688650376567344,0.06634902490385604,0.057340744974465584,0.049913929872656665,0.043969105797973765,0.03941860092628654,0.035195179398470125,0.031639412531338465,0.028820426186225066,0.024765604320197747,0.021346403179115216,0.017991269909512563,0.015140249628659244,0.012956884008490674,0.011437801055771081,0.013479542960036825
0.15417749846461895,0.11575006520111389,0.10382877766840817,0.08990350235144659,0.07770121905050352,0.06653205791541521,0.05714141490623658,0.04928362905193375,0.04328007874611948,0.038341620184582245,0.034131731489193434,0.03080857794267351,0.027707528835718438,0.02377527068978572,0.020389860595811982,0.016891715672665168,0.01444520161867023,0.012278000723522036,0.010775430537677828,0.012856818353903232
0.15848141866051632,0.11811972679791083,0.10629867651978328,0.09238977862427314,0.07834135468025842,0.06623789023166367,0.056516454828021555,0.04955528173335059,0.04220242708082928,0.036925652788587775,0.0332862082703645,0.02935426336130018,0.026528440619899108,0.02282511670597491,0.01978412126326547,0.016185021626537517,0.013712216598220452,0.011194023578221163,0.009950056398782258,0.012111869632239593
0.1623126309568581,0.12098734755278569,0.10875631279213448,0.09374832106592168,0.07892501208832532,0.06684843926288078,0.056702640627518404,0.048234097136410026,0.041078480094557564,0.03612058776124214,0.03190814215870628,0.028491511309299947,0.025259563208510177,0.02189162144737549,0.018474990597969164,0.01541261483909096,0.012904287326062427,0.010714957287917043,0.009721028313544298,0.011507414172889915
0.16420676895412833,0.12388390423424467,0.10975521795213726,0.0953648582686279,0.07986741880995635,0.0678841189406253,0.056877062145755414,0.04771346091589045,0.04055099024931102,0.03469688658974139,0.031196166149190744,0.027789379750168996,0.024481559573472346,0.021349865724642415,0.01771327640259459,0.014660420052904997,0.012028589496496772,0.010198553080281737,0.008918701764450325,0.010862800945379029
0.1688652761599893,0.12484560012737468,0.11200422347548458,0.09592987689909747,0.08060134246185045,0.06824935265182308,0.05640853745401524,0.04762806600018437,0.03983307215941943,0.034359313852831995,0.030419079382903315,0.026666554934510988,0.023639730837236972,0.020374917248372197,0.01652518582454141,0.014162050731985284,0.01138997594965349,0.00983466434263783,0.00858940946762421,0.009673770038463796
0.17125940413019855,0.12761486308859013,0.11296175053707987,0.09732406134515276,0.08195930751442955,0.06825728260196141,0.05681911418242465,0.04674562256890778,0.039676094378703675,0.03417217700276787,0.028827332383361985,0.025533689098157935,0.022539772375257647,0.019400178496377325,0.016310818119559083,0.013529556555388296,0.010924112248434807,0.008944912267188649,0.008032336979727432,0.00916761412633056
0.1736692944982736,0.13037277310081344,0.11517593653076069,0.09811648845899831,0.08264377137029019,0.06833476846936472,0.05625956176797614,0.046794351973381706,0.0388740730832574,0.033042126119197116,0.028494277569241822,0.02487940677328473,0.021286272018191388,0.01860103496994574,0.015728533569643113,0.012934616317078674,0.010354715466865075,0.008446959880284571,0.007406973925110979,0.00858406413804058
0.17792475206452596,0.13210791570277514,0.11632602197588973,0.09975126999499863,0.08289383226531646,0.06809381152387693,0.05630297221483446,0.0460744316594657,0.037963525174922255,0.032244575026303145,0.02790727238360958,0.023718839750634383,0.0205474067346116,0.017593424294581966,0.015094415367399475,0.012386319347915906,0.00989065581421023,0.007918546359626454,0.007120670015405538,0.008139342329096386
0.18101969613208913,0.13324492648814942,0.11885988572802873,0.10031783040249052,0.08367975121378476,0.06858823509762882,0.056005291049474985,0.04542987271752511,0.03756010468528443,0.03158095155382825,0.02681767090273521,0.02302642017413031,0.019799681668551155,0.016932026381760577,0.014495270957516283,0.011645987370291627,0.009254326117709148,0.007637616555907586,0.006563707208553859,0.007540747594559975
0.1830790383288533,0.13599283641533422,0.12005519702363751,0.10219468310994473,0.0837227251692748,0.06805238371286852,0.05553615789289039,0.04575973590963995,0.03713770688442538,0.030948089070354484,0.025683990357226984,0.0219969494623135,0.019310605212643866,0.01598775775456371,0.013435062472539323,0.011295008378119666,0.008909374305651854,0.007369069953540283,0.006291525151900409,0.007242103434277289
0.1864061470178454,0.13779398146216928,0.12135354529754803,0.10207653738017572,0.08468501539257321,0.06835804209806194,0.055528394917530845,0.04493797085005383,0.036623478471254675,0.029954197709051163,0.02511867715642024,0.02159131675329334,0.01848276782660204,0.015265761744658483,0.012842995753485228,0.010602104068811897,0.008419612390812844,0.0071214636710244215,0.006081943552222121,0.0067560464864053135
0.18957238395818138,0.13982098241034516,0.12247166444967028,0.10340327025046778,0.0843515661118334,0.06912522385543739,0.054997087584430844,0.044198618396786155,0.03535455530168119,0.029214282018629457,0.024632860392650363,0.021024469297799078,0.017596330857084688,0.015009371469009058,0.012323940723580883,0.00987217082610793,0.008161439617864374,0.006644313112212282,0.0057780989687211595,0.006447370397507173
0.19176457636956828,0.1416554912832009,0.12386828392813058,0.10374758978670029,0.0847077387028549,0.06848008112994801,0.05542489808717464,0.04374912431696725,0.03479547380289959,0.028532255159024033,0.024367339858422914,0.020719494539073815,0.017133364023938672,0.014060967554692662,0.011779187766457836,0.009317267468625531,0.008009580806362297,0.006458370862606165,0.005344168451392087,0.006084746101959529
0.19436801855774224,0.14297093853581147,0.1249131355685058,0.10492890031712811,0.08521129929191949,0.06895827674299627,0.05472334199339081,0.04344971361817643,0.03516405503997014,0.027816615645096517,0.023252170985863387,0.0198692492413423,0.01623302498196053,0.013573348575923265,0.011108648447772188,0.009023902091912152,0.007630738260178346,0.006120921954495535,0.005067716761127397,0.005615983388687709
0.19707789556484742,0.14511696583767608,0.12532184978843325,0.1054934030167637,0.0858782728686253,0.06945455939284753,0.05443906893959973,0.042758317265147575,0.03435897521360826,0.027679498439288925,0.022414910831984824,0.019261824490414917,0.015745433274393508,0.01261901151076499,0.010540840967457554,0.008675987047681267,0.00708611158792561,0.005932868591960295,0.0048679520104258495,0.005276253360153455
0.19935112112405678,0.14633768363238858,0.12744954275201964,0.10597688431492785,0.08684378915935691,0.06922041218972459,0.05364331991361612,0.04238208867678033,0.03365871703948597,0.027484869491028345,0.021854253872610446,0.01829825099314795,0.014802236915775722,0.012196056736075931,0.010114778574666064,0.008196803263390832,0.006687085077452208,0.005758925000666545,0.004695790119177752,0.0050473911536513165
0.20130444855962273,0.1485914589122039,0.12954811008305733,0.10619604731751307,0.08663931980658286,0.0691194388837681,0.05366807401320455,0.04183869575145802,0.03346462270833925,0.02635732823066039,0.021780257256057624,0.017776570263706624,0.014354601323116882,0.011249327023887113,0.009670854258792862,0.00781735719988599,0.006293889293554263,0.005310469091436408,0.004363718795160238,0.004655411227991806
0.20400773176566955,0.1493476114604613,0.12902425583420318,0.10726409706995384,0.08681087974640343,0.06863190701902473,0.05377273204037703,0.04192201971566948,0.03331951471682658,0.026077227752443654,0.02106090347113658,0.01705683447128807,0.014136611175764478,0.011151457031594684,0.009096978384686974,0.007593579504494379,0.005922026375243699,0.005101233852613633,0.004283771117093627,0.004418627495051103
0.20548731966691863,0.15093708277425777,0.1299380383356584,0.10806334006998572,0.08746383349925256,0.06897022444039726,0.05337992388803619,0.04175337193313068,0.03234425514488242,0.0259832793402298,0.020566211748411,0.01622456691759864,0.013352888492310564,0.01068597322430389,0.00874821456515297,0.007073485002347284,0.006004721205805285,0.0048543850945739426,0.003948765927410629,0.004220118729336401
0.20589379659867116,0.15239802331845728,0.13110147452993953,0.10911155746809177,0.08728957852520404,0.06888788384668082,0.05342094936582574,0.041527272485417634,0.032072855214062924,0.025757716839703904,0.019972996880674148,0.015719673036121658,0.012976129508556531,0.010408837868216801,0.008441800296635252,0.006833917514116779,0.005758115900580631,0.00460250211169714,0.0037528349949784846,0.0040720836963678815
0.20978389559942534,0.15442418719736076,0.13135376203905705,0.1084762278507955,0.08759910605012501,0.06879389932421645,0.05345407864630446,0.040773160219230574,0.03210470653966903,0.025173934443675838,0.019467022295535565,0.01515856968020007,0.012185388176448679,0.009983770552865433,0.007936798275953814,0.00640531048794764,0.005176461980524665,0.004218658543074549,0.003631671366998351,0.0038993907305911774
0.2126520665086294,0.1541494748531284,0.13214783241846842,0.10974056846857927,0.08837395643890907,0.06843865639535462,0.05269754931459937,0.040372639831367824,0.031498837994101865,0.024774497710898256,0.018982754436069726,0.014918227367483121,0.011741412959274933,0.009638498136468368,0.007622027243136849,0.00631539400145625,0.0047993004691245554,0.003876677760304282,0.0034793681613708677,0.003780259531274416
0.21323396139193876,0.1567835151660273,0.13346370080664874,0.11002582406709938,0.08812940967147062,0.06898334987869502,0.052682427162994254,0.04067332139406729,0.03066961323761966,0.02366901294861626,0.018238143460757555,0.014390307577443102,0.011550159051643144,0.009120734580803723,0.007459547006287236,0.005848244944518996,0.004576164369438804,0.0036615966357210193,0.0032442211790607222,0.003596745469148305
0.21489810750892693,0.1575130016248913,0.13444520025080203,0.11093333954240268,0.08822311403676543,0.06881755481305435,0.05332869870657323,0.03994870865217183,0.030393948818419652,0.023277357464437837,0.018088349512948403,0.013947122013202034,0.011024978753340837,0.008598452278589854,0.006988529298768776,0.005521636666328493,0.004227710965604527,0.003532516951590882,0.002972037567087054,0.003319634574093878
0.2169624198044407,0.1591917151467027,0.13567211437190804,0.11085177568168297,0.08887046776728257,0.0687929218593741,0.05252456118784117,0.039469006555187494,0.029493360090104764,0.022821886950425772,0.017701996458271727,0.013613725692148727,0.010580331779535719,0.008226378233986635,0.006545220161936057,0.005447151500250844,0.004061691191861335,0.0033257692294913666,0.0027094553512989113,0.0031380509862683273
0.21825365835827074,0.15941585900595004,0.13706942531333027,0.11204620489464824,0.08895372698104646,0.06880056360400835,0.05219152566873974,0.03914821356471228,0.02896612228146637,0.02255080660838993,0.017600994282543064,0.013270946977690122,0.009991010914842958,0.007621614346646374,0.006400361557288388,0.005041198588996098,0.003976133231202261,0.0029891615891905004,0.002788111810262179,0.002924360420775587
0.2193159656237063,0.16016666084750297,0.1375400898811394,0.11322762406872604,0.08926929593107451,0.06825380199214913,0.05200669702607483,0.03940737637186784,0.02920222591323461,0.022156050018205666,0.01673425209614588,0.012785533891640522,0.00996905867545859,0.007388675242451297,0.00585241603362479,0.004731811372640953,0.003750866639732253,0.003039266053825603,0.002515541323543838,0.002686790997255018
0.22127587512202898,0.16127414845363566,0.13728009881856035,0.11338068389350442,0.0894547048393202,0.06840595302133765,0.052113840575379045,0.038786949043359296,0.029129227847176576,0.021404047045072684,0.016595939672862745,0.012481820174127866,0.009485054356849225,0.007330039381321433,0.0056913646657236385,0.0045208827260109306,0.003581176658099736,0.0029237144621760015,0.002342624137495932,0.0025418551059576693
0.2219389067897761,0.16223515955583662,0.1401133151059694,0.11322546319583125,0.08923440091236425,0.06845221791162218,0.05181186305904305,0.038486630776356216,0.02841343911180612,0.021215456406221207,0.01583356989065242,0.012093474172090885,0.009219925264487687,0.007043597928919922,0.005468209186392227,0.004198269894470535,0.003409745497525694,0.0028951295753090606,0.002270950263201144,0.0024402755021240377
0.22359608192696692,0.16290943979390446,0.1400158356281715,0.11377749448491883,0.0899626352211593,0.06858121735146629,0.05175959723723065,0.0386146979196234,0.028515750142338068,0.020445223499806615,0.015214818429749736,0.01152149844216593,0.008732834361653214,0.0065218221263895594,0.005291822076591986,0.003950607447393015,0.0032451418317871188,0.0027687450513661964,0.002197732882499307,0.002377004144817982
0.2249743577827862,0.16316914569094565,0.1406189317568487,0.11470120593106978,0.09022409140247159,0.06846554980565023,0.05118817238208729,0.03791728766750427,0.02828776376630231,0.02072123507523377,0.014899041030866925,0.011002087890566649,0.008446164621374824,0.006501007432093762,0.004854594521029937,0.0038637593316094686,0.0031484327543226634,0.0025891170778826332,0.002192451064027538,0.0022356030153255816
0.2266231114740711,0.16444575021495422,0.1406115653643266,0.114991352036836,0.08930308372091478,0.06854631224956595,0.05140641443164125,0.03820374667609476,0.027733237724373975,0.02039325824046317,0.014890763444179968,0.0108688796157051,0.008038788023649936,0.006060213725861228,0.004808665889843871,0.003704847175054029,0.003001059002015091,0.0023669856951734065,0.0020117718531207354,0.0019901934421549202
0.22736213290169358,0.166030926809205,0.14170309732458553,0.11479969219134555,0.08939055213177392,0.06876272861758094,0.05134400934040055,0.0378823560629681,0.027767458522120425,0.019564755909063772,0.014481601135707794,0.010630676051292594,0.007831209409392146,0.00588916234916381,0.004214126029069344,0.0034296783266884695,0.0028094173527128956,0.002300272649476261,0.0018856596989578291,0.0019204871868013771
0.22750777311307993,0.16614956581789087,0.14172049329594932,0.11657096565885952,0.09021459270215487,0.06858931900391269,0.051198794150701284,0.037558287972881674,0.027272712181501572,0.019384226681075773,0.014055514884702275,0.010318776487930717,0.00781544396801445,0.005539536219469885,0.004188267869859909,0.003351610316784446,0.002757317848528462,0.002227766738546175,0.0017911775789056057,0.0017878575092505444
0.22762393332669262,0.16651558920211174,0.14331274695354784,0.11700202543414016,0.09058339144005047,0.06828867417073414,0.050637513696583314,0.03747717236112494,0.02719892419563702,0.019195138958063556,0.013766311385596176,0.01023840355945147,0.007519009197463225,0.0053059733705216345,0.004097353654082411,0.0032340538566258256,0.002525151907560515,0.0020935020088322215,0.0017714247767041868,0.0016137065444765415
0.22745304773224978,0.16758258609228155,0.1439709292976514,0.11719624216080722,0.09102664206531955,0.06909430903204311,0.049920509798265636,0.03729491279286627,0.02685757577264643,0.01906107068908639,0.01363518058947082,0.009729468070468605,0.007275964450721878,0.005344659236529354,0.003945499064187303,0.003255865614312545,0.002438583665302319,0.001850074351106314,0.0015781996256749207,0.001488679899008486
0.22838868788254968,0.16873538376373368,0.143728464099789,0.11708900096626684,0.0911340459067909,0.0683911408412654,0.05134142036254066,0.036862334321698914,0.02664775015621037,0.018599393721420138,0.013453152632041275,0.00932124311969941,0.007188163479753975,0.0052423705525621,0.00395953944042708,0.0029568096951535817,0.0023253385663119268,0.001804913541492294,0.0014601733976627282,0.0013706735526300524
0.23007585173483244,0.16936459444793844,0.14434895448729967,0.11588173700638708,0.0914153625069073,0.06880752974911349,0.05080622545106972,0.03672611234552946,0.026308322118472074,0.01875301805606491,0.01309940045434708,0.009329215778355623,0.006942980935012437,0.0049699397467405,0.003663982290752261,0.002882399111882554,0.002273394809026539,0.0017224699355982095,0.0013939063062644468,0.001234602728405653
0.23234433557442838,0.16935951515472836,0.1442010424570972,0.11685062643520097,0.09136742139323431,0.06875710352003232,0.05001706501605437,0.036790849175080444,0.026099533777134202,0.018127023364160826,0.012878288329185823,0.00923001984843615,0.006514528458813668,0.004799742865000811,0.003565428596990595,0.0027038938058962124,0.002097505856779782,0.0017528919403420288,0.0013254381401452018,0.0012177462912584041
0.23381221036999716,0.1697455565205285,0.14383216542140959,0.11724587142582488,0.09129767500447498,0.06858803094690366,0.050189274657084705,0.03641962622398717,0.02603935321766917,0.01839709889352223,0.012619415403178222,0.008832264865187385,0.006185402979335583,0.004595959930787133,0.003528596715703498,0.0026137139599175297,0.0020568288042217206,0.0015927578411418803,0.001221501070678008,0.0011866957484470198
0.23259377044564247,0.17112971750850955,0.1446826836277506,0.11718220742544326,0.09133808707462711,0.06882158562945664,0.05075074328968836,0.03647129949398329,0.02607269745832194,0.01792177031313407,0.012223906184004577,0.008565016108060656,0.00625108698352754,0.004450628172956678,0.0033739968694874414,0.002544162587890383,0.001782238896204461,0.0014658749285696537,0.001157792740192303,0.001220734262548966
0.2330130228658259,0.17079027038312972,0.14663690579756977,0.11772942465081522,0.09160415392798733,0.06860410587313187,0.050162640829725054,0.03581246675515389,0.025638093912444045,0.01812165169509359,0.012315299506029215,0.008472568134328227,0.005982000971039487,0.00430173809440956,0.0031600210115712755,0.0023928003884157957,0.0018111709311208208,0.0013024522889853293,0.0010638350757361087,0.001085376907487775
0.23366891214463875,0.17180309395378132,0.14641344966732128,0.11795470928931863,0.0917315038073695,0.06847464929942743,0.05041636630291581,0.03580998781973204,0.025132781492621405,0.017721875595548817,0.012198496938361215,0.008421785279276147,0.005916130154863408,0.004177749053336316,0.0030110948155145124,0.0022405064339986896,0.0016604936737179643,0.0011981406448084717,0.0010423657891902194,0.001005907844258288
0.2350978898201213,0.17190346838042866,0.14618544406532616,0.11855600092755154,0.09239076423626066,0.06853943750621129,0.04972173452148278,0.03582336767482692,0.025073707224964385,0.017186205982707793,0.011786530625766059,0.008179017457846095,0.00568787888826316,0.004071288965448703,0.0030327624474111373,0.002163182827044754,0.0015271474475767712,0.0012025043893066553,0.0009209262265213505,0.000950740384933912
0.2361268750321032,0.17203155472119533,0.14649151730754253,0.11815291215082112,0.09227320251258031,0.06891866590005685,0.0497876634361905,0.03508068458037225,0.025170540310808367,0.017054859549677476,0.011789111599723626,0.007873767859717027,0.005631931177436487,0.0041506288906967915,0.002997400264778641,0.002122537169254527,0.001492900850506112,0.0011548855635990674,0.0008582937187149454,0.0008400674042248598
0.2360790045388336,0.17222876782018334,0.1478658864976742,0.11879183175658986,0.09237578692172957,0.0686525513746584,0.0495858045037028,0.03536777146417567,0.023993345032553976,0.016806444182620523,0.011662764164591133,0.00787460291419964,0.005483388266642805,0.004023471354309075,0.0028651490822077393,0.0021028769145874037,0.001479802273228173,0.001097009076010135,0.0008650131989082938,0.000798728662593482
0.23698222107362704,0.17231907971028898,0.14713005851208344,0.11987025293388733,0.09226586883486078,0.06883452941839123,0.049645813039646394,0.03496312347176113,0.024382243603761206,0.01637741950446958,0.011510247897739698,0.007857384251436296,0.005327714052839793,0.003792020356638768,0.0027599414216514595,0.001966416847239065,0.00136009118077782,0.0010287656799793253,0.0007951812019163869,0.0008316270070042211
0.23750695714399297,0.17328920516286353,0.14694978929792477,0.11951545148551587,0.09261615117542604,0.06845498396543957,0.04970879383000715,0.034747621319339526,0.024447735283983994,0.016526529909093313,0.011345114097161482,0.007435861758235932,0.005388473668866452,0.003601150247806843,0.002680156900161671,0.0018850547295327445,0.001378177095756805,0.0009955341761416342,0.0007619729135193876,0.0007652858392303412
0.23761620416828116,0.17403550954306551,0.14789681632869345,0.11879402676628678,0.09250961261413423,0.06908166002642847,0.049714022659605804,0.03413347375532792,0.023974406104382562,0.016736380888036646,0.010844618426412584,0.007897081275853046,0.005199588007166821,0.003475775550013744,0.002543492732168229,0.0018380709197309466,0.0013711015509344359,0.0008776374661778392,0.0007501316456199267,0.0007103895716797979
0.23866618757689312,0.1746480925548456,0.1479029611390856,0.11855153719927872,0.09245549515418357,0.06889454450318996,0.049284428644048986,0.03475443061449888,0.024090819525005667,0.015806650847872986,0.010973253212744005,0.007615209223692424,0.005232455130869333,0.003561712337499979,0.002414215057217559,0.001670742793369353,0.0012617502562412757,0.0008660044409635003,0.0006623360925151055,0.0006871736959844221
0.2384634749858392,0.17493350204876618,0.14923034625309303,0.11913319133853836,0.09218454465051729,0.06863449811023256,0.0488192680091027,0.03510561829016625,0.023879637880148,0.01590650868365525,0.01061317239117689,0.007511038825528588,0.005096243983715869,0.0033886627204038574,0.002221015008827748,0.0015684572806561354,0.0011858663283524744,0.0008628999400441886,0.0006244016840626853,0.0006376515871727689
0.23901260312968062,0.17500558576003572,0.1492299926350719,0.12074840909278987,0.0922254495502429,0.068564997558816,0.04916461855465356,0.03418319637877246,0.023534668950621885,0.015655023460192152,0.010633632068055244,0.007220939566214013,0.00490057347136367,0.003136300820072326,0.0023005056147232363,0.001486225929511846,0.0010459852866943056,0.0007480780847876999,0.0005560934435589981,0.0006471206441415721
0.2403667992985908,0.17507910724309392,0.14854113162683574,0.12019830211267252,0.09272643879144334,0.06845694926704717,0.048967838828202756,0.03446443030366253,0.023719754208704032,0.015743624643375774,0.010405231095811247,0.006921366324075594,0.004801904865985459,0.0030997123824568202,0.0022121878968815773,0.0014505064353804345,0.0010050883633286802,0.0007318765347467491,0.0005398003401073306,0.0005679494375975902
0.24051094104768428,0.17557677944179378,0.14933085138624144,0.1209899524201468,0.09211247592439559,0.06845338151490411,0.04844765139684048,0.034253188413237566,0.023460361991100104,0.015739607536595743,0.010526193760795728,0.006968883471590374,0.004650338590357833,0.002889900584107699,0.002113188048894799,0.0014043757566322799,0.0009174813315734476,0.0006922512573965725,0.0004719894936794811,0.0004902066320320225
0.2412435644875594,0.17627923916102445,0.1496647739500389,0.12049431357293033,0.09224758720015891,0.06832982932441607,0.04853411028523184,0.03360041054844637,0.02314797953879518,0.015753141192245936,0.010553412683960475,0.006916416971543035,0.004418362110351448,0.003090701408777128,0.0019219626864436245,0.0013491813862631817,0.0008542056384193882,0.000624099855976956,0.00047014418858741525,0.0005065638088301023
0.2420935530010065,0.17611047835990892,0.14973413413148276,0.12001873973618685,0.0923345870636224,0.068068946336812,0.04885575038406526,0.03395832229697515,0.02276414419664141,0.015809583090533447,0.010540273878264556,0.006919796577846055,0.004390263283360704,0.0028689013084706263,0.0019401917677597082,0.001208481220532924,0.0008326932245589872,0.0006025851565397046,0.00043538433013720396,0.0005131906552948033
0.24272261053733202,0.17518227627171126,0.1501512690204027,0.1198693141643111,0.09293233381520839,0.06855045032961245,0.04874058397955923,0.034059126564230956,0.02294122614842745,0.015468023202862764,0.010326366844347736,0.0067677776287442615,0.004307068659741576,0.0026412051181421807,0.0019059730977941387,0.0012270426285538284,0.0007849098595607484,0.0005414884474184909,0.00040570235357042904,0.000475251328468217
0.2409898275451005,0.17606426660308883,0.1495834326737132,0.12081611433415457,0.09351903361678457,0.06892235555908764,0.04875294709793638,0.03392639540120267,0.023417838883149227,0.01531166388513603,0.01011285067154097,0.00658626718588572,0.004317995178680229,0.0027417944846221095,0.001713621552888818,0.0011490370605843861,0.0007980343850168215,0.00047683382341254065,0.00036590373254920657,0.0004337863254655752
0.24161021568169427,0.17483984155620827,0.14965185107873977,0.12135429350536181,0.0937840134786563,0.06867554309740712,0.04921465621640069,0.034137314639484044,0.023262941481492515,0.015446778690602212,0.010072545521113412,0.006485857847887996,0.004229475117664892,0.0025678364404154255,0.0016003419364137431,0.0010768346363032436,0.0007736642694670992,0.0005135672880830855,0.000351213758301981,0.00035121375830198106
0.24156244050624534,0.17579525043249378,0.14959564940278622,0.12012978950592247,0.09392025560586376,0.06904503728965077,0.04870251881037322,0.03438594167749624,0.023294236451978704,0.01556977427552127,0.01000240044366821,0.00669972105189097,0.004118830238968306,0.0026702866460835517,0.001652167435084553,0.0010710945195387834,0.0006638468351391842,0.0004552565577637799,0.00034433950550860447,0.0003211628080224482
0.24197197260101802,0.1763057017268238,0.14970547086625632,0.12031539919364174,0.0938375442785938,0.0682080523372152,0.04882965599129476,0.03428510949339666,0.023628479859234587,0.015528515249035053,0.00996040972789543,0.006457811719646632,0.004026830099190666,0.002589739603832683,0.0015991559367217133,0.000927741965357685,0.0007077960092211928,0.0004762739501301484,0.00033239952769499945,0.0003059398637988801
0.24172321935600305,0.17654538260191488,0.14997789768033257,0.12103296474059165,0.09362443274851867,0.06853540261817291,0.04860192480575619,0.03364850523750475,0.023357267855280296,0.015590827288997352,0.010213423972159357,0.006494936333730127,0.004013185233994857,0.0026324111064570236,0.001475143582297615,0.000938727734189391,0.0006208516760511846,0.0004470132067568532,0.0002764859464014609,0.00024999627488994365
0.24214128396949347,0.17625167748031279,0.1502393563770727,0.12099700659739976,0.09365428433849775,0.06864969246883736,0.04864734275535346,0.033766375600045674,0.023186046011361358,0.015369111857944925,0.010151755087046962,0.0063855946016160075,0.00397962037234685,0.002596267926907363,0.0014942192084113123,0.0009829083164964777,0.0005990114656089646,0.00040706304016520817,0.00024820917083244394,0.0002531733542490928
0.24212068740252674,0.1762184261055515,0.14983966010257121,0.12067417179770876,0.09396959909237194,0.0690164441423428,0.04898346655023624,0.03394508916684447,0.022847815193176902,0.015441914618797885,0.010015661875488918,0.0063590191399033845,0.004088295270179757,0.002436107982594976,0.0015777644367926727,0.0009493048078815453,0.0006416903579408355,0.0003406912725149797,0.000254691533821878,0.00027949915075258045
0.24222698880845275,0.1763901715640029,0.15079790667421375,0.1212583125622718,0.0932314475526559,0.06883579441448777,0.048672141620573095,0.03341575555356949,0.023066636213476866,0.015393756434063878,0.00998003992015968,0.006305796367464076,0.003980430515420237,0.002590176198184063,0.0015110740376626515,0.0009384216641344178,0.0006040986021323851,0.000357493967289302,0.00023832931152620123,0.00020522801825867334
0.24127420382956535,0.1766782287639594,0.15091103255875557,0.12142685662723404,0.09314304163182859,0.06869044761045391,0.04851610553242218,0.03430052070829573,0.02303699595188622,0.015228855021233974,0.009813157611530088,0.006579633600172189,0.004038179756119771,0.0024752270337839513,0.0014867918905270827,0.0009685671001763289,0.0006026639734430491,0.00037252580776012643,0.00020861445234567083,0.00024835053850675085
0.24349127561891862,0.17640484969296205,0.15071266910266107,0.12111815124909561,0.09296734917557536,0.06819239168406467,0.04835620044470419,0.03379818111679361,0.02322031400818216,0.015349413987155568,0.009912300888911698,0.006413939142081832,0.003884125252277743,0.002403985450258857,0.0014867623514686337,0.0009023223625282909,0.0005678836153159703,0.0003410612966620694,0.00022682231865390058,0.0002500012417280218
0.24326027623852461,0.17736332809527755,0.1498519560003308,0.12143743280125713,0.09288230915557026,0.06824084029443389,0.04829046398147381,0.033681250516913404,0.023022082540732774,0.01553221404350343,0.010186088826399802,0.006384914399139855,0.0039020759242411702,0.0023620875031014803,0.001445703415763791,0.0009048052270283684,0.0005375899429327595,0.0003341328260689768,0.00021172773137044087,0.00016872053593582
0.24293390979022933,0.17782283874147586,0.1502729845372164,0.12115518521765162,0.09325138559706785,0.06762672982552476,0.048232505751613,0.03362316060025174,0.023072610082813298,0.01556863646663237,0.010140370782632857,0.006298243669917785,0.003924824639893619,0.0025090429745969734,0.0014323211707323524,0.0009162886011382486,0.0005292641739426708,0.0003026729494734649,0.00020178196631564322,0.00018524246087993481
0.24232843254791783,0.17724020352783793,0.15151976161380315,0.12124193652405277,0.09359171733641125,0.06779520879462507,0.048151828988991854,0.03344616549783129,0.023137483815171316,0.015214979172626602,0.010146626693102574,0.006282111278861911,0.0038645154142406637,0.0024275175986757784,0.0015081035762890395,0.0008929560649079839,0.0005109693038084579,0.0003241099791147499,0.00017693759063917467,0.0001984346810906632
0.24298941755184536,0.17796971812116058,0.15110009163295224,0.12142027767761741,0.09306864532093033,0.06795724677713345,0.048405024264538056,0.033712325459074474,0.022636978031247826,0.015187252103092037,0.00978520839053501,0.006161240915270946,0.003847260770179924,0.002353676730853841,0.001437347209495423,0.0008385903742395618,0.0005077854928827329,0.0002977243932211463,0.00017367256271233537,0.0001505162210173573
0.24432252619035802,0.1780381642751932,0.1518279463118349,0.12057991162305744,0.0924101749333863,0.06857157042847921,0.04844181851281796,0.0332638233785148,0.02246661039670324,0.014802310378498253,0.00975290866060937,0.006087086043394072,0.0037386425698823296,0.0022888635122387166,0.001451434056567863,0.0008390844545951046,0.000501464674047962,0.0003210697913046357,0.0001721198881220728,0.00012246992039455172
0.24487766293681762,0.17880274162107782,0.15163640094388017,0.12060948447330362,0.0920547927071026,0.06843296696750366,0.04858401427072682,0.03355705808569716,0.02216231958882303,0.01480025284868462,0.0095198853576121,0.005809893532170364,0.0037099918254417416,0.002238902292516804,0.001340362791528907,0.0008323487458506667,0.0004980854324076555,0.00029454886036067333,0.00015223873681562898,0.000086047981678399
0.24611959813965803,0.17742597527267906,0.15204985186778994,0.12059948029593341,0.0929393071715851,0.06805640609741968,0.048069315943660075,0.03369635379599131,0.02222810705241728,0.014753637100911968,0.009354673198828186,0.005840877869544347,0.003699167480428342,0.002169847233486156,0.0013307072278587865,0.0007514192555322003,0.0004452241844452902,0.00026316225028550613,0.00011916781145004054,0.00008772075009516874
0.2454446615951586,0.1790263300297373,0.15059466382918163,0.12187505688484519,0.09286254470114563,0.06774219705406832,0.0482151810965247,0.03379663109329777,0.022207843572053864,0.014471504622772802,0.00928526157099808,0.0057306827339808145,0.0035794013149293975,0.002192652215571636,0.0012824946921268063,0.0008108676117963032,0.00037730166426440235,0.00024656994726050856,0.0001489348674727905,0.00010921890281337969
0.24696525188574908,0.1786676909424441,0.1510072780974961,0.12066973066403536,0.09317984649108282,0.06765518109151594,0.04837219621062113,0.03318189945761949,0.022155482414023757,0.014690300064237986,0.009432056741346086,0.005683737193793418,0.0034503082761041313,0.0020513109184707385,0.0012698591400056955,0.0007251607605247648,0.00037748094383480894,0.00022681968993582818,0.00013079383580241188,0.00010761518135641481
