0.10299063175594526,0.09752582272399712,0.09614460725438387,0.10299063175594522,0.09650492433341337,0.10040835935623353,0.10190968051885663,0.10190968051885663,0.10082872928176796,0.09860677396108573,0.10184962767235166,0.10251020898390578,0.09578429017535434,0.09608455440787894,0.10016814797021378,0.10028825366322364,0.09980783089118427,0.10148931059332209,0.1001681479702138,0.10184962767235164
0.07272879557764254,0.0635602211178737,0.06409626444804288,0.06103635043832707,0.057775420179797844,0.05855715003629458,0.056396225361550055,0.053207884303981226,0.051784019208219345,0.04894745658607406,0.047640850968786654,0.04723881847115975,0.04780278072477524,0.04454185046624602,0.04154335808811213,0.03981238483444077,0.038673292757831254,0.036741303255346476,0.033832151432240776,0.03722150873862303
0.07882338003712969,0.06390287257516018,0.06312733561876527,0.06271554608439626,0.05994282988631178,0.058885903414764705,0.05538912395208143,0.0532787025884404,0.05103101804667634,0.049963796836770075,0.049157375665297466,0.048292617643122586,0.04589394360542327,0.04414040650490201,0.039336195270597195,0.03728067917820535,0.03639190009985898,0.03385596288403663,0.031752404679301745,0.03715714231789466
0.08433514231412151,0.06663747109065513,0.06564997366673536,0.06304240800531247,0.061399441276819865,0.059553250440795964,0.05584655721187973,0.05289837649698885,0.05085468617618099,0.04952657369879324,0.04832154061047378,0.04710219596528588,0.04585995282910856,0.04199010785189256,0.038918847747933395,0.03586189920084266,0.0338754551075084,0.032613175791715326,0.030503652309312825,0.035286574614732884
0.0895598849624403,0.06906564952093047,0.06815265301567816,0.06501042337676828,0.06205079303890887,0.05942339198490513,0.056481514356870065,0.0526012792095479,0.050420232002556374,0.04866271372994578,0.04771928400785178,0.04645376940751601,0.044485754718416655,0.04129026695003372,0.03727561842832724,0.03511486003256355,0.03297692654943115,0.03128534691331099,0.028939453115093362,0.03305047349013203
0.0940781679064923,0.0718698541078221,0.0700153120965563,0.06591130069678121,0.06284195283504738,0.059601700728190675,0.056229806162252795,0.05354383809363244,0.050391347626163145,0.04883704280227532,0.04755064193020178,0.04617416990191483,0.042702966112459606,0.039954641089537654,0.03660815120868563,0.03365196967142503,0.03183668944620096,0.029644957978341335,0.027058299133238334,0.031499499989607174
0.09750467046003497,0.07477011076578444,0.07082426672708696,0.06732302483359481,0.06423432243060573,0.0600277021336628,0.05644950986888512,0.05280505478438935,0.05099458354886564,0.048542859219295735,0.04687773868508915,0.044532889871193616,0.04240606710927381,0.03861626132346089,0.0354441960182458,0.032656882569458395,0.030872061457696526,0.028567825339757262,0.02618022631959199,0.03036974653402702
0.1006925657396386,0.0773565471109027,0.07266529596364031,0.06916840008496755,0.06523063481184899,0.059854032151402545,0.0560926146360623,0.05331313349926056,0.05126910267046616,0.04881426172411997,0.04607285567138394,0.04359396730352256,0.0413274978257123,0.03756808426216499,0.034700429246474054,0.03172255688217163,0.02932583053782059,0.027101444047661995,0.025412112686217226,0.02871863314456108
0.10392113458720077,0.08030425622862722,0.07525494626282367,0.07017510381045433,0.06560286394723985,0.06047531448461163,0.05723505434782609,0.052783036150464105,0.05066866145578894,0.04805813385442112,0.04546096421592577,0.04293058439179285,0.039911684782608696,0.03630503480703469,0.03362771739130435,0.030784379579872977,0.02839902906692721,0.026196873473375668,0.024162646555935502,0.027742580605764528
0.10819909515566481,0.08203689206919744,0.07778096298664784,0.07212660470210334,0.0658805326159263,0.06160255208735312,0.05691845742784584,0.05280770036495142,0.050073321058028364,0.04749330187327034,0.044685417746268705,0.04205394518745567,0.03847242282912703,0.035251074089183404,0.031893741432094405,0.029887059843949276,0.02774439433865875,0.025041254580269106,0.023299190344406834,0.026752079267597966
0.11244018710814169,0.08453137996726504,0.08019354781006557,0.07291672256656559,0.06705483556485728,0.06274741295267736,0.057010741724578956,0.053284678061302077,0.04959439033334227,0.046784190614183374,0.042895346445213624,0.0405716994463674,0.037242748665110424,0.03445759210067349,0.031167994848265303,0.02877637357231658,0.026635183843587616,0.024114769200497283,0.022220433425456366,0.025359771749532672
0.11598182345547714,0.08817030402643863,0.08134267356930025,0.07466797922178374,0.06919392122911412,0.0626844681954418,0.05769558682639993,0.053177818990445894,0.049187417049739376,0.04538862471763949,0.042496901725365424,0.039425874328707165,0.03560774524711486,0.03340335580498009,0.030117866277587824,0.027858982359610804,0.02545067810464697,0.022928111239046166,0.020994436289805133,0.024225431341355158
0.11990570443060719,0.09114312546761538,0.08390951652689559,0.07540694475064275,0.069509999809048,0.06383698948548848,0.05799906607112789,0.05278954832908322,0.04867713662268404,0.04511501386137926,0.04146262288195173,0.03826504484768108,0.0351421116860888,0.032135485651693135,0.029331963108073626,0.02677494223702003,0.024075575329695995,0.021469948495037854,0.01990587802333433,0.02314338238485161
0.12366193259493509,0.09440113906615147,0.08617283058970401,0.07771581468851943,0.07015471283461358,0.06402260248414095,0.057634271033774755,0.05323036340406068,0.048262425433641315,0.04363840840267638,0.04001348170082661,0.037618072357526455,0.03426140398845114,0.03121254486018754,0.028063948659482148,0.025254114584139405,0.023042702943447357,0.020674807275303547,0.018659430570100544,0.02230499252831759
0.1275275114338785,0.09798585859276919,0.08825893758145674,0.07911867630407787,0.07102516650532097,0.06398182894165214,0.058342711907311204,0.05264202125658069,0.0471397344808831,0.04309297958150464,0.03998351195383347,0.03638487615151214,0.033212124529218394,0.03004792479808986,0.02720185541830721,0.023981213205488256,0.02205361693684942,0.01937516462390492,0.017714387359620703,0.02092989843774052
0.13170801512087668,0.09996712112203857,0.09083769588911812,0.08124660350969247,0.07269128096449252,0.06465895404282429,0.05781401457914186,0.0518038238305426,0.047156488126977175,0.04237286691890842,0.0389248436549728,0.03530816707921425,0.03215145408115461,0.028928301899649584,0.02563189625947396,0.023308228407691273,0.020786946574378674,0.01852120006200991,0.016572317347611512,0.019609780529230684
0.13513866796589194,0.10243282196143406,0.09259186954329623,0.08332809908516658,0.07356863117902995,0.06575969877892066,0.05774196231680839,0.05127073398871779,0.04634771138864884,0.04207996007258913,0.03777486168852886,0.03450190045648302,0.030945441026433245,0.02763852791438694,0.025078556162351103,0.022362405762313072,0.019785458070277002,0.017500496546245005,0.01584194720822179,0.018310248884256346
0.13939864662493848,0.10501432398086528,0.0951914404696032,0.08452248602713858,0.07486881670211701,0.06538266942147361,0.05834335927386809,0.05125159272852798,0.045579533205745856,0.0411901172146668,0.037211891696152244,0.03315244336824222,0.02950926193848388,0.026850907072645352,0.023755979606306276,0.02095886910775052,0.018848768205331264,0.016955261461299866,0.014755477040173135,0.0172581548546704
0.14412872419695216,0.10808513801895446,0.0972426622780858,0.08564153426861021,0.0758736751042091,0.06527112947946993,0.05809857072616033,0.05072832307434963,0.04476217349650835,0.0399669504713275,0.0359743105810871,0.032003636124013454,0.02859223538834041,0.026083107061210906,0.02302822220232191,0.02038054268137112,0.017638242832932607,0.015960421668730854,0.01415756650034891,0.01638283384501528
0.14829611032948886,0.1107574621521664,0.09974136260625617,0.08800242630519216,0.07549179015829956,0.06647402252756975,0.05753713173657737,0.050222832542818396,0.044832728161147105,0.038930403794471734,0.03420416347231232,0.030837665018239414,0.02770874228089537,0.02469271013235158,0.02171543146951533,0.019351468841355024,0.01705827344796503,0.015011078442109874,0.013484528092064803,0.015649668489203784
0.15317651416929057,0.1144942666150297,0.10261832999376991,0.08873192005253502,0.07729209112798666,0.06639613396420213,0.05731869538129955,0.049369411843944166,0.0437185337352035,0.037582717338227614,0.03356513832527909,0.02936739126774319,0.026444291030325476,0.0232298910572665,0.020518951320951693,0.0184057653774268,0.016242065028877394,0.01377864587718264,0.01311185573085925,0.014637390762599132
0.15676315466493157,0.11717936949069335,0.10484894643310484,0.09077000415273313,0.0784967442235818,0.06690103549325893,0.057201797612262496,0.048857662128923035,0.04266386903591022,0.036851723888639484,0.032002945582382994,0.028632002273074997,0.02542414200666119,0.022249907109916294,0.019694379015079297,0.017364140897023997,0.015259192755750365,0.013120619244807816,0.012106814349290253,0.013611549641973876
0.16048810471478517,0.11921987888070457,0.10624305142699754,0.09276743818918928,0.0790953335818865,0.06722859839515251,0.05671714983390601,0.04873825670169924,0.04176197337793854,0.03611746489186257,0.031949160797116787,0.027287109158513116,0.024465694622182368,0.021016179468835126,0.01869019188977674,0.01668833109971349,0.014548758409662674,0.012721556614705613,0.011324284653856103,0.01293148329151594
0.16393035535413766,0.12206101708565648,0.10941665813754099,0.09444678412810803,0.07981583799918454,0.06712953253120404,0.05599524829822968,0.048121047589165716,0.04115456956998106,0.035315614004768486,0.030384381129435215,0.026171272674191306,0.023110854584838515,0.020605808418498756,0.018037003541964136,0.01575175713971715,0.013657786868054711,0.01212757782337831,0.01051515359976644,0.012251739522178806
0.16832621936919126,0.1241682692629844,0.11073661357438166,0.09551083176424077,0.08038388603362437,0.06759382726803677,0.056934607369486114,0.04784838880438497,0.04029161669023097,0.03412022487720874,0.029381118623397685,0.02540087243780027,0.022028719419446913,0.019326641516513997,0.01727788685111601,0.01499795627089797,0.0128386392114556,0.011310867948297007,0.010196868068910526,0.011325944638393967
0.17090500996633223,0.1269040719585936,0.11286075610123784,0.09652937136731382,0.08174402438820119,0.06837238907220984,0.056369240046230375,0.04737944088038726,0.03945830053097937,0.033575651999128986,0.02885881308520795,0.024215674779316926,0.020860622100132318,0.018535702919549084,0.016262709167350634,0.014068441064638785,0.012296276444280661,0.010381735649319105,0.009638029513743492,0.010783738965846466
0.17453490396721225,0.12897290455653473,0.11519246738635451,0.09709423803273419,0.08203972569714178,0.06838318019876242,0.056340574857357134,0.04680928718759207,0.03960347968176584,0.03268731081406874,0.027582639093514764,0.02337199646406472,0.020077147678872784,0.017609359513541027,0.015501526881144359,0.013288218906538803,0.011875184163295924,0.010216040288232297,0.008890064557606278,0.009929750073665318
0.17785829347973367,0.1318639775314354,0.11635411073362405,0.09908616908631965,0.0820490688559801,0.06813501881022996,0.05652938293412825,0.04660989306020444,0.03865590075826387,0.03202841022192559,0.026842842159672,0.022590676348624068,0.019536209483567598,0.016588799507538308,0.014564755199368357,0.01269627793306603,0.011026859569798585,0.00969199398474105,0.008024248385364656,0.009267111956414461
0.1809237021613655,0.13488230634773685,0.11772874479043076,0.10012399359644929,0.08288353625726501,0.06789735602872907,0.055621655765702244,0.045665404449732466,0.03786316588070546,0.031132084930600348,0.026344461563656173,0.02211497648800671,0.019010123358588815,0.015781610847267296,0.013941759773268848,0.012140343372024243,0.010542797843647747,0.008895120133418448,0.007675237041666528,0.00883161936973821
0.18317690241748774,0.13699208637056354,0.1198929047743839,0.10088250071357871,0.08345615789201342,0.06830659012874464,0.055136681617044464,0.04492791603306998,0.036945849809628895,0.030783200604914424,0.02576060811927363,0.021499166239632248,0.01846457895518726,0.015461706279325584,0.013144870662818631,0.01141892827991647,0.00966627885820732,0.00842773993353286,0.0073811578502836804,0.008274174460392626
0.18691509259243805,0.13820541355842275,0.12133538667916917,0.10196263600218239,0.08433011260588603,0.06764195032260112,0.05438752508980607,0.044423347409764294,0.03651140324386374,0.029800766500875108,0.0253359072457191,0.02105958651665897,0.01781939343986038,0.014837815155494224,0.012647097591211768,0.010913544240648571,0.009178322407553554,0.007946982299068824,0.006972588500484696,0.00777512859829114
0.1912029908363098,0.14021296863191932,0.12211246999237614,0.10224362770694209,0.08419984952396524,0.06793108798176939,0.05488371472279543,0.04380821145386207,0.035406910887157986,0.029548021373602632,0.024640033631894254,0.020212501522276966,0.01677590915384757,0.014386976983172374,0.012216585395149734,0.01035481982079672,0.008698248839315949,0.00736198161256258,0.006669658392709088,0.0071334315375748015
0.19344163909009832,0.1417432836816177,0.12298677158265887,0.10418024656369565,0.08446181930332004,0.06798923055122574,0.05531428952479389,0.043381206811759714,0.035052388533704536,0.02865240187048321,0.023739466028724093,0.019735098233710373,0.016290875142745204,0.013618518117180267,0.011813051705023796,0.009582475472830483,0.008067083996699146,0.007125174003284182,0.0059665413565170985,0.006858438429927732
0.19624715011399546,0.14294594882871348,0.12556497740090394,0.10525078996840126,0.08492826953588523,0.06846059490953695,0.0544228230870765,0.043384931269415894,0.034328626854925784,0.027742223644387554,0.0225074330360119,0.01894590883031345,0.01572103782515366,0.01302614562084183,0.010912896817460641,0.009239630414783411,0.0077696892124315044,0.006449742010319586,0.005606442408970308,0.0065447382104715825
0.19826198261982625,0.14593645936459368,0.12675793424600915,0.10621606216062159,0.08596919302526358,0.06769734364010309,0.05437721043877108,0.043052097187638534,0.03383533835338352,0.026953602869362027,0.021661883285499516,0.01814351476848102,0.014975149751497514,0.012346790134568008,0.01040177068437351,0.00855675223418901,0.007231738984056508,0.006203395367287006,0.005411720783874507,0.006010060100601008
0.20025308657392374,0.14768267605751065,0.12806680153516986,0.10648617597842107,0.08620095406978195,0.06874297559879117,0.05439862800436241,0.04231041401300398,0.03325923890873066,0.026334324034066783,0.0213042283773321,0.017279818843294457,0.014430929843402681,0.011780180990201217,0.009845400734284072,0.008246959214765604,0.006963210869402331,0.005854292065236397,0.004878576721030331,0.005681127567288562
0.20282371668920132,0.14886704986712315,0.12918695342316122,0.10701416687203193,0.08699105495574103,0.06952390784539658,0.053770172973044976,0.041802929285528735,0.032391650403959,0.026002570950918822,0.020404425232617773,0.01670452047769067,0.013953736204450545,0.01130452447398744,0.009376311284876015,0.007802769433658143,0.006389079453040183,0.005616462078473946,0.004678997462351555,0.00539500063274699
0.2043491356142887,0.1507254383498046,0.12964038426017604,0.10833401281643808,0.08739539426937817,0.06968334977959785,0.05385832694064535,0.04103689676460654,0.03230734157920749,0.025185249281550626,0.019868640662154897,0.015939841616648392,0.013375555581440622,0.01091943216290289,0.009137245048232212,0.007408307221768311,0.005967248359672315,0.005173501157339997,0.00456446242347495,0.005130236110671991
0.20694061100934832,0.15239464223028562,0.13153354595380576,0.10914184846715279,0.08744224891901288,0.06902512348790742,0.05256450569067546,0.04131625049287023,0.03147548292963727,0.02439146124168359,0.01979300282329375,0.015705299373950828,0.012685689377793971,0.010449680653367073,0.008441598413498569,0.0070940038697591455,0.005619968356483679,0.004886277993781099,0.00441711544892367,0.004681643266768818
0.208256691535752,0.15400594064016546,0.13247361470990324,0.10964738675031019,0.08860235297248212,0.06907241527270065,0.05321296829108472,0.04057829770390598,0.031135141248199674,0.02374925575686617,0.018861366214189008,0.01515262389361398,0.012218892300118743,0.010010278039256125,0.007938039056549174,0.006677399290183306,0.005421748863262164,0.004560256252473882,0.004082942778929022,0.00434238843005445
0.21086076067222193,0.15472311078893639,0.1332523093497908,0.11084047696635566,0.08891578604348027,0.06879667746247514,0.05284237897943033,0.04090491929745222,0.030493725351972187,0.023031981751315118,0.018433233355723003,0.014713999747284977,0.011689732454594426,0.009353781082285342,0.0076728936535277025,0.006309562603496777,0.004989459123344884,0.004159822301435821,0.003787400160939567,0.004227988853937366
0.21224243351674313,0.15583063319605328,0.1347645724246678,0.11163764712144296,0.08877186445865298,0.06907306005948063,0.052991996061237126,0.04013280018097018,0.030344109486962822,0.022827526097630748,0.017973932309166274,0.014036832755603756,0.01113765044810081,0.008717506869548438,0.0072986873008163596,0.005768424694446477,0.004883533709023893,0.003950406184922257,0.0036160770720088348,0.004000306052521274
0.21386681565063254,0.15724792029357826,0.1362039351055109,0.11225010683281038,0.08941199553713211,0.06890674701159114,0.05276626311300001,0.03964037665008889,0.029623865369042927,0.02270508989752364,0.017079947523058425,0.013614740101129523,0.010625084177603519,0.00820742026614256,0.006825660492811027,0.00550043481369522,0.004735561774305919,0.0038360045692850267,0.0031725603459886566,0.0037794704750692947
0.21555811782062742,0.15865146586298676,0.1373920498157495,0.1124625767156561,0.08808136926854715,0.0693489594582471,0.053022272876799725,0.039882172726940446,0.02973261250245058,0.021990436917883098,0.016850031068386995,0.01319658812622737,0.010122977647375471,0.007753805462055031,0.006501101515539177,0.005133760205217498,0.004389448046014442,0.0035753566218861004,0.0029838942810908172,0.0033710030603191906
0.21843927844136954,0.1593483467185812,0.13741579243488697,0.11270162929917067,0.08897994951280357,0.06908879074700142,0.052299557365703575,0.03964124548361987,0.02926166209427264,0.02162385544928128,0.016541942379536916,0.012387785484184169,0.00981695486856234,0.007666021054588242,0.006193892742092083,0.00499229082749544,0.004079471693478655,0.003475351393874817,0.002877869778882012,0.0031683122306146263
0.22108058376899012,0.1606660068155096,0.13738134304067387,0.11303383176452608,0.08984714924371758,0.06922458631982409,0.05153647891908408,0.039448249290881435,0.028683596941656314,0.02119052205740705,0.015858016859418487,0.011947070194434667,0.009416164581935576,0.007376825938793269,0.005825732866566138,0.00469479669720139,0.003907625266542225,0.0031968460000398567,0.0026504759563966804,0.003034097476401465
0.22212508874718825,0.16167747115301673,0.13884870843811578,0.11305396492578414,0.09031146116024921,0.06899057123330393,0.05203239355313882,0.03840679720521005,0.028228241180022425,0.020936042306697007,0.015833493686508437,0.011706334724535366,0.009032307294189464,0.006885786515735622,0.005581949319549594,0.004427406458804718,0.003659370044257477,0.0030124279240125026,0.0025612272657903655,0.0026889568638900135
0.22339745558564195,0.16208148567501024,0.13900311950579328,0.11444385968698692,0.08999251252201829,0.06941771992183804,0.052103549662233385,0.03844180768636931,0.02795601812268506,0.02062625863508755,0.015172519129593137,0.011506809288457162,0.008613089970929992,0.006556108769314289,0.0052279530297722745,0.004241797393162324,0.0034249816133439825,0.0028239911412012183,0.0023840395524779233,0.0025849231080836534
0.22443809966468573,0.16315029381494633,0.1390159689253345,0.11392218053849472,0.09095813552006904,0.0694449055476246,0.05203844493874705,0.038255702001925566,0.028025297964875004,0.020454168188307163,0.01470236711928555,0.011078649447229506,0.008490753959031908,0.006395869991036154,0.0049583347166428735,0.0041084293350154375,0.0032485641246970554,0.00265927426048272,0.0022592211413963686,0.002395338800172637
0.22434686250147226,0.164592806156388,0.14025888281927804,0.11453814648129379,0.09049120717426898,0.07006059841976309,0.05201046413446115,0.03776245353098181,0.027918735412336325,0.02026140429746144,0.01435086037148673,0.010465793328367792,0.008140061477619392,0.006177621549348813,0.004860480971963484,0.0037971470801448524,0.002979325537763282,0.002549678926248422,0.0021598451281557877,0.002277624701196542
0.22616137527942215,0.1644769268299968,0.14098970598241234,0.11562058670755732,0.09022657459636266,0.06973313219921572,0.05207581362235577,0.03789685404334341,0.027329015255989627,0.01988107862319382,0.01426691426741212,0.010244231914939521,0.007884391029949402,0.005780116598045416,0.004502284332614761,0.003626056493462311,0.0027581262664230478,0.0022835028535488056,0.002064445893760693,0.0021988672099943077
0.22603647242015754,0.16624186816266495,0.1415151128217289,0.11582489125766338,0.09162381370111986,0.06890358870439493,0.05167727695591106,0.03751714256812669,0.027000270301195128,0.019284249068455852,0.01399264714417667,0.010455515553926745,0.0077143629431986075,0.005744314968882198,0.004288336752173605,0.003447583955053722,0.00248245944238356,0.0022138165367949587,0.0018937666554455746,0.0021425100865461325
0.22704047364362304,0.16707878305430485,0.14167019080076612,0.11620355398558832,0.091330630115177,0.06904483527782611,0.05156678856024611,0.03704403923812367,0.027169830095276015,0.019076759786727692,0.013866016567576307,0.01000190717845386,0.007459555378657845,0.00537990165592842,0.004369926283406719,0.0033052231813395037,0.0024494805011733294,0.00202492599318391,0.0019453220229358936,0.0019718566796852323
0.22810382007349425,0.16711723433773185,0.1429175237397504,0.11651663398600724,0.0909693641608916,0.06911835150245395,0.05133985178506017,0.037081912705345325,0.026743995239618575,0.019170811833989984,0.013410949208785493,0.009767732503692112,0.007075929078272801,0.005464825057640063,0.004050965253525119,0.003273590988425578,0.002380190713609685,0.001843156040065439,0.0017188424582264927,0.001934319333414
0.22892700774700325,0.1678544962624398,0.14341653942881388,0.11700908983904215,0.09132113507769377,0.06875154384691007,0.05035137541217601,0.03723800192638938,0.02672740927153636,0.018716812472127867,0.013343810769544476,0.009655156407234073,0.006962853178293802,0.005261927616167747,0.003914118179512302,0.0030255254881871884,0.002289452437910415,0.001833551336950701,0.0015948249422663428,0.001805368359800465
0.22956628382969557,0.1675384079948293,0.14485656043355044,0.11715971428097914,0.09186264273521272,0.06873995260113692,0.05046487346492317,0.03687001773314108,0.025847296110310083,0.01855184872139081,0.013349574901804807,0.009483087223851907,0.006896037388753543,0.005079633404597359,0.0036195495450703536,0.0028555329057491845,0.0021627802913538508,0.001894297220703028,0.001494887220537298,0.001707021992409553
0.2311163364492172,0.16846471654840664,0.14454499540483035,0.11749724703797847,0.0914496725424122,0.06927363200556386,0.05097243726144447,0.03599301203023705,0.02570479967544026,0.018390614262413167,0.01286150738125005,0.009102575778901964,0.006832313564444151,0.004684589208388874,0.0035784366487551632,0.0026544349597198195,0.002242111625365336,0.001624454582336333,0.0013644756124823023,0.001647637420412489
0.23202034931892748,0.169189341464223,0.14424485467139497,0.11783713916415335,0.09145925164882512,0.06897888841016804,0.05039439233752029,0.03614986908825771,0.02584264077155072,0.018110562423358626,0.012733238325655387,0.00918702150929639,0.006613528651443345,0.004873562456500846,0.003370563086202897,0.002543664865939748,0.0019471050276737487,0.0016322540019222485,0.001329002750803699,0.0015427700261823486
0.23236451233725658,0.16966939833182187,0.1450678329434507,0.1180772348894927,0.09264837782858315,0.06832036579886701,0.05051452899914285,0.03600625359556878,0.025617857563253008,0.0177478103297064,0.012442533070943165,0.00901233974332405,0.006426017079676975,0.004642117601417838,0.0031234819860968582,0.0022348480452540147,0.0018336364525600463,0.0015915831776289724,0.0012682928446730876,0.0013909773812819878
0.2333472485894237,0.17083958691568346,0.14529183936493423,0.11776448097751359,0.09214881372441829,0.0688473860854065,0.05052894538924614,0.03586988572924227,0.025115380665082978,0.017861225138904077,0.012631408058258537,0.00837400232583566,0.006149217929476159,0.00427562809158889,0.0030249116215580445,0.0021684607407554657,0.0016681741527431273,0.0014992031859310138,0.0012937875007868747,0.0013004138132108789
0.23535844773448447,0.17098449888567618,0.14550169426931012,0.11799736539051044,0.09121548288746575,0.06890746555538066,0.05025807574088036,0.03554071631552348,0.025129866363990363,0.017830838186924717,0.01211091871649779,0.008483773953819771,0.0059750954838816575,0.004208747234902777,0.0028732156320163075,0.002094431694849255,0.0017431504295739061,0.001330560641585405,0.001169832892850929,0.0012858219898758082
0.23566601517209387,0.17149435187332296,0.14617881869679,0.11818332394739456,0.09154271706363663,0.06888726935435784,0.04962732301984294,0.03565276443502169,0.025303938781594724,0.017419750223606187,0.012106204657634076,0.0083810911981979,0.005654752045582537,0.003948719647530395,0.002696524994202803,0.002058833272600788,0.0015304601318448339,0.0013482624971014013,0.001088216782058502,0.0012306622055851858
0.23644692589340444,0.17199092098941343,0.14575622525224077,0.11813814012823272,0.0921784655146705,0.06854487317549993,0.050221176626518,0.03573286502427144,0.02494408456071174,0.01730644974237479,0.011728159843602447,0.008022001689888834,0.005692605907983896,0.003916565880813135,0.0025696250766248613,0.0019400586490829867,0.0015623187925578616,0.0011497871071422647,0.0009675441939064597,0.0011912059510594938
0.23602716029745108,0.17341200408266072,0.14650852984451426,0.11899696451531662,0.09202224254715607,0.06857842552458213,0.04979719250805265,0.03563546347476836,0.02434352672949722,0.016981813602682888,0.011919910923768246,0.007820681062021976,0.005209368910804467,0.003802640474012804,0.0025632613565567796,0.002006534908073859,0.0014614069272676665,0.001134992908365478,0.0008350896727243807,0.0009427897297225647
0.2367993561752039,0.17394198621936738,0.1470033499422909,0.11922681411049345,0.09237097423210483,0.06871107534306689,0.04956854796643765,0.03473308924955001,0.024688230160740933,0.01670168954331162,0.011314955844680579,0.007623892391176554,0.005154903782305085,0.0036794719576877283,0.0025203223760579306,0.0018562952585814323,0.0012750645397927771,0.0011227191662071469,0.0008196843470096424,0.0008875773939336737
0.23747020067227617,0.1732792596679042,0.1484921830088748,0.11934309773848156,0.09250837860180472,0.06841047611000942,0.04940351644492157,0.034644255252882186,0.02436131281052183,0.016773770296262057,0.011102993434622052,0.007481515719300688,0.00503627276055671,0.003495570896307452,0.002451869633428923,0.001756068791509904,0.0012955149009063638,0.0010420445942072932,0.0008067976428918148,0.0008449010223302372
0.23736660701266,0.17366772718234244,0.14887154503877512,0.11986312719559884,0.09200470603831111,0.06888215019553258,0.04950288327699343,0.0346888049313979,0.02391462848810234,0.016341883740969048,0.010943196129117783,0.007503148405912374,0.005214754424338835,0.0034118777755683676,0.002387817326174851,0.0017051103599125064,0.0011566249088619334,0.0009395506064824018,0.0008434413733677998,0.0007904155895804335
0.23879993838703212,0.1745882945298616,0.14815268753447094,0.11931053101434483,0.09116731730181575,0.06950009026631045,0.04985184731246553,0.03444363655636509,0.023570272736758602,0.016244623357608623,0.010995927250322557,0.007401837457703194,0.005064850961211987,0.0035162454514888965,0.0022988924572145976,0.0016098872250811152,0.0011179772396396634,0.0008745066407848034,0.0007552557352232395,0.0007353805842963123
0.23916650383995067,0.1751805720682084,0.14768493527224072,0.11961968094794953,0.09146997751335453,0.06897174100948147,0.04959646572194055,0.03435754097437714,0.023619257046533112,0.01639637431819763,0.011143970830283782,0.007304020108823443,0.004972562318475811,0.0034143934401255818,0.002339737114887219,0.00153167503982355,0.0010183569183691715,0.0007650095874578167,0.0006755928824302796,0.000771633047089486
0.24078644427144583,0.17450847233034636,0.1486276978119358,0.11931492554618782,0.0913554072184586,0.06840309409835522,0.04908982492173653,0.03466450234376293,0.024033922448776782,0.016123101386381337,0.010781309525781399,0.007355937256720723,0.004957514120550576,0.0031885114206681798,0.002229473440113957,0.001396319546817285,0.0010418564590131349,0.0007354280887151536,0.0007039570669007667,0.0007023006973315886
0.2417014424422948,0.17485077754713582,0.148670789508125,0.119273593548355,0.09182461412556384,0.06850896825699233,0.04929849294848325,0.03453114412992086,0.02334712215615883,0.01571163744617969,0.01089245215190125,0.007126894168437901,0.004786052359976079,0.0031989848068929767,0.002001229231862618,0.0013882699472689342,0.0009525718611928844,0.0007305812013670645,0.000603019404302974,0.000601362757587856
0.2422898876330029,0.17659777519310493,0.14781180930415966,0.11921472335715871,0.09168298655638732,0.06847229263799005,0.04899943336017415,0.03434632628512919,0.023257085483085298,0.015902365638430768,0.010562365174515125,0.007092938872486157,0.004670636459130691,0.003036990645472348,0.002057797262234947,0.0013254732768018976,0.0009212039273773191,0.0006875892623409844,0.0005898356081768445,0.00048048406284068794
0.24224299622392884,0.17616423343768156,0.14873515686173883,0.11876000509877215,0.09199641761592671,0.06827553897167037,0.04883564240390552,0.03495804273367027,0.023573543994292023,0.01582109269336017,0.010467381929487953,0.0069495602309015405,0.004479635537117571,0.0029516593358021523,0.001969980151208393,0.001319390067658058,0.0009369821559528991,0.0006522455290555519,0.0004933227605547067,0.00041717226731471837
0.24278934884406128,0.17603009893385818,0.1485166542247588,0.11897553716764794,0.09246682479752243,0.06750576438281791,0.04958445131186265,0.034351252439413976,0.023847082055348006,0.015779428974361936,0.010206226692113263,0.006856015400378389,0.004603230040669312,0.0028801223555428275,0.0018654585601705566,0.0012530187489344373,0.000877278648527413,0.0006869257342242951,0.0004982280626542479,0.00042705262513221246
0.24305585440052432,0.17553270724852613,0.1489544471993353,0.11930589991691183,0.09208710015922461,0.06855595536414763,0.049066665783924615,0.03448156007004558,0.023443422302698875,0.01579335891078457,0.010515113095809514,0.006627186027958651,0.00457812101731609,0.0027276729705484133,0.001827276067648938,0.0011917017832493077,0.0008540529446620039,0.0006124023052808943,0.0004071647759435135,0.00038233765545915295
0.24180053353797212,0.17632718810934722,0.1489258951149687,0.11987238750800061,0.09251905669957315,0.06854292532949195,0.049258818840208184,0.034390541195383054,0.023314583977652927,0.015552979195988378,0.010478910696063624,0.006661782241752573,0.004458829424966469,0.0028777311570629283,0.0017762547486698762,0.0011378615149766058,0.0007839336600274872,0.0005375072563479607,0.00040189004090016755,0.0003803897506462491
0.2424617584651084,0.17744535623135915,0.14938115083765596,0.11996140261442664,0.09189554210127344,0.06847394676473802,0.0487399575627373,0.0339663613522988,0.023259393630438302,0.01538764552637764,0.010309739053867515,0.006590685649783346,0.0042404160308249445,0.0029113551124984693,0.001870284978466896,0.0011618938538794353,0.0006885296911878134,0.0005296382239906258,0.00039888378744293995,0.0003260585316442288
0.24344523401127174,0.17596541653145428,0.15053775902832503,0.11957025636270917,0.09160115763889345,0.06813380398286058,0.04930727100538422,0.0340337887507699,0.023402782836745108,0.015351298370166295,0.010149208262415808,0.0066921859374689556,0.004269952383159931,0.0027384650026159455,0.0017781810234640412,0.0011688973953124897,0.0007202129843639281,0.0005033212580382389,0.00035431167506639206,0.0002764955595144274
0.2424024173185977,0.1773301875077611,0.14962870979759096,0.12031623825489464,0.09208990438345958,0.06819984270872137,0.04885632683471997,0.034173599900658144,0.023706279233411974,0.015555279605943953,0.009864646715509743,0.006324765097893123,0.004284945568939113,0.002612690922637525,0.0017136470880417232,0.001115940229314127,0.0007169170909391947,0.0004967093008816592,0.00031623825489465626,0.00029471418518978436
0.24298957222125747,0.17729870086911942,0.15042132857012905,0.12019317439446942,0.09216965607349888,0.06776319597773862,0.04850695047425306,0.03434303340031589,0.02328346853887056,0.015429143202097127,0.009896879935829052,0.006577521976068206,0.004111571443928983,0.002550298940683222,0.0016472748021533648,0.0010436048194365193,0.0007095189659877448,0.00047135875362822185,0.0003175469498126969,0.00027619969072250196
0.2433728237763812,0.17792387107882424,0.15151946598502053,0.12038680326077601,0.091596747170661,0.06770878171210606,0.04824941890111054,0.03375836881733958,0.023073433681882298,0.015148304383240512,0.010065758540994792,0.006388776679226789,0.004079281092929466,0.0024866396921996987,0.0015843636387717118,0.000963531491917593,0.0006853986901269478,0.00043872138377691096,0.00031124384962286507,0.0002582661730913136
0.24423012958730972,0.17834099781070092,0.1502193436074286,0.1208781025412748,0.09188933366208675,0.06753400198244922,0.04808349453833593,0.03350802494774972,0.022803130217788087,0.015383011502507848,0.010110821889019257,0.006332915772385707,0.004001303981611874,0.0024871628967587443,0.0015919166378455846,0.0009564738219072225,0.0006271688209391651,0.00045176012695617956,0.00032434060396853903,0.0002465650509760832
0.24598139377873093,0.17632389784118854,0.15078254020260987,0.12060452016666831,0.0925545329083887,0.06723160476176294,0.04838047769867982,0.033110270488520874,0.022915239428509024,0.015488636702111817,0.0099071012751649,0.006279847893644692,0.003946623775057337,0.002399414873724587,0.0014446132308700444,0.0009581111806114041,0.0006255026360468234,0.0004500971349331638,0.0003441919267135958,0.000271382096062643
0.24555296797077633,0.17643466127742824,0.1509019857092492,0.12187358793181352,0.09252905239776422,0.06809872104898149,0.0477665943356721,0.033171292043425074,0.022578194439616863,0.014805509072822581,0.009856546286043433,0.006379030963293262,0.003816825480372149,0.0023768262748544693,0.0014648267780266052,0.0008871719243189385,0.000580965196708857,0.0003657929016315027,0.0003227584426160317,0.0002366895245850899
0.24558447469690076,0.17826126536185713,0.15100591715976328,0.12089212562585347,0.09218686638804983,0.06735465717714238,0.048078785120205234,0.03346381429221665,0.022321347291761495,0.014899656556461293,0.009671039020151446,0.00625149997931063,0.003816774941035296,0.002471138329126495,0.0014532213348781404,0.0008805395787644313,0.0005511648115198411,0.0003376505151653079,0.0002797202797202796,0.000238341540116688
0.2441738094450144,0.17876360988847334,0.15192275871198332,0.1213522189495979,0.09188701724194985,0.068102392692855,0.04811529933481154,0.033110500711520004,0.022388059701492543,0.014839328854618259,0.009440050302809677,0.006157130092332129,0.003774365423437137,0.0022636264354502426,0.0014759903365655085,0.0009051196346427503,0.0004550418638514741,0.0003689975841413772,0.0002432405599496971,0.00026144223450375606
0.24543975208540605,0.17835084483983055,0.1511474492574647,0.12131525843474116,0.09299445933396124,0.06788350530311432,0.04796061442294799,0.03317777972748598,0.02208320434910003,0.014536178215101003,0.009412676156595412,0.006015769460616908,0.003731300045192764,0.002314266842581847,0.001478283469546202,0.0009154431787895292,0.0005148333247803683,0.00030956215991617,0.00020030492700458055,0.0002185144658231788
0.24611839415164202,0.179605904643028,0.14981119644012997,0.12113556939875873,0.09278440967641008,0.06760508354205742,0.04778608995359786,0.033401923958766185,0.022009147991861825,0.01459771846500471,0.009508878981967232,0.005957948373276473,0.0037429622872959456,0.0023192791528092085,0.001476657390653686,0.0009452593834789851,0.0005015999880807923,0.0003228118735173417,0.0001837544510791022,0.0001854098965843193
0.24601171319048062,0.17926669410654272,0.15111933205390785,0.12155534507297193,0.0927385161639053,0.06796328346218504,0.047735466370448246,0.03272287874054275,0.021960165895540038,0.014425771002662994,0.009103096242885881,0.005854942235754819,0.0036349570797359824,0.00230924740354305,0.0014083599053820181,0.0009752727044312094,0.0005256554576425841,0.00031241786633474336,0.00017852449504842478,0.0001983605500538053
0.24538910190456967,0.1787060041750338,0.15131189355317873,0.12122154476251602,0.0938935994944967,0.06808580323085424,0.047968227397088066,0.03280643656562116,0.022019829756544585,0.014137881980858361,0.009039841467812205,0.005857287948311625,0.0036291696578920375,0.0022248100227277986,0.0014887204613048466,0.0009875179059988814,0.0005078190906895422,0.0003407515722542206,0.0002183456676580442,0.00016541338458942744
0.2463636092606641,0.17863779858817605,0.1514547219250097,0.12099384190354412,0.09325093828984461,0.06796928570718733,0.04832565365593501,0.03265215533375955,0.021979004833062248,0.01446109202693794,0.00892079276796332,0.0056380205314049674,0.0036040930306513526,0.0021614620427389776,0.001487350892244906,0.0009109610141811784,0.0004968878259170067,0.0002732883042543535,0.00023188098542793628,0.00018716108109540573
0.24505388690533308,0.17975427438808494,0.1516146217658757,0.12185190945279231,0.09317123693362497,0.06798816705106102,0.04804488314301126,0.032874817591915476,0.02157296157931483,0.014395761845357652,0.008879675189522417,0.005524359131323894,0.003477748695430616,0.002200478479982264,0.001442719725221455,0.0009165902841429884,0.000512893480296618,0.00030773608817797075,0.00020184840192318513,0.00021342986760730228
0.24633514569213066,0.17925966384468336,0.15199483601876906,0.12176568435164725,0.09301455679965571,0.06821255079156217,0.04798033714838997,0.0321341973071162,0.021715203124870696,0.014268808394779744,0.008940970067115205,0.005447007125301027,0.0033996209770186282,0.0022360700778734986,0.0013572001953044187,0.0008838352491372674,0.00043033176924286407,0.0002598541837351142,0.0001837185630229151,0.00018040831864412387
0.2461981984367475,0.17997262735973185,0.15267114933645343,0.12082356231578495,0.09308683614313872,0.06806254995837832,0.04780116937772755,0.03246322318631435,0.021643252081495656,0.014080194885255021,0.009050844596551443,0.005492732348867112,0.0033363508331774924,0.002111698245602422,0.0014066955397821772,0.0007546507836949097,0.0004716567398093183,0.000239965709727548,0.00016052878512808378,0.00017211333663217228
0.24779757194929364,0.1795843775761208,0.15167205755281357,0.12096883659490223,0.09264433725207163,0.06811718473248074,0.048047859150546414,0.032651554528509895,0.021817363177985324,0.01407699973183514,0.008846129652743055,0.005484136889883564,0.0032908132016566615,0.0019632316182921538,0.0012746107471205382,0.0008144266072510453,0.00040059194909502637,0.0002267813926694984,0.00017049987916027988,0.00015063581556879092
0.24872988081565645,0.1795989898622148,0.15151404826287415,0.1204701840555774,0.09327060240884101,0.06812141511963113,0.04776310084498093,0.032788106057847925,0.021523348679572514,0.013973793345402915,0.008712934860675786,0.005287336539384453,0.0032832787775082177,0.00198916385613149,0.0012858405292963133,0.0007016684484190947,0.0004319232665976031,0.0002515415192445811,0.00013900978695095275,0.0001638329631921943
0.24834923873984854,0.179967290701001,0.1515293829716514,0.121694136634911,0.09274524946214865,0.06817524114426321,0.0479278874059277,0.032441406863661086,0.02143798545114192,0.013902278902171415,0.008675074951919973,0.005199091812587953,0.0031981690730105298,0.001951313084877158,0.0011459830235761611,0.0007028034415871118,0.0003853016515054048,0.0002761604111648181,0.00016371186051088025,0.00013229241253404466
