0.0928870603061641,0.09036658141517477,0.089217539567812,0.08803143185440533,0.08769783906000966,0.08699358760517441,0.08554801882945996,0.08236035434967937,0.08236035434967941,0.07995107305682198,0.0769116720412173,0.07694873790726123,0.07761592349605252,0.07001742095704068,0.06975795989473292,0.07020275028726047,0.07327921716890916,0.07405760035583232,0.06568071462989732,0.06857185218132622
0.10520637204087246,0.08116841904842494,0.0756468298461994,0.07063826186295459,0.06671391398167931,0.06509022826799805,0.06183227908354312,0.05662802259408915,0.05254500835642812,0.04618248746535783,0.04205187332078106,0.039983921809219586,0.03653557299710171,0.03380651166726607,0.030686073325012154,0.029882163785990817,0.029300387145909584,0.026952125071399855,0.024757240474729734,0.027280035541263837
0.10501541902470438,0.08004676539360872,0.0749805144193297,0.06957877257785763,0.06455996475651495,0.06264868345250604,0.058161916703378655,0.053763258666847405,0.04910705208580431,0.0442881832661222,0.04128909824121456,0.03888305262801179,0.03716154393574842,0.03495204852756786,0.03241722864210919,0.03157341827916906,0.03174963570436139,0.030336507506184555,0.02776441085770442,0.03203429462197973
0.10227140228590605,0.07889760062337724,0.07252163477261805,0.06667178564014184,0.06130255123950256,0.05725003057164714,0.054795767177710876,0.0503792306182867,0.04607929289913063,0.042177497561377925,0.039706170922524334,0.03880750669021395,0.0374538225934426,0.03648406150731019,0.03409520721889015,0.03436821913756672,0.034954057213060205,0.03553136366609505,0.0340127348684566,0.04232537901732771
0.1007324108883231,0.07647714660605799,0.06964603089929544,0.06268345034547444,0.05801897644503883,0.054353129748219535,0.050361149103890106,0.04702143635458092,0.04330755442518261,0.039730193683114104,0.038332115598051296,0.03760147442882317,0.037174213675883534,0.03695426287407438,0.03642840348584099,0.03636772740258328,0.03916135540257317,0.040546792636957305,0.04168446919803915,0.05343793215908258
0.09815737120754038,0.07376746504682734,0.0679838631506552,0.05937538945842776,0.054694964619865505,0.050333030228897686,0.047108891422452205,0.04359395698994216,0.04004901983410803,0.037750349647121824,0.03621790285579768,0.03596172575664562,0.03686873116175161,0.03698874205504807,0.03794652129962567,0.03961744219859958,0.043125452925727094,0.04544489422886076,0.049181387233610444,0.06583520658028956
0.09641117722557793,0.07187073467052639,0.06520905337273061,0.05811883033818369,0.05182140951662636,0.0469853160173902,0.043666260266252976,0.04004079717333871,0.03741597903573824,0.034939007797316894,0.034122635788806074,0.03465188483369367,0.035733952718990186,0.03696601021214959,0.03886873552332445,0.041639257851420294,0.045746830398179554,0.05121716566780731,0.057572439623826056,0.07700252196812078
0.09577114929411626,0.07187473536919273,0.06302951364386039,0.05604930903636077,0.0493937182191002,0.04418376769750028,0.04033074314379384,0.03646562118175549,0.034030009637601985,0.03247750890167629,0.0319028820059116,0.03301785980716731,0.03441511046950042,0.03673176416505703,0.03913108348421491,0.043143390580957876,0.04944210785242774,0.05591018884054404,0.06343477682297863,0.08926475984628222
0.09669361440262873,0.07070952998982034,0.0626386287519626,0.053798978963895676,0.04721573078080698,0.04166962216296319,0.03753640053141422,0.033738667668659794,0.03154169550272513,0.030174818404722158,0.029785651432920446,0.030847713020990097,0.033075358445785984,0.035949059385346226,0.03984456326072078,0.04492290468093101,0.0515866701685304,0.05987611837577425,0.07042771942403288,0.09796655464536924
0.0974144926678953,0.07092353279344592,0.06209875835756418,0.05320374063962053,0.0456914064738427,0.040075640923736125,0.034591119400639955,0.03095695380764801,0.028736896393007465,0.027267332991975625,0.027755338951563575,0.029858940398575177,0.032506003027855154,0.03522330893919704,0.04006639838662272,0.045665527369925164,0.05351428988663103,0.06353504862498777,0.07465012375757196,0.10626514620769464
0.09902303941692056,0.07175420780848261,0.06261658348277627,0.052207794078459324,0.04434313534847211,0.038109745118798125,0.03272799948145107,0.029078351302494084,0.02624613789080224,0.025632161556799118,0.02575459672017804,0.02846437496849095,0.031197559939214546,0.035147894475293304,0.03995347463791601,0.045783549035282936,0.054643893726278196,0.06603036392051796,0.07885544728446012,0.11242968980691255
0.09999894025885944,0.07300733340869274,0.06254238964562257,0.05211277058723791,0.0437072571073306,0.03676418640140169,0.031516701520375286,0.02758329565364834,0.024718462103656812,0.02367638331543547,0.024177994121969144,0.026689580625105968,0.029706310405245004,0.03366974227095462,0.038714110100039584,0.04596627197196631,0.05588721528288022,0.06767506923642119,0.08290178319109248,0.11898420279206467
0.10284882228775252,0.07410045690800557,0.06372618343014476,0.052128018045858385,0.042818757496556184,0.03553127558868153,0.029869247838984012,0.026101546363853815,0.02324696253075007,0.022180203679357784,0.022700488683801152,0.024865432997592363,0.02772700052203093,0.03268018360124518,0.0379982645527033,0.04634028385213429,0.057014856057391955,0.06930266096099087,0.08511548406583527,0.12370387053632999
0.10483571553151774,0.07579690098378998,0.06422005674449609,0.052741643310936,0.042225088803582195,0.03484795894226602,0.028707258149466317,0.024583525446090135,0.022015690215805225,0.020542681842279312,0.02073263602878324,0.023464522601957912,0.02680771628442704,0.030622341720674094,0.03687701502537616,0.04583594520339778,0.056563176172146845,0.07178196022359332,0.08847375264856576,0.12832441412084888
0.1067884633218956,0.07735427164157573,0.0650595415966834,0.05309626607039201,0.042082702195843265,0.03361773161457851,0.027675593612716858,0.023334054633321992,0.020591397295468515,0.019497425645992827,0.019691489690562308,0.021518782995181035,0.02536399888713716,0.02929336644443757,0.0356373715828413,0.04482364215277132,0.05754256528623588,0.07368251122308435,0.09078247309722777,0.13256635101205255
0.10918916516980481,0.07828231469818651,0.06575994722386959,0.053169216886310836,0.04175261872493006,0.03252363218728692,0.02694351347517489,0.022419601000148684,0.01930909072264674,0.018381064854139286,0.01847335471951572,0.020110645294156862,0.02340231715924958,0.028444078323332418,0.03474029802790231,0.044922946507768596,0.05771363822030959,0.0746898462348299,0.09368104964340221,0.13609166092703456
0.11045830036667435,0.07999625668904144,0.06704099776252095,0.053015492202853426,0.041795768357111865,0.032469819555396746,0.025524276222318638,0.021404932662940378,0.018857779706150095,0.016935079077443994,0.017345141777902553,0.018801630041771943,0.0217775622538135,0.026454999447010876,0.03360472337782769,0.044055366972086826,0.0583480088137958,0.07593476429902246,0.09551228061220146,0.140666819802115
0.11244894009310473,0.08090639611282582,0.06712913445181268,0.05444352765808624,0.042111053387525604,0.03192793380123393,0.024520639577327533,0.02037982119270509,0.017727931763930914,0.015953780385525643,0.0161252533895629,0.017522503709589243,0.020738046973416593,0.025150505760474274,0.03261722132241339,0.043092354341322955,0.05824309778714937,0.07730206752301302,0.0978703392449076,0.14378945152407246
0.1148546084151606,0.08193058068538359,0.06789627762304584,0.05366375951262816,0.04191147072177385,0.031616147241591966,0.02431946166825916,0.019835057973666203,0.01703294096918688,0.015120250462501775,0.014954224182913523,0.016375612433674195,0.019750350688161993,0.023972161797691904,0.03141115561067175,0.042619623628589044,0.05808378567023793,0.07828477911728232,0.09900079286019228,0.14736695873738712
0.11680279376069126,0.08317387982501806,0.06908675397732267,0.05435054529719205,0.04136550800873558,0.03117795011527982,0.023678000824876096,0.018999195407738957,0.01621354825187119,0.014107409686209015,0.013955280897357012,0.015004969540435835,0.018718602308300834,0.023346698129153957,0.03040716425176302,0.041974023164143594,0.057900217037072085,0.07877228686756681,0.1012366380213792,0.14972853462789298
0.11834010260975418,0.08434703879984015,0.06958445241358845,0.05438519290330302,0.041330521090974695,0.03058229265192094,0.023307217245722205,0.01827114534808243,0.015163853581309714,0.013560470797695578,0.013009149903645299,0.014609160694023644,0.01772994043373949,0.022631132601948007,0.029538660745446525,0.04147720279673119,0.057288479079310964,0.0787596460081501,0.1033465346868514,0.15273780560796196
0.11934580146891799,0.08506600035334802,0.07087823797144614,0.05478071393116444,0.04081842120760877,0.030085055904697008,0.022701765898555493,0.017736385586767964,0.014371166805481934,0.01289888358866931,0.012390735552695119,0.013985849255024692,0.016900128719618383,0.021503748012417664,0.029046885910670263,0.04088572558323447,0.05721713232881553,0.079160041392191,0.1051815956184851,0.1550457249101907
0.12062279048734931,0.08659860709296635,0.07075651695913905,0.0547967542542837,0.04137031389998841,0.030021634942701863,0.022142615794012478,0.017252479949434414,0.013650018239248515,0.012037904016164846,0.011792472653735016,0.012868336160276772,0.015763081407565674,0.02100455392849878,0.028169132467375277,0.04027764002615693,0.05718886951961015,0.08022579685343548,0.10578764135417594,0.157672839993881
0.12162030570031697,0.08777299468113683,0.07104073765647664,0.05513619513243432,0.041249731370547466,0.029584497394294314,0.021711975500993932,0.01621010852629882,0.013320662977488847,0.011671949712566482,0.011193453500241764,0.012393891366249394,0.015169169397732761,0.020360433567936386,0.027517729543867192,0.03932567291677859,0.05715931069682478,0.0822174018159351,0.10654011980873583,0.15880365873314353
0.12365577870481727,0.08780652271274801,0.07201218458710121,0.05485748025288385,0.04078414795953456,0.02900213532205118,0.021145223705597297,0.015916787858354167,0.012900834167836649,0.010928219295729524,0.0109215097213346,0.011778657850285907,0.01444906845946495,0.018875710166514854,0.02674100875096241,0.03958481153644223,0.05809317250483508,0.08214028713623625,0.10809292089579527,0.16031353841147478
0.12461431456512448,0.08885052751544001,0.07233874954957975,0.054930321034416314,0.03999731842826377,0.02906153369143489,0.02111570144050682,0.015519596423453694,0.012219587205550855,0.010724610962600455,0.010426286106944436,0.011049751535618813,0.013657580049106282,0.01842742577493233,0.025977726194765908,0.03926994209481031,0.05771412769309413,0.08221028550359079,0.1094148307676837,0.16247978346308234
0.12605595007459675,0.08932688781686876,0.0731014666508152,0.054726051596504406,0.040088009095612775,0.028599607174013872,0.020495268841330794,0.015190611023574585,0.011953899040707556,0.010376567075958078,0.009887627655887115,0.01064782798709334,0.012993732533392722,0.01792833688595823,0.02578318215839963,0.038815427043373284,0.05730972805256434,0.0834428702753298,0.10958438474843898,0.16369256426957973
0.12703211082036836,0.08971467266358461,0.07265188058553551,0.054636046715767835,0.04013141944706855,0.028780190106757413,0.020525510587959914,0.014825651872225523,0.01123920512970564,0.009806298435841057,0.009262897414247136,0.009991890784754674,0.012672111823570227,0.017311920546410627,0.025350911659713916,0.03873864082864476,0.05784294874474367,0.08322897247046823,0.11155939373166025,0.1646973256309721
0.12692590120718525,0.09054307445005914,0.07269874564471585,0.055224082818560914,0.04041068050321408,0.028325446568211735,0.020172722665208077,0.014629405674121878,0.011245540172321215,0.009388846792687637,0.008875328893996191,0.009529353318713964,0.012193959222998908,0.016905945935096024,0.025356409857536424,0.03831311879324967,0.05767960163054479,0.08392254075943774,0.11142000244213725,0.16623929265000328
0.12726744351119923,0.09042717541799794,0.07334483513069795,0.05597355811386113,0.04002024227261263,0.028532919580390385,0.019811372750093106,0.014339946588458899,0.010814250426306933,0.00901883433236409,0.008450981800326348,0.009104012212169745,0.012071876769319933,0.01667315243333161,0.02513248500618792,0.038563867543386435,0.058644135168944476,0.08392192361715382,0.11133917998754068,0.16654780733765684
0.12778177796562878,0.09102831186318358,0.07370239382007175,0.056090801108618187,0.04052069637794591,0.028382028891565575,0.019412512550473375,0.014021447318082882,0.010605045582651036,0.008727277587235193,0.008207717225514262,0.009136577550648789,0.011488799381205287,0.01634693935511033,0.024404301492023665,0.03882168387675562,0.05811892419263494,0.08369265415155461,0.11175225490867599,0.1677578548004203
0.12823807179863678,0.09096885611072644,0.07412462561424292,0.055932189249393055,0.04065141036016117,0.027968597482125424,0.019684139392473075,0.013612207269966542,0.010281738317912952,0.00855810383521187,0.0080224923454277,0.008798378148386075,0.010979201254765857,0.0161217389853416,0.024613099955782845,0.03831040437833192,0.05858354955240565,0.08444307250777973,0.1120729499511943,0.1680351734897341
0.12885895062913186,0.09109601958745511,0.07403210166249692,0.05592171693991076,0.041070901046299894,0.028186174287626486,0.019340442186464694,0.013548991169288954,0.010037402425733406,0.008082996333193695,0.007931116782022801,0.00850692387162673,0.010923644641906408,0.015651938800885907,0.024599480271513905,0.038408836385667236,0.05854372545517966,0.0847204164503913,0.11216889006090204,0.1683693310123022
0.1292191242502485,0.09181828492891124,0.07440970623753196,0.056529092692300005,0.040036228258041255,0.027821700926722846,0.019054862792978522,0.013131909556120442,0.009679216455501955,0.008066291707531875,0.007485838954384418,0.008394881340779143,0.010775071222220002,0.015572146274093797,0.024540808497294557,0.03847334254051492,0.05826711501637945,0.08491289872767425,0.11284468552137332,0.16896679409939752
0.12931093383638326,0.09132222246293367,0.07501753953269019,0.056394805298688656,0.0403184279246025,0.027501653965434195,0.018956027016712965,0.0132450551849525,0.00954383883294199,0.007729059631078222,0.007279114374417778,0.008209001238182691,0.010643705015889732,0.015649762612215515,0.02467199824021411,0.03813369373392903,0.058554542530658775,0.08508464803448917,0.1129145953908941,0.169519375142691
0.12942986132752937,0.09122952035423894,0.07486580217882931,0.05650224065781513,0.04062348449371465,0.027661166541954215,0.018775195942984463,0.013008980963157892,0.009355933785186829,0.007824387089677975,0.0069911190290093935,0.007887715462288787,0.01059417012334034,0.015585445806745132,0.024268098998911747,0.03832533118239072,0.05881039318586709,0.08521665802845446,0.11307947544109041,0.16996501940681313
0.12958247793745165,0.09225611219239073,0.07442610712666968,0.05664109366251633,0.04047411149918681,0.02734489561948435,0.018728170741461596,0.012819273735569358,0.009486562508331778,0.00758358439757912,0.0069303729970405506,0.007766883515077188,0.010236422534460237,0.01550377262910923,0.023695576825659214,0.03830951555709602,0.0588123550270616,0.08569067107473273,0.11386041272295838,0.16985162769616335
0.13007148964825224,0.0921981441694016,0.07448657964786894,0.056081620543148046,0.04069359460085638,0.027469093103224148,0.018923338228210157,0.012977813040151888,0.00945416845154655,0.007377318329785803,0.0065772476568763585,0.0076040050204434755,0.009957546249918741,0.015047995906305064,0.02392711356169795,0.038150036586565135,0.05873352146106248,0.08606593582433113,0.11428509518340793,0.1699183427869461
0.1297068621917657,0.09176893275328436,0.07518492805162501,0.056679636187460344,0.040778237843363464,0.027750445775249356,0.018533595054600185,0.01298949951634842,0.00908698902335679,0.007140728457526068,0.0067777816625294056,0.007084122076655029,0.00964972304495712,0.014824212213992102,0.023811307624047064,0.03809109964554416,0.05905377439693395,0.08568541170320275,0.1144980595665616,0.1709046532109969
0.13016444312744926,0.09177884247220712,0.07528292275268275,0.0569774294399478,0.04018518580175595,0.028059211512017766,0.01875830289631659,0.01270863368037636,0.009156076138599692,0.006908675631852489,0.006342663652375419,0.00719001688047492,0.009598897275484687,0.014966022633820214,0.023509474041691777,0.03785787772143553,0.05928975485022322,0.08546614415992171,0.11464572644308085,0.17115369888828594
0.12998410407507668,0.09258212340292513,0.07448637539656675,0.05701914827106876,0.04059945594700473,0.027856111949877947,0.018521412941544232,0.012432409064002711,0.008802617839351394,0.0069852280965461274,0.006361695476644961,0.006882137370055802,0.009351326544864421,0.014567384754544301,0.023463116798467607,0.037970642421501395,0.05901445265475245,0.08582136704954338,0.11480648872985579,0.17249240121580542
0.13003179375299315,0.09237482041185544,0.07445591443622628,0.05704251583036236,0.040631817698079074,0.027748031181823018,0.018973154898100354,0.01250465598893205,0.008646836588091312,0.006757835364231364,0.006155882509445006,0.006747858245091255,0.009343572074708668,0.014553291119033678,0.02346784707071782,0.03828719470015431,0.058929854201032306,0.08574003618368545,0.11574455914436228,0.1718625286010748
0.1301961944722432,0.0917918164196919,0.07493026302227926,0.05709122826849486,0.04024297393715526,0.028071003713764198,0.018854750925116293,0.012665698051354347,0.008739148793275989,0.006780861314014223,0.005997878798961343,0.006626259670914608,0.009148095075023356,0.014140232002207645,0.023336536191745933,0.03752830207498679,0.05886499120599254,0.08664341546614888,0.11638345197208526,0.17196689862454406
0.13029597074713528,0.09249106633609201,0.07488314318638728,0.05695761560551867,0.04047377934307432,0.027593339951478023,0.019029660263029685,0.012737434255051328,0.008834724307713794,0.006847618049908792,0.005921410363216418,0.006613156139992051,0.009262076866923744,0.01407270314627929,0.022924055958242495,0.03782984716741744,0.0593754001233835,0.08680245503236737,0.1155863958881035,0.17146814726868503
0.13063992775304317,0.09255393990397012,0.07502108034480293,0.056314041422253866,0.040570724348920874,0.027964096056520265,0.01893488959221383,0.012573365420916699,0.008516958243454286,0.006677521450394251,0.005842623376148197,0.0066342797174651705,0.009153942232371091,0.013847333398750314,0.02290315016024388,0.037633612796891924,0.05897008171024381,0.08675622140432515,0.11542382719273005,0.17306838347434023
0.1298943794167777,0.09261486529139522,0.0754776847861839,0.05692514195153877,0.040121867347989754,0.027793928560749283,0.018246877730635946,0.012298036766196094,0.008512108657299582,0.0067262935115936775,0.005724575806607018,0.006420628407584481,0.009118455195143916,0.013874537764591355,0.02255110753763501,0.03749879561304129,0.058965124276121904,0.0870879750683593,0.11647003319124331,0.1736775831193123
0.13054278455605375,0.0930578009806577,0.07606161760332047,0.05667942197357776,0.04029968048039265,0.02702873350270255,0.018155958135122066,0.012385331009352967,0.008618555399183507,0.006279067062563037,0.005496468336321386,0.006214265894148121,0.008736526757067067,0.013460365777672175,0.02277844148205256,0.03757636983854539,0.05882949151021616,0.0871924644548975,0.11653576276790713,0.17407089247824592
0.13150977370103797,0.09333772264535857,0.07525674981420243,0.05687484309040821,0.04031849114073895,0.02723701121103447,0.018019455958075418,0.012376529816563337,0.008442775175780307,0.006279708908807055,0.00541182221291156,0.006123422798818211,0.008680529577146314,0.013377425967768482,0.022585005511579295,0.03759345992508243,0.05913600383067231,0.08585594078419052,0.11661437732454805,0.17496895060527615
0.1315903944109073,0.09282502872246465,0.07555004349876145,0.05711619814183919,0.040518598210905886,0.02688787945198203,0.01789260122593456,0.01198540301104404,0.008292989062219832,0.006305660151813998,0.005485492664979846,0.005870672537339203,0.008400905836803271,0.01325882095112864,0.023115773115773116,0.03796844181459567,0.05917657840734765,0.08656751605469555,0.1159225389994621,0.1752684637300022
0.1306244615208395,0.09380618236328232,0.07562695989813925,0.056888300124005836,0.04042059061307357,0.027359306496943014,0.017981676353066363,0.011648580407077795,0.008174092906434524,0.006070807830794286,0.005469869237754215,0.00588322202688951,0.008439701124352788,0.01326381038229322,0.022787525046024923,0.03800853598410334,0.059449759375555085,0.08659823934952549,0.11597118814856128,0.17552719081128368
0.13100911461575368,0.09328911308862804,0.07521093421906616,0.05727052863443435,0.04035761296994386,0.02753307803777644,0.018049960244937657,0.01209583044922391,0.008268057014901093,0.005924251251993979,0.005409676332375561,0.005988988096720168,0.008019069150569602,0.013231215110575508,0.022518462450140178,0.0382544954758905,0.05927239106365957,0.08689178489440423,0.11641510592773704,0.1749903309712685
0.13147237777209794,0.09306382173596985,0.07537650077507545,0.05659046474651551,0.040604326481024765,0.027494431738592125,0.018171950567780096,0.012173829337352003,0.008097629630121391,0.006119278632149531,0.005140061275770844,0.0058885816617484515,0.008155718795330294,0.013290800999797514,0.022855596974052397,0.037077484307626946,0.059360488081762974,0.08682670508296791,0.11643724212559875,0.17580270927866526
0.13121001769429702,0.09342290033761917,0.07514764612733918,0.05730396013637555,0.040031272097122754,0.02747927642608398,0.018170681910984074,0.01204075331892559,0.008181537511577647,0.005983859348597569,0.005130682176564517,0.006060213725861225,0.008297728955239735,0.01350476550906791,0.022614174692175675,0.03725097683806564,0.059040192280240454,0.08715354201316615,0.11701640291208959,0.17495941598860665
0.13070756187683674,0.0935798013838122,0.0755308704218438,0.0563989704331213,0.04059392475935865,0.02754025062523634,0.018299357184081513,0.012083479829909182,0.00816289976980689,0.005914039126194912,0.005239049242750908,0.005869260927538923,0.008433227413544906,0.013702128788733135,0.022778835501482655,0.037729778497177326,0.0593825252250519,0.08666239891736266,0.11663559833624113,0.17475604173991496
0.13098504806630845,0.09391315029789325,0.07561458639402255,0.056720069987068314,0.040425168120027166,0.02738061444529107,0.01820228188387392,0.012131534519594225,0.008198912013174036,0.005796841617737142,0.005079706572243886,0.005715499911188138,0.008386495948685005,0.013675366909197753,0.022734176963032694,0.037387304385646,0.059470747696286665,0.0869078033257138,0.11574260827992168,0.17553208266309425
0.13123485074874652,0.09299399010525619,0.07589567353986121,0.0570807185310622,0.040674701995550684,0.027356642427864664,0.01787030580735133,0.012033071023010261,0.008041969651691735,0.005921904572168542,0.004944051532357141,0.005686157319786167,0.00860311452003852,0.013738088122987014,0.022811036955872093,0.037357638543015576,0.059378424145831256,0.0867865325231597,0.11675963741408509,0.17483149052030406
0.1317647487894115,0.09281206328050011,0.07502416203733635,0.0571964742489875,0.04048944081668513,0.027421218496101747,0.018101220286496272,0.011695586511698074,0.008060090945411201,0.005964666232330215,0.004875509557888595,0.005855253233071238,0.008366778897879547,0.013615287316878284,0.022675015210064674,0.03763972951780365,0.05919740591725392,0.08687723695705872,0.11721116211525172,0.17515694963189166
0.13131616151738698,0.09331353287379027,0.07525445303164148,0.056853947854738435,0.04044398552754357,0.027105193808599614,0.01834581082716088,0.01225319174678836,0.008005263916811554,0.0058788138950166815,0.005055083839808539,0.0056368328325209285,0.008112995211758291,0.01339348606868616,0.022510868430255588,0.03773744391757394,0.059643359691590174,0.08757394095993554,0.11581777168589528,0.1757478623624975
0.13096081629808354,0.09383146677109902,0.07530578819593675,0.05713688325868748,0.04049629702152092,0.02759270721495861,0.01827012908568043,0.012281310205551395,0.008033214795983557,0.00566523348760336,0.004769150862147644,0.005640342303562924,0.008039852445061009,0.013286914040785034,0.022259356181227735,0.037781498548843974,0.060472301920105935,0.0869764346863628,0.11630654654734388,0.17489375612945401
0.13068323022529132,0.09287179368229914,0.07531305192072554,0.05739147146828724,0.04098917448399036,0.02742662871495458,0.018466666887573025,0.011975333596211897,0.008033811926955103,0.005792164672434534,0.004710275790541011,0.0055138226630040395,0.008100083833962364,0.013153316743265947,0.02254238916851952,0.03809806254079862,0.059956194269468174,0.0876147746589482,0.11619619135350429,0.17517156139926504
0.12978738920305755,0.09323351387903657,0.07566842792646464,0.057256412466271986,0.040470302773155484,0.0279039240514721,0.018443505989830217,0.011840439143722771,0.008033399850171373,0.005787627868124292,0.00468380193451296,0.005601999482892355,0.007978705772379814,0.013023820099576372,0.023027864146540344,0.03819138286517413,0.05980217317802425,0.08722379490715267,0.11730056550361645,0.17474094895882367
0.13027570043148073,0.09314185859690093,0.07524162090983628,0.05676662774230416,0.04075132301423636,0.027531946963485633,0.01840873893347247,0.011887665946151873,0.007740150894018072,0.0056481734535847655,0.004824964595393675,0.00546266159821776,0.00804160765898946,0.013383355280048368,0.02272188957075538,0.03797692696298872,0.060087621224543884,0.08788127241256516,0.11775530655005925,0.1744705872609671
0.13059321233452142,0.09274089981888291,0.07555548927299634,0.056706386490288786,0.0401473461291814,0.02778564883168704,0.018257530941527173,0.01201537092548679,0.007852826205472611,0.005486538840751175,0.004714347025653003,0.0055097377364837375,0.00800361902773427,0.013341022110204681,0.023183982156735047,0.03880181017669275,0.060234275705619233,0.08714499475539256,0.1169025497243474,0.17502241179034164
0.1300786331585009,0.09330913851533305,0.07481998889689859,0.056885994349018545,0.040552835019513296,0.02769809507237731,0.018099712479388835,0.011961520296303662,0.0078036573947483975,0.0054405196914332115,0.004598672599368615,0.005574751215955323,0.00794451763653086,0.013527554749061619,0.023439144232601686,0.038840968787027606,0.06001309171658917,0.08783713241691318,0.11638867483656068,0.17518539693587554
0.1312021731208799,0.09263921555636534,0.0755258886275549,0.05644151455924737,0.03998741179978136,0.027404180607546295,0.018218107132209227,0.01190909994368437,0.007705303607513165,0.005354954119322891,0.004728856792659092,0.0055719349388809744,0.008053135455659721,0.013509126445158514,0.02349686951336668,0.038847848411567874,0.060429986417994505,0.08697783814224667,0.11748766025110147,0.1745088945572598
0.1306180543243588,0.09312155460520972,0.07547351136576405,0.0562646328308946,0.04021719139121458,0.027818326724913543,0.01800428484084286,0.011843790543193875,0.00789365111188803,0.005338653207914198,0.004773637458721538,0.005462923533982963,0.008054374066936966,0.01372938562407729,0.023129193087918776,0.038913181436332996,0.0604848531041899,0.08764206169441763,0.11690358113940978,0.1743131579078179
0.13175708705976713,0.0926177254792786,0.07524620562457426,0.05676441978659689,0.03988009127380647,0.027158431641586222,0.018166934290482033,0.011664421277999003,0.007783461676766774,0.005551329916365487,0.004785743521929411,0.005423732183959474,0.00826899590527277,0.013870039223874366,0.023294043174432715,0.03825446302068572,0.06045978268614766,0.0877872398953367,0.11671049731630484,0.17455535504483324
0.1316820070373536,0.09295999575903356,0.07481661133530804,0.05600726265497751,0.04008375908660187,0.02734595020840373,0.018189769993837347,0.011960850578825653,0.007999854216779652,0.005521539470806911,0.004757834191466381,0.005509943078278962,0.0082301254398346,0.014018381938784297,0.023326971883718003,0.03808420968928294,0.05996991564452748,0.0885285171858537,0.11655699792590232,0.17444950268042328
0.13128462007367947,0.09330523972330443,0.07526470276430522,0.05633961464048131,0.03997210516551376,0.027217341178341414,0.018057101587554004,0.011732726405343086,0.007927831226312585,0.005448106331663619,0.004714293286687342,0.00552761654872651,0.008403236065834459,0.013737046460470172,0.02326667726802895,0.0379661286475312,0.06052880920198244,0.0886340144708595,0.11634995096869948,0.174322837984681
0.13159925417374568,0.093046130612326,0.07508105727164036,0.05625656158199948,0.03983811728548387,0.027074287871712576,0.018183654747356323,0.011901095225321002,0.0075344348511493745,0.005611912024295654,0.004788919909785492,0.0055473311541429475,0.008395513119852161,0.013780564138739586,0.023326941483107967,0.03833950991399152,0.06068945874607134,0.08779686501273402,0.11651713711346694,0.17469125376307762
0.13170718783686,0.09251013788181606,0.07548147694325269,0.056389639076504794,0.03943714678858065,0.026988539929759258,0.018139729733757447,0.0121108154516387,0.00784040349514756,0.005543753094351431,0.004783722428190347,0.005669596951929303,0.008564005676220312,0.013937207226749107,0.022903582079172344,0.03849497369697792,0.06010865623597709,0.08809897950566543,0.11640391241929851,0.17488653354815104
0.13118563445504808,0.0924959173736042,0.07548801049392326,0.05645452467628831,0.03997164520734442,0.026589243066160083,0.018210335586921016,0.011674820877872335,0.007736287178400009,0.005674271006893262,0.004827933445736677,0.005824988654770462,0.008402094809681702,0.013764993093488005,0.023126049640762,0.03807856530049124,0.06060174434974443,0.08777067067697068,0.11766410833120783,0.17445816177469206
0.13079284691707416,0.09318371771637582,0.07430964143558173,0.056928411244341816,0.040085069056544444,0.026910950572230072,0.01797207947502131,0.011663066954643628,0.007719106609402281,0.00557582979568531,0.004822786590865834,0.005524523555356948,0.00839270789371333,0.013807998808371191,0.023254967188831785,0.038391963125708556,0.06074989862879936,0.08816067128422832,0.1171536621897835,0.17460010095744063
0.13020944584362018,0.09255920003576591,0.07517630442089858,0.05677010632079704,0.0400412632652622,0.027110892541648248,0.018215777734726216,0.011675252141401199,0.007699606078218061,0.005571865473807266,0.004735671695420143,0.005510599791034347,0.008449696734870274,0.013829486014038118,0.023433295746009043,0.03870997653689934,0.06065468177445288,0.08847095758262173,0.11760361765577627,0.17357230261273307
0.13000412369768166,0.0930730159466205,0.07464555245128157,0.0565907122404265,0.04056459880064984,0.02711869459298773,0.018308224044304083,0.011746742030415995,0.007583297865116993,0.005498263575494303,0.00482588555993687,0.005440299953463492,0.008260644191134215,0.0137026002480843,0.023077802085696725,0.038741228861909144,0.060787278475457375,0.08824050597273725,0.11745913978672703,0.17433138961987454
0.1301554455609449,0.0929908785405665,0.07417186749879982,0.0567583227109441,0.04001191914844305,0.027546476401741522,0.01794328471865844,0.01182809939245452,0.007724270366017184,0.005356995050242521,0.004757726753521944,0.005418246229741586,0.008245733110401115,0.013885807936166339,0.02264969291638387,0.0391527471981724,0.06194315228367572,0.08886552882944028,0.1171817835681295,0.17341202178555462
0.1309149361657043,0.09168399374900676,0.07500033109074537,0.05656023202839434,0.03990140117603433,0.02755171637442391,0.01793684112941675,0.011968930444456216,0.007542247179106846,0.005431543677491127,0.004704799491444615,0.005410022779043281,0.008123311437198707,0.013498569687980074,0.023376662075541656,0.039042220691847235,0.060761773586904724,0.08899222598929914,0.11690648672988294,0.17469175451607782
0.1297717634473771,0.09288100004802192,0.07447701654768822,0.05671056531725096,0.040083392532758395,0.027162186553533668,0.017937011811734228,0.011815046092755153,0.007701721005943127,0.005386733698631041,0.004620039046781622,0.005378454058762261,0.007921959426452789,0.013701148054864205,0.023539016146953674,0.03933160123267279,0.06161542397551875,0.08864348036317814,0.11778284491737746,0.1735395957217445
0.130367691859387,0.09216634877745107,0.07473376778192797,0.05658262470529018,0.03980900156295532,0.02777060319478661,0.01796239635487033,0.011543352141778594,0.007675700018543537,0.005354446475403325,0.004814697078068294,0.00542398474131765,0.007967098466184534,0.01345731012742059,0.023497311187051315,0.03927753053061006,0.06153970966118309,0.08831690905719357,0.11786901639778537,0.17387049988079153
0.1298877938308972,0.09298384251044943,0.07421047312800579,0.056724335303112376,0.040472415638289586,0.027291959689937896,0.018105731907935612,0.01144095384355415,0.0077780594114518885,0.005400739868228576,0.00454258549652845,0.005435529910324523,0.008119333157726456,0.013211932653105175,0.02375331540817831,0.038979757165506175,0.06101842049895546,0.088933287609278,0.11768808573591708,0.17402144723261784
0.13016364403903619,0.09184925213763648,0.0751471306420773,0.05694680120187731,0.0404135385022887,0.027336914684921075,0.017533171648277057,0.011358237246608338,0.007638377300080291,0.0053289849434240266,0.004641961410798685,0.005428313646936124,0.008096944814627808,0.013788479525870987,0.023446540464030597,0.03893354081995845,0.06141824833831356,0.08824693115693107,0.1177260348809297,0.17455695259537624
0.12959612630520562,0.09203994086265119,0.07505283664134255,0.05642688698746805,0.04019884437417935,0.027326217888717266,0.017534488518159596,0.011685249068123717,0.007521159462471928,0.005364696854938201,0.004514680152275368,0.005389502789840811,0.008263683780556778,0.013711067085170347,0.023831888525436006,0.03884113287050972,0.060886994082957634,0.08856545624729203,0.11817216641805607,0.17507698108464775
0.12977952315280064,0.09282974260317314,0.07492934707926535,0.05637829899885598,0.040184831682971614,0.02729429528367954,0.017501394846765533,0.01150313985387635,0.007493265828820428,0.005496606838639821,0.004441986791587542,0.005582698271052253,0.008236632235612384,0.013701782589332282,0.023436736869814852,0.03848618149729556,0.06152722889890715,0.0891211885915607,0.11808102197152694,0.1739940961144619
0.13035118288217182,0.09279382587961191,0.07444454924387213,0.05601253621785484,0.03993023667571803,0.02744035119942945,0.01807128236440746,0.011258767988959657,0.007510809509389752,0.005237213504564566,0.004628273672122303,0.005541683420785698,0.008134641892081964,0.013679634768478763,0.02371059472572059,0.03903502893291567,0.061203417343864024,0.08816224275187853,0.11845865414368663,0.17439507288248615
0.13083702553365315,0.09271598751680718,0.07432362032438442,0.05592959929083293,0.04025118539062902,0.027081648482683452,0.017596869609511567,0.011535541872776616,0.007781322510596986,0.005360099098160433,0.004599332178952226,0.005265830153823764,0.00817989822261694,0.013930303827153757,0.023183544942305758,0.039076958189242415,0.061618812773607326,0.08837961607732041,0.11793871857081664,0.17441408543412498
0.13010794331734535,0.09234764302241286,0.07475430565072178,0.056085176247836,0.0405739102226724,0.027253949811819153,0.01762643866495864,0.011532490574406747,0.007575230964273774,0.005309447440111484,0.004427297974531864,0.00546833364779562,0.008114782044534481,0.013910818495678625,0.02341088966345915,0.03980596021886575,0.060947756228835866,0.08801964892768363,0.11704286286465215,0.1756851140174047
0.12925817694148034,0.09208341266753316,0.07472039868539783,0.05654279493696036,0.040794059455118915,0.027820227323526254,0.01759646348833167,0.011389355695919602,0.007574691424455905,0.005402452047650189,0.004687202496750749,0.0052335736814656,0.0078859574327177,0.013876172421500535,0.02348071558068495,0.0393883954071707,0.0612299974337111,0.08820252158580097,0.11729430366648179,0.17553912762734172
0.12942282825908077,0.09211800720864509,0.0743662634085931,0.056589685048104556,0.04077669259946654,0.027356096139550364,0.018180553876923234,0.011223565679961986,0.007473547054041657,0.0054304905487941165,0.004678831186247614,0.005246714801563585,0.008084477240780999,0.013558014360998483,0.02374349541471231,0.0394141030501807,0.061261893684902424,0.08794745669266568,0.11715455540342085,0.17597272834136599
0.12997766934083205,0.09145149284591846,0.07500124059217599,0.05670167893474486,0.04068149863534859,0.02756926639649326,0.017644528988503844,0.011836903481928706,0.007445207178893391,0.0053626664461169475,0.004563725084773801,0.0052948474071623525,0.007893474485154246,0.013671325779505415,0.023907038292945163,0.03901248862790506,0.06123893805309737,0.08806715738979408,0.11760317591597054,0.175075676122736
0.12869554574579112,0.09237479180897533,0.07536060256726204,0.05625912773956234,0.04021911536801227,0.027501889638496035,0.017877551425457276,0.011660351332174468,0.007680946324343012,0.005340606305190262,0.004556633747537682,0.0052992575416009905,0.007948886312401489,0.013511121990430239,0.02346128846055245,0.03921185948697765,0.06077441272351076,0.08845492902071242,0.11834843114521192,0.17546265131580038
0.12925373677308824,0.09156602996694405,0.07490909211172536,0.056494353706511805,0.040675802378901095,0.027297997628705557,0.018122047250604813,0.011282665242346624,0.007552093237842155,0.0055694000492779476,0.004653293271576051,0.005304820474490395,0.007980381424529502,0.013577893053628628,0.02369640816691002,0.038676572966912674,0.06099716734492743,0.0886076995963508,0.11812816565327178,0.17565437970145498
0.12868144482339983,0.0925343954375391,0.07453033976969367,0.05651470593100072,0.04085936492078878,0.027575894909905304,0.017870079690895917,0.011285408527488225,0.007663095076630953,0.005583986397303277,0.004737125901029795,0.005220101027810766,0.007863232029851832,0.013730056600715192,0.023725326090911797,0.039135871488919685,0.060477748409655536,0.0885564667392232,0.11841326130608382,0.17504209492115264
0.12968240570643627,0.09207255515283914,0.07526438607814907,0.05673170812438971,0.040059248961488186,0.02711550237492346,0.017917018353938073,0.01128543766446552,0.007687470003144498,0.005511146417754831,0.004579382023401686,0.00518180163182894,0.008174039686874206,0.013700081094947289,0.023431474769541397,0.03831653509425219,0.06059282061466661,0.08882379226453506,0.11839034804627382,0.1754828459361502
0.12982985666391972,0.09205479270710261,0.07517945968486581,0.05675195345466097,0.040291967420910325,0.02713490006850744,0.01798568293966382,0.011520500931634876,0.007464662410601112,0.005561678200405749,0.004568816873347301,0.00548059452536264,0.00795116446085975,0.013804081983869319,0.023176692911301075,0.03811429157689547,0.06101463808549858,0.08824220521119813,0.11817697422201039,0.17569508566738484
0.129704232112415,0.09224085138780845,0.07532067727039506,0.05651864479716645,0.04028699581257551,0.027451629454310737,0.01803075191578808,0.01157417368708519,0.007414886045780304,0.005551233883381057,0.004544927920025158,0.005470133567255334,0.007923004352935336,0.013520581274102515,0.023087108359953,0.039055595094258426,0.06114467303331734,0.08819907644946129,0.11772786706168586,0.1752329565202999
0.12993739771070562,0.09220226678868296,0.07497215745394187,0.05635364418798228,0.04020579489021018,0.02740898011057586,0.01793175804372397,0.01158713268938309,0.007507972152489453,0.005462599972529791,0.004699722484696943,0.005429503335313616,0.007938228436299734,0.013387589753943052,0.023165991219462143,0.038825665118295646,0.06122381435434252,0.08916895998782041,0.11774128689654485,0.17484953441305598
0.12906371480983572,0.0927063396931146,0.0749415566784326,0.056926775319368746,0.03989377553791035,0.027272998192064957,0.018052860577082268,0.011705220495228513,0.007668823385275591,0.0053757922132966,0.004726789888808685,0.005473473685604731,0.008089350401652972,0.013336004397321875,0.023135608373454485,0.038645439434175935,0.060921781974953806,0.08936199098019217,0.11757372467732002,0.17512797928490537
0.12905419379389652,0.0923751458045516,0.07520784904161948,0.05698662320794832,0.04008404960250163,0.026890909241319972,0.01789363092628287,0.011369859614000546,0.007789478909009684,0.005552568228257542,0.004695527005898365,0.00531597190625491,0.00805089302702658,0.01364151520917266,0.023092131931403605,0.038834887203117105,0.061410808977424076,0.08873520238912651,0.11812443642921552,0.1748943175519726
