0.09811523321006797,0.0979959441727305,0.10085888106882974,0.09704163187403077,0.09871167839675532,0.0997256352141238,0.1016342598115233,0.09948705713944887,0.1030060837409042,0.1002027913634737,0.09745914350471191,0.09823452224740545,0.09883096743409281,0.10300608374090417,0.10056065847548609,0.10139568173684838,0.09996421328879876,0.10121674818084213,0.10318501729691042,0.09781701061672435
0.09912899901375205,0.08133221041433493,0.07717113063906653,0.0713145909287353,0.06688755665384914,0.06049356722554047,0.056792367105860955,0.05510798860828226,0.04987755011580101,0.04531199787236402,0.04138916900300308,0.04076860850389512,0.03967154619297215,0.03763810241464523,0.03499517957469443,0.03353242982679713,0.030717744705843247,0.029476623707627346,0.02550392836958811,0.025925022993982777
0.0996233837887111,0.07887350972725307,0.07562480937873746,0.07126579372123547,0.06511450983348699,0.06095082742478813,0.05565626831249209,0.05087574406546748,0.048281581445397494,0.04527276403400856,0.042325630806452165,0.03997477802261068,0.03831615885733476,0.03760679074326012,0.03468021891031462,0.033134687415398434,0.0329462079647989,0.031160793532756012,0.02814512232316344,0.03044114472137597
0.09834271508986485,0.07640083435723066,0.07262622510500899,0.06812583935765923,0.06245678200988658,0.05765065577049463,0.052735948795611054,0.048761322399062786,0.04583821470411748,0.0434522959110781,0.04156641997885533,0.03970626053661741,0.0386690287738949,0.03725462182472785,0.036620281738434714,0.03587164614109781,0.035677343772323344,0.0348944195216733,0.03347429779695404,0.03994628110980942
0.09661046242686416,0.07412961372081558,0.07006298195940487,0.06396811760699052,0.058821286783955096,0.054442032705885934,0.049717114928096856,0.04612068746409927,0.04280129928884779,0.04086202426762504,0.03924299649761341,0.038518627715112094,0.037944215978812854,0.037527386223268254,0.038157714146286915,0.03857200225698062,0.039232829918209866,0.040353695297448686,0.041273770733467885,0.05166655652872313
0.09549051382759599,0.07327712754029922,0.06738222328047953,0.06112668958358857,0.054910455248429774,0.050465003918377535,0.045850796505593226,0.0422722428608086,0.03950972890375587,0.03757712499739931,0.037218807287488706,0.037056986386238756,0.036536847775078186,0.038235967238202676,0.03876997621232752,0.041532490169380244,0.04316688127200476,0.04570053424014684,0.04929989342937788,0.06462433277774823
0.09442477231953617,0.0707297335485611,0.06537972434286302,0.05825494217537068,0.05237399968315272,0.04724878078021503,0.042705875804428146,0.03970867176762248,0.03659586128939718,0.03470762274620961,0.03387910991603547,0.03420880236008409,0.03548047321570022,0.038081618147642264,0.04056715663816467,0.04339309187286717,0.04592358842394168,0.051228639569087686,0.05708389174099019,0.07802364365813033
0.09424692069002312,0.06993864536537923,0.06340046031078027,0.05708981295595634,0.049053503577174536,0.04390873523270261,0.040028512688750593,0.036687937078778377,0.0339695663292531,0.03229827172028569,0.03213516947531417,0.03283187783037769,0.03479111837799852,0.03716516216591726,0.040632595077533966,0.04456517142851391,0.04938373528304279,0.05517285817555038,0.0626070987735114,0.09009284746315604
0.09448568011992575,0.07015311263769489,0.06274220760898981,0.05430057064544546,0.047941511241120255,0.04178783045323414,0.03692976243260415,0.03374351473831501,0.03111773953000927,0.03049584540172633,0.03036148555919606,0.03127129363575813,0.033551572106128906,0.03657850741570361,0.040797406471153895,0.04522744242200891,0.051020271061385146,0.05948302171446998,0.06958112359378031,0.09843010121134992
0.09525445327866583,0.0711194836135967,0.06262385609145726,0.0538068722239152,0.04592625425935672,0.039353224182988436,0.034200441403256045,0.03146152496514022,0.028805717926697505,0.028216564626792638,0.02842895531484611,0.02942811498647163,0.03212455328697676,0.03558190431337784,0.04112253095825138,0.04601859803677129,0.05332114395471461,0.06257399045165342,0.074203765779243,0.10642805034582745
0.09710673238353057,0.0711884758217304,0.062209927272858005,0.053359001736391964,0.044675244371106156,0.037828539381585605,0.03273979645028275,0.02957798125559474,0.026851162807418675,0.02656535915991702,0.026425153596991685,0.027656446040630858,0.030931504189989325,0.03456426627552909,0.04020664142966533,0.04630198840248343,0.05459388919446513,0.06556587324698109,0.07844860747115902,0.11320340951168918
0.09921424755873749,0.07275570450630878,0.06219908431721339,0.053047545338991295,0.04390658413650973,0.036234170799344885,0.0313401865567048,0.027712009477687052,0.02544836546920368,0.024498128615175245,0.02478020263492394,0.026033669060182257,0.02881738704257732,0.03354036391074473,0.0393810590821664,0.04696885021340663,0.055041456066089935,0.06798160172206189,0.08216463602755157,0.118934747464419
0.10222767801254676,0.0740148280035053,0.06293555521553465,0.05236051800642641,0.04291566399132018,0.03521824706847866,0.030064611703829403,0.02587250142576957,0.02326960259281412,0.02278623193445633,0.02288012407672727,0.024907498852429377,0.02777990290856992,0.03272315032479727,0.03870268879275569,0.046852178993198046,0.05656653823148932,0.06928718476582606,0.08548705679431363,0.12314823830521204
0.10442976859675138,0.07494395971997106,0.06471531537745287,0.05234334586336516,0.04227851157016243,0.03403110666620685,0.02873228264992931,0.024661171845363317,0.022038486740007586,0.02108666413766941,0.021495327102803743,0.023071352208849205,0.026730351415663694,0.031277373521398776,0.037955650584543234,0.0460564886022692,0.056985205366072364,0.07121943649343034,0.08762113322067804,0.12832706831741217
0.10671910366294218,0.07707861782743733,0.06515530779055792,0.05308989052607068,0.04194046563230867,0.03330959172422296,0.027502028880297773,0.023086432012820478,0.02085723188817702,0.019823102183657324,0.019925830300000343,0.022088257149020823,0.0255159519643328,0.02982368430964994,0.03666195258755003,0.04524831097855381,0.05751233593463752,0.07182749894703681,0.0902124075018919,0.13262199819883366
0.10852077841750396,0.07913331958840177,0.06591603437141648,0.05272601182859277,0.04187205967799375,0.032452805755150506,0.026485687948023723,0.022018017219786568,0.019656388070535356,0.018613590783853,0.018939038956657456,0.020668514848785874,0.023784979288887214,0.02866499796381902,0.03582315384838204,0.04502260246079711,0.057473124966986595,0.07402667993450142,0.09246306333630382,0.13573915073362147
0.11045189729622341,0.0798941107150923,0.0674373468587254,0.05387856013665763,0.04122312651867752,0.03224563053876862,0.025266718400046184,0.02086711709799513,0.018238563328958072,0.01754406817938691,0.017416715768096357,0.019337190130357923,0.02227818181509449,0.027696602407469982,0.03478588663597757,0.04449863053707059,0.05767196396096563,0.07516169511153525,0.09458888094587183,0.13951711361702923
0.11263498242621636,0.08161933133152144,0.06795535428171293,0.05375729697744488,0.041651477876361274,0.03168367528598726,0.02456938719801153,0.019827093636984806,0.017528005303501702,0.016222475792600534,0.016564965352603173,0.01764499431162141,0.02110719075481647,0.02663958399386909,0.03383186475392464,0.04387935550924974,0.05798246521272502,0.07580379078296165,0.0969584553381745,0.14213825387971157
0.11491805939763683,0.08260512272490549,0.06846926973777655,0.0542201270197699,0.04124760738851953,0.031134385293302046,0.023821279531420134,0.0190039296318591,0.015987379185801922,0.015114879168893007,0.015392185375817545,0.016770261952912053,0.019964356007061174,0.02556289778222671,0.032886148893142425,0.04323778669065476,0.0584659555904255,0.07663120303548844,0.09914542343305081,0.14542174215933606
0.11656248261022793,0.08388404457852253,0.06923532218926476,0.0541009508938132,0.040902430099439994,0.030607685056684337,0.023090244696224924,0.018184853487481896,0.015501980536945573,0.01409224968424389,0.014105739931638175,0.0157464912709668,0.019178072951885342,0.02401264036180844,0.0317172579048634,0.04293439861320257,0.058402653531662456,0.07829739587636865,0.10111783562470805,0.14832527010004704
0.11837729096956157,0.0848235797589322,0.06970377034872947,0.053923501245101285,0.04058288937637103,0.030645666744169596,0.023025107577427102,0.017539248491220273,0.014641313101700686,0.013190660560784195,0.013421484484251745,0.01487213702516823,0.01778860572241148,0.023148101346866016,0.03099442989860595,0.04227110522538189,0.05883651263803101,0.07955843551925273,0.10194498640329154,0.150711173562742
0.11960667581530514,0.08571803358088471,0.0703368851576795,0.053911379291787756,0.040314551716715094,0.030109783661607995,0.022430981595092027,0.017226011731783446,0.014205615649553334,0.012419613066408345,0.01241793133139597,0.014235886879776128,0.01662899580238941,0.02226617156387902,0.030286365837907652,0.04231077117640727,0.058620237326444925,0.07974955602195669,0.10344688408136905,0.15375766871165647
0.12142337831552683,0.08635103573221577,0.07079952113021332,0.05382751620719007,0.04023547229624109,0.029563325156279126,0.02180267945443769,0.0165119406819361,0.013464434851377423,0.01194487960253136,0.012148046657901942,0.013194105133074417,0.016297020160552348,0.021371159345096882,0.029338330235455495,0.04127817263826694,0.05847013528239382,0.08008643834719405,0.10509445589008161,0.1567979528820338
0.1220448453374646,0.08757244692261079,0.0716907722804185,0.054097059154286545,0.03991063830501476,0.02908619106685174,0.021645537538122227,0.01601259523214067,0.013251513559512644,0.01148912100251602,0.011640183221687165,0.012514665623777864,0.015215322408737438,0.020311154602110505,0.028671609198682075,0.04118627482245992,0.05818413141741681,0.08122951218652491,0.10597518215585926,0.1582712439638054
0.12342974832366725,0.08803136981292826,0.0715397439294783,0.05406026412094416,0.04040808933285479,0.02904022192331302,0.02110552426699226,0.015351149365526078,0.012499958070716253,0.010941865886670179,0.010990503855816932,0.011832443873460774,0.014817808876261654,0.019894606552373028,0.028050690826879013,0.04060264120944181,0.058189459984368745,0.08136461369712295,0.10765092026391969,0.16019837582726473
0.12361868746025904,0.0883554767243399,0.07191024396773871,0.05439074997490043,0.040142565509855746,0.02909541180014055,0.02061677989357786,0.01517352163582209,0.012076235735082489,0.010834644088216595,0.010603728121548807,0.011276396372276702,0.014300056892339614,0.018655667481007998,0.027435494126702587,0.04016933837555638,0.05842341287105517,0.08247046618252402,0.10882333255245803,0.16162779023459725
0.1248027497067392,0.08786276901760567,0.07211286649229992,0.05564173489895263,0.04020140865575283,0.02865170325523644,0.02057259898492447,0.01476595196380133,0.011603253730394197,0.01037331552851365,0.009986763522208333,0.010843536800253016,0.013564461312168364,0.01838883115709574,0.02655997161938517,0.0398081631082128,0.058366006181485325,0.0829346492835401,0.10880351277043998,0.16415575201099078
0.12506986161543485,0.08877528823145531,0.07260588008902129,0.05533207275647997,0.040211843844647856,0.02858218570639716,0.020448118338046547,0.01442579608774954,0.01106239855424106,0.009727079533475005,0.009347233145362357,0.010803032077776475,0.01279597061628821,0.017889593547631404,0.025971787620689073,0.0390873646692659,0.05869714362209467,0.08400294506450694,0.11110255852479037,0.16406184635464596
0.12517021123736674,0.08984312998207253,0.07225310390111625,0.05495045286631548,0.04018238290719959,0.02856541374488114,0.02029168567184777,0.014281871479864533,0.010883494480561253,0.009348042925812124,0.00914086556695588,0.009981270498445332,0.012190048469477265,0.017112181527465204,0.02554797576024902,0.03904959057409848,0.05839895342018073,0.0845383871242613,0.11209464663729427,0.16617629122453514
0.12592805351733538,0.0897527528497046,0.07270295273815447,0.055175557834057525,0.039960990858902486,0.028552153017363746,0.02013746714448412,0.014057318054753064,0.0104786969343758,0.008890610753564428,0.008863892163771595,0.00955189585093699,0.011589188322640331,0.016543816817348383,0.02518060096788091,0.03879873220291434,0.05847029393788597,0.0845108995147236,0.11254871967857537,0.16830540684062692
0.12692369984855842,0.089620995440057,0.07313774500718806,0.055413909579219614,0.04011113504343716,0.028177809390710816,0.01973248111989928,0.014083895603854335,0.01009164967749799,0.00870079193736632,0.008350155532291105,0.008927870752081696,0.011734631689850415,0.01613929281646188,0.025135621152391593,0.038167607541020276,0.05887018271496098,0.08521967370777964,0.11227377690508272,0.16918707454029064
0.12682560978658514,0.08996758360346999,0.07362938642177982,0.055827868101099166,0.0398763343638803,0.027938100515829033,0.019666502779143506,0.013709885750952073,0.010094915875701034,0.008091599236673025,0.008024933125557285,0.008539928833926387,0.011118240681327657,0.01648652927892268,0.025081457654519537,0.03807468271097741,0.05827284772626894,0.08491262572811896,0.1131807234939709,0.17068024433129733
0.1280526952099054,0.09043398507524912,0.07334973110434817,0.055314962271230235,0.039661483303456035,0.0281569183307625,0.01961228999041147,0.013498978613415605,0.009723600283486887,0.00799433026222537,0.007424021344895152,0.008337849668570475,0.010839204569141619,0.016117063409346728,0.024773418935256586,0.038515862758994455,0.058328261141451634,0.0846141660065869,0.11452036519781547,0.17073081252345026
0.12834205863805165,0.09096005044994541,0.07373299566570904,0.05546491026115857,0.03974601522173619,0.02790929687056854,0.019404210168066385,0.013249783952779922,0.009674577832053735,0.007797719742545122,0.007118714193718448,0.007982903074043302,0.010558786532000016,0.015810652546020564,0.024667754410199434,0.038297914935786416,0.058764843862090146,0.08447696552920726,0.11437990277040938,0.17165994334391046
0.1285708573389803,0.09163853743548049,0.0735230904056274,0.055039436460148694,0.03999460185336367,0.027847105826999397,0.019001809378779957,0.01328710476069883,0.009568381522343997,0.0076723658210681,0.007027587195063028,0.008048903209897935,0.01063801428176326,0.015383051818875526,0.02418169761715144,0.03835349863213629,0.05842160858105383,0.08494250307394462,0.11397920047450376,0.17288064431211939
0.12889537284996735,0.09108077860825775,0.07384387865222429,0.055276323327604335,0.04038763872790013,0.027712272006608307,0.019025540589152245,0.01301344311656474,0.009537751309005154,0.007439346096966308,0.006823147741050137,0.007644190415284384,0.010123972447606483,0.01490200780739971,0.02397178144610097,0.03801777315906578,0.058722037917849114,0.08479055917502695,0.11462455200714125,0.17416763259922466
0.1285100930255779,0.09210197866569039,0.0740110831904944,0.055036527932635505,0.03990447820805112,0.02779118337188596,0.01884974455409296,0.013065184470220172,0.00936912349603102,0.007340533524155031,0.006699838578156463,0.007525253365728646,0.010134629145795538,0.014930688455841971,0.023863806560050587,0.037929140803115276,0.05882245261353616,0.08489956898703631,0.11477925146860594,0.17443543958329868
0.12901577090648175,0.09202331423776726,0.07390500163985463,0.05580999662040112,0.03965118544008869,0.027333130224435336,0.019167153628573755,0.012859124001311884,0.009301388632228054,0.007163750722118726,0.006522792314492485,0.007353541003857403,0.01012547801346179,0.014931833657142197,0.023687159022613345,0.03783485914730889,0.05846872539177543,0.08595002522212954,0.11520103618834522,0.17369473398561258
0.1294090441761189,0.09212702173037829,0.07447919959274256,0.055440580009116745,0.039295018749147384,0.02701906856498317,0.018784083687409962,0.013051203305972117,0.00915331046392078,0.007136986893896792,0.006451569970753326,0.00729835932483106,0.009747227555091218,0.014753100180670572,0.023457229651269187,0.03759644914106612,0.05876784662631801,0.08596326032201283,0.11525485198654455,0.1748145880677564
0.13014204450949732,0.09142909417517714,0.07477628821396495,0.055655167825421625,0.039404876750607096,0.02710655001496956,0.01877349389574532,0.012888792787997736,0.009021655966202054,0.006995775256977477,0.006367053657562958,0.00698912211835934,0.009372609028309106,0.014211104088353682,0.02316290209906523,0.03780479691294368,0.059104820198928855,0.08663051794684139,0.11523236086623866,0.17493097368683677
0.12903702940448153,0.0919477955363954,0.07510083744521871,0.056462321612867294,0.03982642830195892,0.027076121260871087,0.01841083177804627,0.01265890103388504,0.008982717616929054,0.007079810739707268,0.006169074522486708,0.006592866010426934,0.0093267365894923,0.014043286561156434,0.02309081934682929,0.03793016913435187,0.058496520754980394,0.08601139085042486,0.1164329719749182,0.1753233695245725
0.12962962962962965,0.09184759472115797,0.07492882609621117,0.05690420125585357,0.0400436355896126,0.027069364623243927,0.018252447850148994,0.012849550340570452,0.008755387931034484,0.006784802043422733,0.006014860046828436,0.006758194976585782,0.009206045125585356,0.013865607705406555,0.023000146338867614,0.03727483769689229,0.0588398653682418,0.08761873403575986,0.11556114303959135,0.17479512558535548
0.12980557645327742,0.09176784762322324,0.07496774000687548,0.056226220191683315,0.0400356063965297,0.027359131363356305,0.01859537415779413,0.012746226369658834,0.008695666615183537,0.00658817980565949,0.006026847621562463,0.006455320117115816,0.009047744789824279,0.013948606550979088,0.02300963730965774,0.03770391886258821,0.06013561652708097,0.08680885974833051,0.11616088643984199,0.1739149930497776
0.13062078586375261,0.09236058059587474,0.07501079483176668,0.05604344504600258,0.03972498090145148,0.027095027734413933,0.018758096123825025,0.012538612282857804,0.008549506759225427,0.006287574318264857,0.005835852127412229,0.0063124854684957,0.008976317799847214,0.014136247384329224,0.022895007805493733,0.03756767529146044,0.058931477729431685,0.0871790613478593,0.11708406682831239,0.17409240375992294
0.13057897928834317,0.09276795134879161,0.07423463241586148,0.05682454493341198,0.040315036513330064,0.027755115604775393,0.018628029277127454,0.012172771606835756,0.00842589746359052,0.006207681507389899,0.005689266991783462,0.006299068681615392,0.008942650394211039,0.014015469356218896,0.022941503900570762,0.03751858898202996,0.05892478835561242,0.08669984298021882,0.11667815929615262,0.17438002110212933
0.13045751590591073,0.09268336406899175,0.07497730098315376,0.056623880195668025,0.040212532513125586,0.027570798524024442,0.018285365234235598,0.012397729932326223,0.008201524112414496,0.006420460487111773,0.0056403114620490686,0.00653333311201446,0.008794105393153614,0.013596171626145957,0.023286618452350326,0.03718323044772254,0.058652267660831064,0.0866297396128137,0.11693935918227101,0.17491439109368598
0.13123651094066474,0.0917737490453896,0.07591725603479757,0.05660756383437926,0.0400803532888402,0.02703456519573662,0.018665537736162304,0.012328585184447325,0.008098416176910048,0.006351894278978648,0.005706079622804396,0.006328651592124048,0.008415512833283527,0.013728126971477907,0.02276621177408109,0.03717003685626058,0.05827771690407412,0.08673506657369594,0.1168293654746489,0.17594879968124316
0.13079461952497484,0.09360213572052345,0.07541431052287298,0.056115791116438614,0.03987375607229309,0.02768600392478491,0.018406975624495704,0.01182416166660579,0.008037175881499388,0.0060681425009048275,0.00554018919986851,0.00626072923964763,0.00859667356215737,0.01388450772505255,0.022599057653164573,0.0372837964823036,0.05831725676792964,0.08690974654921085,0.11727702274183747,0.1755079475234342
0.13035044292391126,0.09298169115196693,0.0756510392919849,0.05695091278966624,0.039480992321989025,0.02733809609865523,0.018191132900384814,0.011894202281020835,0.008094158842478917,0.0061427403751299434,0.0052109670712640775,0.006031657080896822,0.008581598969412301,0.013545530057978847,0.02276544347932773,0.036999026777705744,0.058932174530092814,0.08748721298646607,0.11829044468134842,0.175080535388319
0.13027703226427526,0.09373386910719293,0.07564901168976235,0.056413933439890596,0.04027764637929401,0.02704761715073868,0.01818278386636857,0.011985201487818115,0.008046566516125502,0.005835752448576166,0.005342800663244221,0.005970193844575785,0.008659021764568219,0.01406157415936783,0.022471630375788598,0.037046073564340164,0.05854673830235374,0.08715122001417443,0.11778394105823635,0.1755173919033084
0.13085085908828464,0.09332837811830134,0.07501343880862475,0.056822932912140064,0.03979878287530775,0.02742346515532608,0.018246915710465023,0.011965517012536252,0.007967056668635479,0.005928007804463676,0.005128315735683521,0.0060043269645547286,0.008546086818021941,0.013966406296662535,0.02245110596417645,0.03752579919433512,0.05921537266977695,0.08673506633130482,0.11766423551429162,0.17541793035710743
0.12949599701331566,0.09303521798647697,0.07613058447753765,0.057039034305388474,0.040267142323806356,0.027611896959389388,0.01776081636039324,0.011729373211100508,0.008115485128800762,0.006046376571120422,0.005152030530551293,0.006001576305637369,0.008472227983573234,0.013594391670469157,0.022307213672377323,0.03734682872194798,0.059254158543161746,0.08625212593852406,0.11771684572945616,0.17667067656697222
0.13017019116227063,0.09327663612804322,0.07618617831414858,0.056694993147889436,0.03984178758789118,0.0272906456247698,0.01814896786974022,0.011746475227878302,0.007968689338912356,0.005991034187552056,0.0051299578255084325,0.006102194334482543,0.00830382888637442,0.013548265072154548,0.022550577866853376,0.03724362654172487,0.05922844903390222,0.0867513695925566,0.11729718250505196,0.1765289497522954
0.13040081217465735,0.09349464024444866,0.07515269746162243,0.056892038498671256,0.040061311224134324,0.02743577748803136,0.018292177178821083,0.01182928407202078,0.007629067093987317,0.005668302296184969,0.00521045873933772,0.00619415884517257,0.008412045930334787,0.013488137538858642,0.02251561810539027,0.03778702312109962,0.05917296201557333,0.08695709873164062,0.11737549475304646,0.1760308944869664
0.13064252295790268,0.09309448165107966,0.07511431303624373,0.0566651253673016,0.04051960019025933,0.027335690029781885,0.01780780825572974,0.01163598155081233,0.0077810758269568295,0.0057558416074592255,0.005361401554889317,0.005843679098157566,0.00837107859466644,0.013417591031957924,0.022539431575423406,0.03797894220458844,0.05923064302015124,0.0877629116968049,0.11707577392287209,0.17606610682696183
0.13191109106915197,0.09315808408449233,0.07475392876741399,0.05661669255726743,0.040216917366155,0.02700359263170634,0.017991342536792566,0.011673151750972761,0.007568234305239403,0.005673274434288993,0.005192488465281452,0.005684879612851241,0.008402149279069732,0.0132945609843844,0.022708018681021708,0.0380285122658448,0.05965559145792541,0.08803522669058438,0.11787214077413166,0.17456012228542442
0.13109735389957308,0.09333662446180933,0.075079144461213,0.05660630538248601,0.039755285822911886,0.027549395917785838,0.01812660794542469,0.011684058292732624,0.007656843531690087,0.005485030059157482,0.005115606409748809,0.0058594235334460945,0.00824990930069594,0.013290968337245686,0.02270050344326034,0.03798271494906759,0.060416504457104614,0.08761966924158819,0.11747672051195822,0.1749113300411004
0.1314859673469523,0.09398818494882523,0.07483473684734111,0.05619030091406647,0.039621706135834954,0.027261166350813836,0.01804754870019514,0.011674119466979703,0.007673316985255227,0.0057185112969198966,0.004940899873824671,0.005827940622984471,0.007985024762530069,0.013421672643829097,0.022701611098123287,0.038582127538221496,0.0596953553883166,0.08820666888841362,0.1175867849166596,0.17455635527391317
0.13214210581241065,0.09273287161809604,0.07537299711276133,0.056157868843497744,0.04008342016031382,0.027118178008285698,0.017810436133717415,0.011668220993852814,0.007873233160673258,0.0057396913321550265,0.004899857708662212,0.005564104815211755,0.008121704646913731,0.013286598607565793,0.022675507834305955,0.038587621813146115,0.06044648669600838,0.08790258592558114,0.11686276588519624,0.17495374289164486
0.13194586071220715,0.09340071728089855,0.07548361744355517,0.05613560356219668,0.03987491523119293,0.02706632775724535,0.017580511713432518,0.011452286560848665,0.007988579216761094,0.005758475637154686,0.004873066483615787,0.0055910106099872165,0.008023398677855323,0.013309324485874081,0.02320302564536213,0.038160471289696254,0.06006854459626835,0.08842319241400008,0.11797662453511876,0.1736844461467292
0.1325367747670945,0.09418553158176697,0.07475863578841216,0.05626385947220809,0.0398738155697124,0.027227176756058364,0.017730172972847465,0.011548661778291572,0.007874916863898948,0.005562862502425667,0.0048629436067716345,0.00534061337442178,0.007982724276736651,0.013397973552353764,0.02285185437042958,0.03845573344700105,0.06052971586941704,0.0885729118118777,0.11733924670814215,0.17310387493013255
0.13163777999317713,0.09419661043894714,0.07509265484703255,0.056555061322770085,0.039721522089776654,0.02692041453728882,0.018027536457488065,0.011706472094247949,0.007783338356622628,0.005688461118084835,0.004771020809665913,0.0054682092028867915,0.007977093800819405,0.013390654032266079,0.023050273741666037,0.03828077647908269,0.0599250812282439,0.08863400755811833,0.11717733094423485,0.17399570094758013
0.13153594365441643,0.09273875099960759,0.0753906954951017,0.05675784412578416,0.03997105897974626,0.02750059190015679,0.01790435886865115,0.011778399203956378,0.007726987501386621,0.005579590289194966,0.004952093339757312,0.005515019362999534,0.008036596814169843,0.013591352131751182,0.0231114245836417,0.03786505338691065,0.06000791407762085,0.08829329108076832,0.11686509808985954,0.17487793611451904
0.13180721654775962,0.09243625128937884,0.07447849489960644,0.05663994913679917,0.04007795050440998,0.027656865455906145,0.01794616646770634,0.011829999023135135,0.007809951769367171,0.005644292046167625,0.004776703594365974,0.005538327044420861,0.008081487086343264,0.013376425767377019,0.02301592952002822,0.03849178688451307,0.060265939040321355,0.08773405433686608,0.11720225904138104,0.17518995054414685
0.1315957223111706,0.09204249872924362,0.07463934526657735,0.056456353036818,0.04045889620528138,0.027307602517339404,0.017962782981302085,0.01189792225123392,0.007857993181791837,0.005530066840957595,0.00477009657748468,0.00545555995238182,0.008310001639151549,0.013586745058951511,0.02340675297323878,0.03825183659480339,0.06042011950904927,0.0874445958498007,0.11748080619764859,0.17512430232577395
0.13176694845019063,0.09296204210177357,0.07448367313111222,0.05660202221117188,0.0401392342118349,0.027455660533731156,0.01794463782529421,0.011745400298359028,0.007780540361345933,0.005556108072269189,0.004758826454500249,0.005494778717056192,0.008148516492623901,0.013364826786010274,0.02324382562572518,0.03824133930051384,0.060533731145367135,0.08761478534725678,0.11737775567710924,0.17478534725675454
0.13156870570972906,0.09342380044681522,0.07514544680696025,0.05593139779639598,0.040327642428568365,0.026678082702221988,0.018086246271709374,0.011723517750886429,0.008030419208087057,0.005716850300333374,0.004625481717506113,0.005385630700082308,0.008013858228074504,0.013623062158326284,0.023196964703583296,0.03871129077934314,0.06024718918766735,0.08784606237858734,0.11746371903303753,0.17425463169208502
0.1302476849361547,0.0933556219432468,0.07562790158806346,0.056576105396436586,0.040323074504092206,0.02685391305787039,0.01830203824924072,0.011585663568880907,0.007401583925719344,0.005496569816036214,0.004650816375507906,0.0053989192230985035,0.00815630715249216,0.013525434669270685,0.02311836410430407,0.03860177591671563,0.06075190956562037,0.08795670272014829,0.11647895133193752,0.17559066195516354
0.1309493242067981,0.09339182090610454,0.07488474491477834,0.057043605599831675,0.040244441830762624,0.027265302876945844,0.01810453217948484,0.0113109841450748,0.00738659611934513,0.005556098538749397,0.004751010915066568,0.0054086647969638565,0.008060815590207085,0.013734529810605623,0.023074208868885015,0.03827976297955309,0.060924923094253236,0.08726586610697064,0.11718166321826322,0.17518110330135625
0.1306365158296862,0.09308872208340162,0.07580431762370071,0.05641856144342496,0.04035456377494838,0.02732750783660128,0.01796498409496984,0.011169123211408567,0.007620504821186393,0.005439669347587419,0.00467298231320904,0.005358529683041975,0.008082504135639027,0.013460904756937028,0.023295363282149106,0.03834097536500431,0.06084150111691231,0.08782789118011844,0.1173908795705228,0.17490399852955066
0.13070198403361624,0.09333772977773658,0.07557189677855507,0.05626344201829936,0.04040973094423031,0.027132579309979133,0.017933185091414006,0.011495928870389947,0.007399944989213247,0.005560728926063516,0.004813443840945922,0.005388405979606242,0.008177055199679217,0.013764295348274615,0.02325862691750702,0.03867987367402465,0.06079189021702751,0.08769581023266913,0.11743311715640628,0.17419033069436202
0.13154173028579758,0.09318974454089898,0.07511087117084594,0.05656334146995798,0.04049488783712619,0.027076081304421275,0.017633401451344205,0.011280872528790075,0.00754983820592395,0.005454960967386156,0.004666690955098418,0.005605659646205871,0.008212249980955658,0.013625810212402336,0.023512305954750658,0.03924955370006656,0.06066698241627944,0.08825808887578786,0.11709121741348075,0.17321571108248018
0.13096641716897395,0.09297211366496655,0.07596707955222888,0.056360535205670005,0.03998807710141086,0.02742763462939655,0.01750678942836325,0.011417831357223289,0.007486586739087233,0.005313969662846923,0.004745976021726171,0.005691528118169173,0.008243359607869111,0.01357885672650196,0.023860700801483732,0.03874445254023979,0.06162151420812083,0.08815824335960783,0.11649831092269985,0.17345002318341385
0.13092672948793055,0.09309992155616674,0.07519685430299179,0.05627269327137262,0.040297623184952044,0.027231925647161623,0.01780377126175417,0.011387595282778431,0.007412445759564687,0.005332194739298376,0.004916806508521251,0.005621808047609119,0.008239912354738239,0.013956051594197143,0.023764840613384446,0.039504910186775766,0.06083699901034997,0.0887656515306477,0.1174042703896044,0.17202699527020096
0.13153187736509347,0.09250400835259603,0.07529084341695308,0.056459445730463305,0.04010503621168073,0.02686630386042825,0.017784013912168675,0.011554314211823026,0.007596427974578192,0.005463603827501019,0.004987069029705657,0.005619139490670343,0.008349286769706286,0.014016410667099079,0.0241212648689612,0.03941008963156248,0.060514955415867634,0.088332674237172,0.1168105923095888,0.1726826427163807
0.13084132266984588,0.09319126388819893,0.07524381964797247,0.056269766363651406,0.04048482440017882,0.026811054261255438,0.017690791979202883,0.011350653221399833,0.0076548606626595786,0.005628135711092342,0.004813471759972186,0.005495670027983377,0.008308909973010111,0.013946980610335637,0.023658371003261965,0.0397082443329525,0.06033977447717452,0.08835792227576046,0.11661285248290368,0.17359131025118807
0.13102972374556926,0.09236006076472204,0.07498452750133212,0.05660121330866561,0.04035591711374189,0.02740866261347878,0.017322579257253876,0.011217975237382879,0.007610483569364783,0.005689246034241384,0.004727799860333811,0.005492323323922964,0.008350184842577666,0.014180089955617923,0.023758145815475147,0.039134665347229355,0.0607465191015029,0.08857219451330305,0.11730139765479942,0.17315629043948513
0.131407682845464,0.09263419649316824,0.07437820870466423,0.05649969123590073,0.04026681191547976,0.027239119169697745,0.01729741184495241,0.011421788315306918,0.007642118403168102,0.005574309502484187,0.004825991149314344,0.005847478812822734,0.00839705904264918,0.014201492994448872,0.02345944925755892,0.03893076565218759,0.060473063022643256,0.08868234713693728,0.11718797856365921,0.17363303593749227
0.13041375907054076,0.09283994449209945,0.07561129897098422,0.05635575397679663,0.03969841590519938,0.027333335541284837,0.017843008024799715,0.011172786556224936,0.0075528500789894615,0.005451432242936488,0.004972858756238842,0.005862111221140695,0.008269882327225033,0.014027667840192886,0.023680279791613537,0.03897310383885488,0.060987484226946505,0.0880310261344179,0.11708490787874375,0.1738380931247702
0.1307934384761955,0.09244007701132492,0.07533104771490579,0.056646034297519986,0.04004026043468688,0.027111231038941048,0.0177364431428964,0.01145402745059737,0.0074230176453936375,0.005299081062200051,0.004800791965129696,0.005747706794113896,0.008396419602461312,0.014180546197689997,0.023745710326834615,0.03872418125803926,0.06110745993408015,0.08828325334772466,0.11736115364686368,0.17337811865240105
0.1310237498033957,0.09252406850936663,0.07549275254343919,0.05655085636708305,0.03976126025446811,0.027208384036555986,0.01736575028352414,0.01135089941308433,0.0075280833767932395,0.005226777924023807,0.00472843767849604,0.005844322480774166,0.00830787824604101,0.014071075570566468,0.023748147780233615,0.0385443829107375,0.060600491717783776,0.08879231132192615,0.11666128591650732,0.1746690838651998
0.12992651473426717,0.09311441571522844,0.07492916933367075,0.056487559769835494,0.0404590720314384,0.026804011174126837,0.017647710676782263,0.011524765510386014,0.007370028001475329,0.005413398036092629,0.004859322771170223,0.00580207769954566,0.008679961165112778,0.013967658544088676,0.023383630135740168,0.039003590738507905,0.06147258319812242,0.08877112722064272,0.11675110112121677,0.17363230242254937
0.12942426433960608,0.09309842069464279,0.07547831785692419,0.05710687410736897,0.04034899288874032,0.026867884809839596,0.017757462519838542,0.01098877456959254,0.0074405919374831405,0.005370267090109607,0.004920124517379308,0.0057972405598317265,0.008317707979935559,0.013896496997118762,0.023544773464095343,0.03892574798966658,0.06160333502688444,0.0881369227790346,0.11695101224156108,0.17402478763034687
0.1291918354651326,0.0930496890402188,0.07550225919436684,0.05657168288885692,0.040255187212844074,0.027211255767935812,0.01752095814327478,0.011271981853647882,0.00754774419732007,0.005570638911086515,0.004819504350458871,0.005884990379190597,0.00844116415930009,0.013766939821547636,0.023414220929520762,0.03875457257299985,0.06144578512588121,0.08835923423982373,0.11769815310240082,0.1737222026441922
0.12975750789368787,0.09289493662720787,0.07463649339973569,0.05688913441515588,0.040756073880618006,0.027300830139745973,0.017744050995952675,0.01119919549716588,0.007411548519096193,0.005158808264017187,0.004748617674252434,0.0057559002112150745,0.008420485050372397,0.01393821008043375,0.023600844860295372,0.03894660410157511,0.06081406292125166,0.08826209855490516,0.11783055489855224,0.17393404201476348
0.129809562110357,0.09245017286206285,0.07543372738270787,0.05670603850463146,0.04027710889234226,0.02747091796458023,0.017501352941468522,0.01128526957048453,0.007478828741607211,0.005138695118984376,0.004734881396268694,0.00585364400510394,0.008506567765404087,0.013905093845316173,0.02352545929673524,0.03876777235497874,0.06110330514912146,0.08806614601176022,0.11787554262468991,0.1741099134613953
0.12994449419862564,0.0924793198263147,0.0748806865304487,0.05694103936392638,0.0409911915786128,0.026945062003274404,0.01728741675371349,0.01144217414552022,0.007419534797485769,0.005436357044833392,0.004739430639268574,0.005740951958429418,0.00846078588798522,0.01360579127633546,0.023554788182379518,0.039531122481918805,0.06100009766902122,0.08803786247208568,0.11725248766307833,0.1743094055267423
0.13020631690408827,0.09262255753544776,0.07511457454376995,0.05664532353865753,0.04028722224979732,0.026759980807729844,0.017405403616750217,0.011209278469912811,0.007124303039327609,0.005502887113052398,0.0048261941397395825,0.005554176800516205,0.008285766284475771,0.014038483810658326,0.023333498783938058,0.039163812643735224,0.061119107890339336,0.0886484340100263,0.11681474495789282,0.17533793286014457
0.13076817383444608,0.09253413103469968,0.07557083710635708,0.05590917593851036,0.0398828610638851,0.02650525022803686,0.01752448809655851,0.011314932565650615,0.00726241538632176,0.005262643837045105,0.004818985910549954,0.005717889843709908,0.008335140522026458,0.013824579642391843,0.02350228202407341,0.039123014092760935,0.060989721372889494,0.0882101216913962,0.11884900565994941,0.17409435014874128
0.1303480216229096,0.09306389083309757,0.07414632693481854,0.05626788051472718,0.040154941020155224,0.026780440102654225,0.01744989319262227,0.011595756826654357,0.007406194000585745,0.005347814792201324,0.0047604155808054485,0.0054189645558351904,0.008556172738388936,0.013779889105647468,0.024010563257931127,0.03901489015634748,0.06057988712007266,0.08855829068484132,0.11768667298741309,0.17507309397229126
0.130521623151185,0.09272123725397395,0.07512584683918411,0.0559137258276436,0.040158462765552565,0.026552772932918092,0.017661582046181908,0.011125158446217647,0.007497857045933683,0.005402891912375519,0.004808822020631931,0.0056792419734372985,0.008411301559143875,0.013946576734303481,0.02443960510072711,0.039582595572441794,0.060528937326453806,0.08843201953976959,0.11704004262741062,0.1744496993245144
0.13023735161388514,0.09351799160965023,0.07572489181213027,0.05561584373304395,0.03950015219088709,0.026732660164366158,0.01724554345380675,0.011220769424189089,0.0074077260034673045,0.005252239852838027,0.004749348225983615,0.005579781109802416,0.008234850389741012,0.01429767214112727,0.02409413337215304,0.039313222079589205,0.06116750261371303,0.0884245596389768,0.11669732541058456,0.17498643516006515
0.1303572994627188,0.09308848179581324,0.07557016839886224,0.05638226227332674,0.039357049602954636,0.026443767488115125,0.017273417734086336,0.010997139022965586,0.007232695556632949,0.005534972920827548,0.004682802202075327,0.005515116515730412,0.008543218293044134,0.014276755264843073,0.023503364833313754,0.039160140252408014,0.0607142679853526,0.08851654452219697,0.11797186678337823,0.17487866909135438
0.12987670498540713,0.09367078973666616,0.07529400864322539,0.05627030926334041,0.039862409911251416,0.026328416092547366,0.017172288734025577,0.011267298032441881,0.00725673556098239,0.005226636488176783,0.004667407892734,0.005511214353313346,0.008404974156358994,0.014099840504033725,0.023613344716447937,0.03866619016419482,0.06120740431896547,0.088806493669797,0.11726593470592514,0.17553159807016505
0.13047881785790527,0.09319679144208037,0.0749033113284204,0.05664292960468937,0.04013841746668233,0.02668392196061622,0.017004297825932258,0.010973771180900909,0.0071972448900223225,0.005123630760981632,0.004541099098234366,0.005396692477894413,0.008440089431849585,0.014119773143635427,0.023997987617892323,0.03874663017017537,0.06084146036716045,0.08887083187838335,0.11780709927365589,0.1748952022228879
0.1311066915076326,0.09292197929110589,0.0747975604671249,0.056580484398836464,0.03912617600243556,0.02667204961133595,0.017614803980290483,0.011294256243609134,0.007230574243271597,0.005120967341630569,0.004543514158357848,0.005460159039541478,0.008536048631816512,0.014312235058192058,0.02371529076174182,0.039169195437292546,0.06063092964998726,0.08920576195692095,0.11742982041040546,0.1745315018084709
0.13128633534513717,0.09233335595026701,0.07493376272409383,0.05643862729554981,0.03980194185682818,0.026941732710871184,0.01771733356281247,0.010887571222654883,0.007385807929276295,0.0051847941390147055,0.004680050375082536,0.00549922468048065,0.008439977691980531,0.014424087365353394,0.0238718976876116,0.03904730855730993,0.06086878813504627,0.08768474862933108,0.11767480269483523,0.17489785144646322
0.13032544550016292,0.09303926158896023,0.07495785306229144,0.056356949405475885,0.040302233663615315,0.02700712899527327,0.01755033229489456,0.010962339911950536,0.007362271748895246,0.005166825768943789,0.004557990711956494,0.005492751057602747,0.00849225637911894,0.014147142859506348,0.023774347198117905,0.03877683713496781,0.06072302471903418,0.08818347112086866,0.1171808951529781,0.17564064172538565
