0.09416286331972137,0.09332212346865239,0.10587316838818157,0.10046841220273843,0.10329089598846984,0.1043117943790536,0.10311073744895508,0.10401153014652895,0.092841700696613,0.09470333893826567,0.10251020898390582,0.10190968051885665,0.1021498919048763,0.0989670910401153,0.10040835935623345,0.09932740811914487,0.09692529425894789,0.10130915205380736,0.0984866682680759,0.10172952197934182
0.09341113406667043,0.08186945111396503,0.08308671617622422,0.07800547210899549,0.06864704896979172,0.06261656150538836,0.060595231447875375,0.05520129543804791,0.048645932212853904,0.045440839801217256,0.04380479088726338,0.04192863923167122,0.03823217376737953,0.035088502987324806,0.03349712435088503,0.029789491317214804,0.028566642470266343,0.026232620470154667,0.02393768496286783,0.024540733709308156
0.10121786754789627,0.08014796970601659,0.07753310616277354,0.07372748454931351,0.06740308361729652,0.06196746176362594,0.058378029655709616,0.053048786765084344,0.04701950166603183,0.04403745912130976,0.04309377477171417,0.04063676388331256,0.03737676340289146,0.034672678793868456,0.03333779438662232,0.03293973117006564,0.03045869922549251,0.028300235749508428,0.02586724591727834,0.02915469903332407
0.10104531611366814,0.07900265622495478,0.07477216001465503,0.06980032515857205,0.06459378076984727,0.059295642417164715,0.05466156030317602,0.05038812942227107,0.04539339607519866,0.0413546747269355,0.03994069290833734,0.039571454741132564,0.03633704288887362,0.034616793753291644,0.035143459046048875,0.03519211833940143,0.03448798974147604,0.034344874172792014,0.03162567836779556,0.038509537221497095
0.09939488620513,0.07741703144258519,0.07204303256861419,0.06554300467149878,0.06071680370067917,0.05512216400460555,0.05107201006325036,0.047163877800489966,0.043362261796675676,0.03891647603637783,0.03803898495077426,0.03707019421464549,0.03479277515432176,0.03557643048799663,0.036694851206930654,0.03835853372761257,0.039826936440226626,0.03898495077427177,0.039005239585499576,0.05091984397904166
0.09913831927222505,0.07518401075311035,0.06920005265698363,0.06324380876276875,0.057225207914252285,0.051315154356557056,0.046370478832123536,0.043153321893526636,0.03972830844059115,0.037063126023404634,0.03590836761041223,0.0348159661517214,0.03460118108690482,0.03576286805037518,0.03812550376335766,0.041478922194687656,0.043070179287791194,0.04474919802028219,0.04702176257705125,0.06284657186869935
0.09841738736389402,0.07457345981694366,0.06733157487484878,0.05996571433457166,0.053679296502605625,0.04819017001757033,0.04165793849955326,0.03899887566957511,0.03577978513746328,0.03466186724350944,0.033355848441968726,0.03358456204551187,0.03334302338008781,0.03534373303351189,0.03967646643895057,0.043487647327898366,0.04712782739176716,0.05009255419657399,0.055246091562391804,0.07548617672080266
0.0986345072482936,0.0724929561094478,0.06560537379712794,0.057771926238542416,0.05074406730071702,0.044752251439839366,0.039473842417246795,0.03543788350627438,0.03260830357464921,0.03141795620964542,0.031271667728761124,0.03140392854709487,0.03189088883277825,0.03487677700425238,0.039798482607702405,0.04537748439923528,0.050483553567635384,0.05593630639621331,0.06343108610179272,0.0865907569727503
0.0995473558866634,0.07300126709819249,0.06452086895456763,0.054882144601856364,0.04852947911577919,0.04182950659501707,0.03685080300439667,0.03205338605276014,0.03018517953102102,0.028883732291157788,0.029011587078651684,0.029398968001954073,0.031021006350757205,0.03473261174890084,0.03978573827552516,0.04604871458231558,0.052687622129946286,0.060669959086467995,0.06884694064484616,0.09751312896922325
0.10025138648466872,0.07322366414177607,0.06382423527422809,0.05457916652884513,0.045865170108529855,0.03965033757088623,0.03406397124491439,0.03005612093012999,0.02783811298425894,0.02674289116508815,0.026766780231613697,0.027630461867536957,0.02974005020379212,0.03349982175081131,0.03915234241485384,0.04627495948046793,0.05501284496730873,0.06479082365826137,0.07477094060443015,0.10626591838759829
0.10132997039541354,0.07411163880615705,0.06392086363107857,0.05363349343064388,0.04496498430330838,0.0371389984526908,0.032357544697559186,0.028407881438550355,0.025746151850957463,0.02513259456026903,0.025075353063761664,0.02602341534966504,0.028533097212160248,0.03222696253365174,0.03857361345890687,0.04699884622608602,0.055992916364807216,0.06718899532229643,0.07969626230915774,0.1129464165928788
0.10323538976734378,0.07496154623680487,0.06493280479551389,0.05320946094416072,0.04331783463563413,0.03604018528121788,0.030420222724196425,0.026697019503748694,0.02426762061297496,0.02345020347534125,0.02319355207298744,0.02403557961906603,0.027090786038866867,0.03176852152971267,0.03776642964499484,0.04544311919348176,0.05752507185360325,0.07035939985761122,0.08339764267444823,0.11888760953829115
0.10559992778542554,0.07652835376809054,0.06564408977521477,0.05349086294680598,0.04278713539017569,0.03452064972285922,0.029118444053667928,0.025240382528933562,0.022808348421434536,0.021537649658629893,0.02176852798575151,0.02264690718517657,0.02601981387387793,0.030467259543694156,0.03662459357602752,0.04542227298845087,0.05709985574444372,0.07185176569842432,0.08715222867022765,0.12367093068268813
0.10889052824536699,0.07743551912286398,0.06585914030082764,0.052962105071286215,0.042498310488384934,0.03374896178866401,0.027790531512615884,0.02369959193780533,0.02165154274335417,0.02027929819493094,0.020165804284910986,0.021667019185629605,0.024385714212016955,0.0284697753680384,0.03580732861129882,0.04469596529149881,0.058162189675837334,0.07286309023281726,0.09012448218403556,0.12884310154781625
0.1108650066875789,0.07892198280727798,0.06638148960261074,0.053392877300886314,0.04188545254897668,0.03322067642038361,0.026319300250057298,0.022570151163228244,0.020632292625191135,0.019128870158346814,0.01861404631020104,0.020050764025956694,0.02322864678294958,0.027916793519718947,0.03457358560272018,0.045210427834011205,0.05745331522612913,0.07449039280546497,0.09232792739786476,0.1328160009304458
0.11310845089377738,0.08036585843683934,0.06756864956397157,0.053357478581881175,0.04174595359819285,0.03274770316335692,0.025611453433798458,0.021316756473135575,0.019110634868987033,0.01767282279647634,0.017483726658977888,0.018790363933404084,0.021887452023243492,0.02650241991948933,0.03399130839195031,0.043710168431847884,0.05843070648701967,0.07524152346751208,0.09322780292434618,0.13812876595179244
0.11436521018760115,0.08196832629114757,0.06832306571895652,0.05380524183075327,0.04115646893657619,0.031587131558442214,0.025003862026350045,0.02051542349028721,0.0177500428642485,0.016475149770230655,0.016230696234227224,0.017544633990245626,0.02044242694828619,0.02566762128035935,0.03311836134646365,0.0440848185866172,0.057972835100811616,0.07612011496106567,0.09716688537336035,0.14070168350396983
0.115779730509487,0.08372379506808332,0.06948780557966858,0.054079161780607045,0.04072139391878057,0.031018652479749283,0.02390319594833552,0.019278572238382172,0.016606680237644406,0.015567705134127623,0.015280041017518743,0.016425621058367045,0.019276880096519764,0.024891406795980144,0.032088086136789366,0.04349650657312507,0.05780695030348565,0.07678939771594692,0.09843189213610913,0.1453465252712926
0.11740186097908384,0.08521405314621036,0.06978587081959788,0.05392006947835473,0.040946946720307395,0.030302159877939775,0.023085670258296602,0.018709480111989918,0.015930007992038375,0.014674599004121052,0.01450394448490215,0.015440009867548435,0.018459412103629537,0.02370070238696672,0.031040536362084967,0.04233245865852032,0.05732809091661752,0.07745518629221798,0.10140595668754507,0.1483629838520273
0.11926469473205334,0.08646745128434107,0.07045552195047979,0.05390609861919645,0.04030531007000901,0.02990084162461352,0.022229336388680607,0.017654740141028982,0.015064996335268194,0.013804665582692362,0.013433980067228873,0.014581420231004472,0.017356506794497004,0.022387720199833185,0.030158636551276763,0.04127751708102006,0.05713948727453474,0.07916494662971044,0.10308764185039469,0.15235848659213644
0.12155281281045316,0.08671807910555827,0.0705820943272323,0.0544073818383876,0.040089915640943614,0.029429692367273396,0.02179864958157235,0.017109228981797977,0.014396605431982349,0.0130461870043274,0.012812136927713883,0.013674249440132015,0.016262270790887195,0.02152587179444004,0.02889087204701208,0.04097728535587399,0.057391099361834695,0.07971846638266344,0.10525349812254799,0.15436360268736637
0.12252580326804968,0.08759745052447171,0.07118322632059434,0.053893061236841976,0.040015871174483714,0.02932636615673794,0.021441216969379062,0.016521825386817852,0.013646856280126225,0.012132033376541933,0.01201266331421731,0.012759146520867065,0.015876218289174817,0.020461037443530398,0.02785357496523978,0.04037230009297414,0.0574237250520773,0.08054284796793482,0.10624608054284797,0.15816869511709192
0.12392895409491377,0.08811042479082909,0.07111476103626527,0.05439452108167659,0.03999858929273186,0.02908744033883845,0.021390688660264744,0.015816715537597028,0.012698044826902859,0.01149726423554781,0.011223519848987146,0.012300023847670491,0.014810746902321955,0.019810360637236627,0.027822842037733057,0.03990622155493531,0.05722433268507975,0.0807545940353953,0.10757818509151128,0.16053176946356176
0.12465834559569933,0.0880608459438554,0.07156747433292446,0.05442980417686665,0.03965456201960747,0.02837765961909204,0.021068897997808714,0.01587088525613384,0.012635969644142502,0.011015156116557637,0.010770188440545843,0.011575561621954472,0.014090674953061847,0.018711503581393868,0.027261882190682166,0.03980389163032699,0.057901298160896786,0.0813829599813422,0.10886799765770637,0.16229444107940139
0.1250276405985111,0.08861408363877592,0.07238988990665852,0.05445365425464194,0.03965337014279299,0.028556926231430548,0.020306626372816397,0.01533801939197384,0.011851953603999009,0.010642468020665118,0.010034374853421065,0.010751355226920938,0.013667857166788401,0.018145634125585477,0.026265269336692643,0.03943057016691571,0.05771021931558526,0.08219978959641376,0.10952880317883637,0.16543149487057496
0.12633289224636104,0.08869030669503024,0.07219309559303866,0.055166580124286026,0.04002780522939313,0.027967705733572296,0.019979564831409863,0.014741796619822113,0.011596120667995516,0.010215909281251571,0.009726805246143277,0.010634662735967571,0.013138808395169262,0.017472069144570442,0.02578683774141137,0.039029496993350205,0.05749652434632588,0.08232692919716587,0.11090768998844241,0.16656839918929328
0.12648837427339207,0.08974947094907716,0.07234101684926734,0.05491749484342772,0.039774249283437355,0.028064812086469697,0.020041989231469826,0.014568990919075299,0.011310974793067426,0.009429160751118375,0.009404047574401971,0.010261244006321826,0.01261853419410142,0.017107095979212988,0.025310733706570943,0.03860899788379631,0.057519219951246946,0.08226741849937051,0.1123965337119284,0.16781964051324644
0.12666670012194453,0.0901469188525509,0.07242900371855414,0.0550506596544404,0.0402600813297804,0.027709333855235663,0.019511118025201862,0.014076308143181896,0.011199154250576682,0.009379187137114784,0.008616406802796192,0.010001455304585214,0.012294814599214136,0.01694342545244081,0.024982728712824913,0.038226000438264136,0.05778897414408853,0.08291723331543478,0.11174230068600045,0.17005819545576967
0.1279206173611088,0.09004742504403278,0.07294065352312262,0.0547978169105876,0.03962614760919624,0.02761113469180406,0.019197283504172675,0.01399022088239324,0.010821866989295107,0.009020450588050491,0.008652814587796494,0.009568562442974642,0.011782733808140801,0.01666895046606218,0.024726863162538554,0.03800520706262178,0.05756177120340629,0.08390121954887719,0.11287762065980636,0.1702806399540121
0.12745767351646572,0.09014794030309152,0.0733291826143854,0.055462173652504686,0.039634914779508375,0.027394745056276745,0.01940767126305932,0.01375579417552867,0.010570979797794334,0.008608012445480082,0.008302550689125065,0.009370832241404923,0.011445635318723474,0.016232872024877602,0.024692326566993775,0.03778879072197471,0.05825973596753758,0.08399697542785506,0.11315271585546816,0.1709884775819447
0.12806437673000784,0.09100904818077006,0.07297442049430461,0.055437000602322206,0.040143689715640536,0.027117846589705133,0.019177538220763596,0.01379334509057358,0.01009598780005573,0.00827567335783778,0.008150537167951121,0.008661092822688694,0.011015321675089723,0.015590300777346008,0.024354839517007676,0.03789290678021245,0.05880900379913472,0.08460374374110491,0.1134651545765642,0.17136817236091942
0.12785958684152138,0.09152846616207705,0.07341462153275355,0.055299108654707545,0.04009969454365891,0.027474388211487233,0.01900302119843652,0.013396037241984484,0.009804297742359006,0.00803595409646815,0.007568844454157359,0.008294532648461627,0.010835275452887821,0.015671528499527052,0.023809245768070062,0.03840809033900482,0.05813179498557799,0.08483378403852986,0.11420497104754344,0.17232675654078614
0.12925672465386887,0.09137360484791902,0.07352232660103857,0.05589110520217723,0.0400453450474706,0.02762546991306087,0.01857146429494286,0.012831648175778742,0.009385757987480097,0.00783702456467921,0.00714184497661896,0.007947052988688745,0.010220973751552481,0.015262276087989397,0.023997866115413147,0.03801815468996157,0.058611808050413015,0.08438346572864656,0.11490468370995839,0.17317140261234146
0.12952981880724768,0.09215631374745009,0.07396870791834996,0.05527445568843913,0.03998006746396811,0.027275575643640918,0.018630921429809478,0.012806154420489846,0.008959641614335427,0.007678026212284839,0.006968054611148888,0.0078096876124955006,0.01036791861658867,0.015032732024052371,0.023709051637934485,0.037868485260589585,0.05828766849326028,0.08514826073623723,0.11462541498340065,0.17392304307827694
0.12993129931299316,0.09193258599252661,0.07351406847401808,0.055408887422207564,0.04020873542068754,0.027521941886085522,0.01863018630186302,0.012486791534582022,0.009178425117584505,0.007478408117414506,0.006803401367347005,0.007761744284109506,0.009960099600996015,0.014506811734784015,0.02351190178568453,0.03781537815378154,0.05871725383920507,0.08471251379180457,0.11551782184488511,0.1744017440174401
0.12952704446497998,0.09169559679312668,0.07406278878093858,0.05553418750052035,0.040212459518635994,0.02708525853959057,0.018605193269895185,0.012797522415644748,0.00902286936903186,0.0072296177893220745,0.006725109684724062,0.007352830989784959,0.009680561452583732,0.014584113822356535,0.023508745639667983,0.03747179832996163,0.05818327131047228,0.08568978579218596,0.11581374826211112,0.17521749627446576
0.1291969441650737,0.09176163421895712,0.07406803029192952,0.05613631368265406,0.03971985959677366,0.027278055668413945,0.01841793271568347,0.012581674315134636,0.009123212489759489,0.007348190676639648,0.006439033162602654,0.007125064107260606,0.009541158526432171,0.014558176090156456,0.023141888516641246,0.03729876980664584,0.057538347797707466,0.08659475552654543,0.11732461252572618,0.1748063461192628
0.12909457905605654,0.09159875995720093,0.07482689821232158,0.05609313300507366,0.039674047794564266,0.02714715274391918,0.018106422030561765,0.013044411570404712,0.009203806658490682,0.007010601600473921,0.006359961860197323,0.006880806460469895,0.009453412696959967,0.014360667413266066,0.02298205998199509,0.03724787710064282,0.05892033740080241,0.08689119007167022,0.11649280219387068,0.17461107219105843
0.12976170868333362,0.09161979200460509,0.07443380232950847,0.05625125817083174,0.03947786534369484,0.027540839601311654,0.01826240161312058,0.012501019014392645,0.0089839636249295,0.007128941506078318,0.00625716429506664,0.007103986051564622,0.009178616170136305,0.013981709315538427,0.022855868940607676,0.03719860049811087,0.059312460591178076,0.0877749883125288,0.1159996073675157,0.17437540656594647
0.12966960594197072,0.0917323319174697,0.07453574196466882,0.05581740348122845,0.040056080175358645,0.0273997891172528,0.018467208398056146,0.012468359272354734,0.00895420119012377,0.006847036831303779,0.006264947229419806,0.006664094384997388,0.009082260902538242,0.01376558752798188,0.02308899983701491,0.03757305224503644,0.059351518921238286,0.08737663858222929,0.11651604405254104,0.1743690980272152
0.12961953088111086,0.09183364701031475,0.0739357704815551,0.05642860468054826,0.03979097807364648,0.0274428564778176,0.01850971290243205,0.012289930636376331,0.00903788730240013,0.00669362293588354,0.006166579103127681,0.006657045761370511,0.008771871487759948,0.013649936488724255,0.022870709663689506,0.03702940139791309,0.05994666382916463,0.08723489861472268,0.11677595483051467,0.17531439744092794
0.1292606170284962,0.09144816069088028,0.07499617434348406,0.056353583808490974,0.04030245973080685,0.027681119886095232,0.018328221369119296,0.012608033213351874,0.008740793474427985,0.006741472112627328,0.006129367070079374,0.006576802549550569,0.008747446790107853,0.013942023007165622,0.02257470010179573,0.037652776761299,0.059375852456071486,0.08719336531360404,0.11622843494055266,0.17511859535199367
0.12871815592435734,0.09145221123132921,0.07471146827356517,0.05692983287524088,0.04036035496760097,0.027749926422539137,0.018840818281130746,0.012251270770044247,0.008864213419531199,0.006561280463978634,0.005886196868343735,0.006574582603794102,0.008762784603438272,0.013300477047989133,0.022633590896015507,0.037535313024291375,0.0595204246043029,0.0873568149356426,0.11660988315732937,0.17538039962953542
0.12829250138727824,0.09151218312737379,0.07493462347440925,0.05640822863674578,0.04047695788987503,0.028242326772974825,0.018491505205200875,0.012566913330830142,0.009161020638048311,0.006713762132454336,0.005735191012430677,0.006306716420390166,0.008607770751854966,0.013412571565281826,0.022724780610668245,0.03739337894460523,0.05942036690602062,0.08702969606145892,0.11695835507012814,0.17561115006197062
0.12832245418892702,0.09165367973989637,0.07513165341419252,0.05691012382806472,0.04019889499094649,0.027640163378028285,0.018757603368468573,0.012319738966921095,0.00868505914238153,0.006769798632099036,0.005778974953902631,0.006273556957424455,0.008524071040564024,0.01349976515653189,0.02281217999465586,0.03750192936771506,0.0591274444881491,0.08696510873335556,0.11625332556607233,0.17687447409170345
0.12826576501770307,0.09123715449152713,0.07528779917496464,0.05699519725785345,0.04098107467167978,0.027624070838785965,0.018400547366463176,0.012149675499372256,0.008584154272314815,0.006583011711250903,0.005628109659290945,0.006410298992287715,0.008444655537767623,0.013473252778349794,0.022504135141059794,0.03733916128046552,0.059157427643334946,0.08750390264316886,0.11706102737496595,0.1763695786473937
0.12839644613128612,0.09137145094188139,0.07498556821424067,0.05728423650876858,0.0406511887146753,0.027715663961674485,0.01815916766749166,0.012215594290984615,0.008604330199258175,0.00644619763915891,0.005522231585373136,0.006089550060049499,0.008539635987233675,0.013620619870080756,0.022921656968064273,0.03733353681598312,0.05929141590747731,0.08715969185649164,0.1172342063181363,0.17645761036169047
0.1288759319917854,0.09193328009642407,0.07563016839354583,0.056481483018698785,0.03981644887679529,0.027557571400822465,0.018635685220448953,0.012385052271229324,0.008576565688092588,0.006320361125545581,0.005712729874705107,0.005780797856356637,0.008452051087510523,0.013719848789469052,0.022474055307725383,0.037432409324317364,0.05880741575757172,0.0868464436139782,0.1176779189127717,0.17688378139220612
0.12921217755054612,0.09260980711131771,0.07466717572457755,0.05594933767139207,0.04009993028119917,0.027806181733674183,0.018903754855416482,0.012399986720228413,0.008414395272401315,0.006448989077387867,0.005482885694366058,0.006263072275156865,0.008429335015437734,0.013392649646426082,0.022555692042096877,0.037360977391188877,0.05884930779190599,0.08722651970386111,0.11721058397795556,0.176717240463464
0.12851576172694715,0.0925581557377729,0.07479832321700801,0.05565001882814301,0.040617364026800634,0.02788721693504374,0.018642349884957565,0.012366855169279111,0.008458563984997208,0.006368391280330312,0.005621901028663567,0.006026664631789534,0.008513306603452769,0.013365493239286623,0.022899003186683937,0.036947949723052126,0.05932275086634342,0.087168496120739,0.11771985382062004,0.17655157998808937
0.1292933919476653,0.09206200639579942,0.07479301606583656,0.05616985543900178,0.040769487356928424,0.028182009781225165,0.018009137330459044,0.01224395643421736,0.008305909725299255,0.00619499720370472,0.00558097390732895,0.006019087826905173,0.00865274991163043,0.013651231448613714,0.022665757248379065,0.03727287361243181,0.05904746731985467,0.0867482155985151,0.11753899462812588,0.17679888081807812
0.1294460815447299,0.09150110027511024,0.07501604395130598,0.056406718725903006,0.04089507836247223,0.027915646127645175,0.018597717198618312,0.012148629174951207,0.008208533226318383,0.006197028013485211,0.005588435752059182,0.006041148796662194,0.00827652309748587,0.01369912989547801,0.022595853281174604,0.037376187957169696,0.0586951582920281,0.08722437154972129,0.11766227606872612,0.17650833870895524
0.12942942195908688,0.0917004568936209,0.07452258348051775,0.05676923969916331,0.04060134165858188,0.02779836977702596,0.018899309269716495,0.01222418468121097,0.007962055440848447,0.0060764363955985645,0.005364975911506919,0.006058193819083393,0.008481139663507383,0.013756561108485285,0.022690448352778267,0.037141885784886856,0.05910428949310513,0.08729404545718379,0.11720026202973542,0.17692479912435627
0.12907562078058984,0.09068924422314784,0.07538541354156132,0.056753293895540124,0.040877620737494465,0.028210895505318134,0.01873157051149238,0.012152895760575358,0.008087012877229563,0.0058145606012136326,0.005275868413244867,0.006049927649495372,0.008701950728726215,0.013805437641821074,0.02270629010148961,0.03720622628718427,0.059687094426939216,0.08696315179682852,0.11764374379468034,0.17618218072542777
0.12882604637591788,0.09219812301372174,0.07448760860807593,0.05670580784846182,0.041011205220150476,0.027858044001916448,0.018660446517827396,0.011976107466665342,0.008169747729198063,0.005923398668105659,0.005182352151272957,0.005857085780693333,0.008473129189109434,0.0135957997417113,0.022849763180100815,0.03765908876145762,0.059661704804866086,0.0874501202749995,0.1171234795698284,0.17633094109591982
0.12954971080064304,0.0915759293326041,0.07530618671174533,0.056876978405343157,0.040990072755597545,0.02768690233513979,0.017994994945226137,0.011977328096256158,0.008082666268913966,0.005949717429854655,0.005053116558113326,0.005845307346823779,0.008331261704701769,0.01371583884386549,0.023092858681781268,0.037643978189893776,0.05955352259732509,0.08751719451764199,0.11745637150101923,0.17580006297751039
0.12955066692057393,0.09219649111186548,0.07508258886064631,0.05711754526863114,0.040548439712201616,0.027382243601950667,0.01809089328442858,0.011954064862269105,0.008012982389322645,0.005822204191125941,0.005072073787661761,0.005875193535300011,0.008178574089866617,0.013437766499143062,0.023197741329204574,0.037733380802954145,0.059515313092507814,0.08757648266668873,0.11738795651561944,0.17626739747803832
0.12974513638020746,0.0923971762834322,0.07507871275643788,0.056901865906605245,0.04057104033407351,0.02753123653597586,0.018258045272263275,0.012115136048785339,0.008013787160706592,0.005625890696980745,0.005171842375633843,0.005914227952142645,0.008121499353726845,0.013339740827892486,0.02297418221588838,0.038541079773307264,0.05982832333543234,0.08763464024127533,0.11716435223544229,0.17507208431379045
0.12968252889303736,0.09189900741578287,0.07504812052263614,0.05694883557453666,0.041137451444278834,0.027653757711303382,0.018429206877628803,0.012072821561973101,0.008239758742516657,0.005661725574586399,0.005003539614671082,0.005792699606912112,0.008100495214474123,0.012974718695962856,0.022892271371563383,0.03819799626309533,0.059710895547380266,0.08783881241368562,0.11746049640816147,0.17525486054581355
0.12909381864445524,0.09295391068393485,0.07503801846753275,0.05698794342454453,0.04027638349120522,0.02759196493355465,0.01839464328903644,0.012240455625242272,0.00796151437744138,0.005615799779343796,0.005037654020349404,0.005632365560403806,0.008239819499249566,0.013279130097704971,0.022903848893571492,0.03819903454627982,0.06022158388745871,0.08810013683335155,0.11761538894797348,0.17461658499736601
0.1292416798535223,0.09202077861823849,0.07530674973695327,0.05719753771716887,0.04023661775793076,0.027421479523781902,0.018220230155508242,0.01213411653590277,0.00812089377884193,0.005829280619050383,0.004806919578131082,0.005756373186634743,0.008155690507949398,0.01337354288696863,0.02278688660408779,0.03835428041192698,0.06019502738171184,0.08838700590715902,0.11751849611850772,0.1749364131200239
0.12990525722993337,0.09154602974790473,0.07505714380362409,0.05726471659986086,0.04014310796038029,0.027624474111372446,0.018420180872561035,0.01192069433862259,0.007905721005730943,0.005889952628614966,0.005007122271176333,0.005691191572531221,0.007847749031039854,0.013610163315334416,0.022993341504621196,0.038523205353297764,0.06016165899228143,0.08841719945671975,0.11677708947560209,0.1752940007287905
0.12941069268874564,0.0923192895839891,0.07511058831325901,0.057070196656670916,0.03996421411885553,0.027593233817657683,0.018283934458821382,0.01196673238456568,0.007945791017081129,0.005924551433920375,0.005031561159064927,0.005649530310309977,0.008075017810102883,0.013471064795639422,0.02280521546082605,0.03809539588131017,0.060468198611640364,0.08846899385344355,0.11734952534004872,0.17499627230404755
0.12943558542437136,0.09275791678265136,0.07498575045399716,0.05676621465781205,0.04002465502843281,0.02750162378547474,0.01848630055274984,0.012064063307750426,0.00794660728251216,0.005848941556978301,0.004972428785408466,0.005577206028552114,0.0079863734574038,0.013339894752190455,0.02278767513686192,0.03813907556898769,0.060668270569053946,0.08793958192494798,0.11694072188862818,0.17583111305523524
0.12996550702030668,0.0923395116006034,0.07491086967681253,0.056650951910195715,0.04011651109223355,0.027354274198489466,0.018268197406485602,0.01220253323861425,0.0077530547731295895,0.005797403836122746,0.004961160209375532,0.005598692479271919,0.00803787438461577,0.013323596476847643,0.022937914292479926,0.0386361114836949,0.06089012752301325,0.08709021992379419,0.11686711674788995,0.17629837172602342
0.13074263486525486,0.09200143798840667,0.07470913039804779,0.05642779161096119,0.04023882535564534,0.027490759930486178,0.01816702864877133,0.011952864462966003,0.008066319760246908,0.005783430331284032,0.0049898860377621075,0.005440499916338234,0.007955322959274114,0.013513446351270081,0.022895161036478193,0.03836181975113523,0.06083453027644829,0.08760298266627567,0.1169856582193131,0.1758404694336347
0.1296447272486246,0.09177437528998476,0.07508450984291111,0.05719659309339166,0.04035262146218601,0.027490554782262866,0.018032080599191355,0.011887717902830252,0.007829588387353353,0.005869291442964143,0.005143501027374561,0.0055759925763902716,0.008273679326572546,0.013339298734009413,0.0234904222178034,0.038453635580300925,0.06087194273215352,0.0874080334062438,0.11774043878836088,0.17454099555909064
0.12972676636263206,0.09222235656352014,0.07488956869266229,0.05697708891976899,0.04041446314732952,0.0275353653466806,0.01823545097545585,0.011588869252975887,0.008049436125405573,0.005752199930768225,0.0050168193464719115,0.005475604080368486,0.008011342086128966,0.013793354743287585,0.023325145875326487,0.038879107738224394,0.06049664689641236,0.08781338558289678,0.11678141805889342,0.17501561027479057
0.1302718599005819,0.09264564159797588,0.07432349639187036,0.05592518140000065,0.04040144788827547,0.02722738668088502,0.018259222339604645,0.011803005063634889,0.00781733823027782,0.005782280258447396,0.00507853767258252,0.005505750818825197,0.007996171640332894,0.013685723463936915,0.023453670555741376,0.039003897905993234,0.06063777292793346,0.08830065207960072,0.11647519348781446,0.17540576969568514
0.13062461696453714,0.0926059662431882,0.07493747204876354,0.05593228761201198,0.03984231361701425,0.027230715717290844,0.017993142629983597,0.011720471071505478,0.007919102910241338,0.005621718317791067,0.00498235966408825,0.0055985291438225716,0.008084739867159163,0.013641859771752285,0.023416096599473267,0.038631507461944915,0.060147748165570704,0.08856111175525481,0.11703079191029106,0.1754774485283156
0.13066303971479173,0.09244751329044824,0.07499805344010975,0.05617523346293834,0.0400013915832407,0.027190542535232735,0.01817838440499048,0.011652852994140444,0.007721630339165279,0.005770100508756206,0.005037862660674024,0.005516633561343145,0.008160641718671566,0.013707094920886833,0.023554202995548595,0.038937824392134904,0.06033176007116953,0.0878668851231468,0.1172508279091959,0.17483752437341482
0.12996099794883015,0.09278312937613288,0.07505492429890746,0.05626137007545256,0.04025296657487763,0.027269955828603046,0.01807448497078989,0.011973994214309147,0.00789982072973931,0.00550899830670789,0.004859516401074958,0.0055172825146879,0.00824775746489981,0.013562905304875425,0.023762422169866033,0.03888772909977167,0.06074644027583099,0.08814728659051822,0.11675265674549919,0.17447536110862588
0.13030839294316685,0.09205104731759886,0.07469204574989201,0.056841376867135585,0.04020414953970338,0.027437353803468824,0.018191690656831107,0.011703999721885152,0.007812047339119665,0.005469591949237418,0.004780926619067091,0.00561858204470696,0.008245774061486558,0.01382793630507874,0.023480839045999857,0.03928041094779221,0.0605032223246759,0.08840078997859512,0.11705324078289331,0.17409658200166545
0.13041657493863187,0.09243537518559407,0.07491297561330881,0.05665895875300632,0.040078392295838226,0.027659106069609578,0.01810338977159305,0.011791949230394887,0.007855782011153027,0.005503682087459713,0.004725718002916537,0.00557154703951561,0.008310973762747437,0.01376168808274889,0.023472997197674053,0.03926732335663363,0.06083182568307729,0.08781724796032714,0.11710180239381204,0.17372269056395775
0.13013714501355564,0.09302391017216781,0.07464191016554723,0.05640390745773596,0.039983249969379894,0.027587896282221462,0.017994696927064544,0.011801157936899396,0.007641787685086183,0.00572678912505917,0.0047254285988566295,0.0054901039097749365,0.008126744105214025,0.013916428602166908,0.02343018117177388,0.039243401778945954,0.06173511779641098,0.0885715798986391,0.11666925972147284,0.17314930368202744
0.13052495439457665,0.09218828300335905,0.07474823987046901,0.05637872265121734,0.04042385341432878,0.027412870073745998,0.018202476502663552,0.011735850741677321,0.007888952654706995,0.005512343647408471,0.004599408245857473,0.005346956799301409,0.007865798495972005,0.013636145626427494,0.023961246553751554,0.03941003203543248,0.06119974927353827,0.08841580899803686,0.11726754465031432,0.17328076236721504
0.13017514474019592,0.09220670455786797,0.07518380101491925,0.056846732628693795,0.04066628488578022,0.02761401290331124,0.017711433234136507,0.011698384272392939,0.00761851482821515,0.0054519634682034974,0.004586335995868823,0.005370862615154936,0.008063741960257274,0.01370273392630746,0.023903235096476915,0.03874138096546428,0.06184188312870539,0.08791001446574398,0.11695901593217982,0.1737478193801247
0.13027742273025292,0.09223527619754038,0.0752150704980894,0.05654913673781599,0.04035676205487526,0.02765452293754181,0.018437452399716555,0.011468770902733166,0.007717040735908661,0.005293151519566614,0.004632542368391425,0.0051573872328589294,0.008164069484824205,0.01381815532758929,0.023278608184268565,0.038836864308562404,0.061481353934184114,0.08924349490387226,0.11677384318893759,0.17340907435247055
0.12967755287884428,0.09268429984684798,0.07531106419967713,0.0561662320460284,0.04044041558011509,0.027595513059315367,0.018310360528167553,0.0118862535700981,0.007477130675938571,0.005405852891262054,0.004723705451384578,0.005314789519433752,0.008281799743366862,0.013532017053686,0.023620182954592495,0.03891055093339957,0.061557183658263986,0.08920567904300675,0.11710749617119913,0.1727919201953724
0.1296848511912145,0.0931669519627544,0.07471449717598225,0.05609665335284924,0.04061954733020748,0.027505850637161267,0.018235795149139564,0.01185343223597708,0.007563240632778453,0.005287487492454124,0.00455646795173948,0.005289141382817735,0.008165256725131692,0.013768637277034907,0.023883830740860184,0.03925508778023105,0.06203742753892843,0.08823670478883958,0.11710370719525001,0.1729754314586487
0.12970425212076264,0.09323408848596422,0.07499486778758602,0.056331825676955355,0.04062394458535035,0.027571569529889338,0.017807121524167753,0.011638533313025227,0.007499652333997761,0.005357367539253144,0.004566013496063096,0.005256378843364876,0.0081684955002086,0.013943062242147712,0.023985643049659947,0.03970180190322303,0.061301793956571544,0.08868463051381725,0.11696808757209932,0.1726608700258928
0.13046931754434454,0.09219216187905735,0.07483662996874087,0.0570144447404696,0.04065344702905663,0.02733231508034877,0.018020761108251987,0.011389981515895178,0.00745321469527704,0.0052953567994863514,0.004418313329571424,0.005232474437492449,0.00832198417019277,0.013857286824655844,0.024221292960650526,0.03983597632313594,0.06098596234008436,0.0881329399324511,0.11747087140060532,0.172865267920232
0.13011944121764515,0.09240725847820834,0.07519104306701484,0.057130895527821635,0.04058155197463571,0.027431103697746533,0.01773912237677764,0.01139142895911728,0.007441495646303084,0.005263819802288214,0.004358661225786595,0.005397856081441105,0.008388023444765469,0.013886820427790844,0.02381046939174005,0.039618476487389004,0.06134890139894161,0.08841264640567648,0.11702360031374416,0.1730573840751662
0.13003523860124766,0.09270946609132903,0.07518616541452944,0.056947830649472723,0.04084466712018368,0.02732357113182283,0.017961921124457304,0.011567993617658699,0.00734730629114136,0.004991997245794622,0.004568273341642295,0.005392548748938622,0.008502615998556692,0.014072268098058982,0.02384771098057325,0.03955694369272071,0.06102286288393771,0.08862781317086167,0.11643634955235883,0.17305645624471377
0.12984648487607064,0.09191542185625028,0.07622294864898414,0.05689742210452269,0.04048826912732237,0.027814788761534315,0.01804278561675011,0.011465221169363183,0.007261141225638265,0.004890967021144536,0.004677452724790002,0.0056573012786030556,0.008403194438697404,0.013986013986013988,0.02382918856291638,0.03888608432987131,0.061199155873712094,0.08833864360491582,0.11676749286216742,0.17341002193073202
0.1303306085978092,0.09307509018102393,0.07523744911804613,0.05717311447198597,0.04018433332230203,0.026945097130754207,0.018024621901578584,0.011121223152530026,0.007260813449382798,0.005162656782605818,0.004598404871429991,0.005525035576000264,0.008248667968362182,0.013735645497567594,0.023917000364033488,0.03908561405831156,0.060844888638845664,0.08802660753880263,0.11680345500876992,0.17469967236985803
0.1306815830379801,0.09321131838716464,0.07572519488345068,0.05666974021609756,0.040468216905404766,0.026781265364298375,0.017517576343491492,0.011228663800595617,0.007134828391650763,0.0052675229564345056,0.004688128539479106,0.005582051354210292,0.008364799968216076,0.014056108555337957,0.023491960488611584,0.03974149076528068,0.06063279802807246,0.08767892941155046,0.1164831089973332,0.17459471360533968
0.13112121668622853,0.09316681758811524,0.07567703582549618,0.056866208549713866,0.03996410994144689,0.026766898373855878,0.01748647087160861,0.011058375974850475,0.007293892895986699,0.005125259284152252,0.0046104157320297256,0.005547397887982621,0.008267294853054375,0.014038177884241314,0.023888078640283274,0.03898739709336878,0.06027145995394551,0.08728336426257352,0.11725023879801409,0.17532988890305218
0.13099400124636545,0.09282943141601332,0.07579687218472654,0.05667656816412354,0.04008205514753893,0.02691091462396625,0.01747887046890781,0.010992480482148377,0.007279832186974653,0.004998685861355894,0.004651554898761732,0.005621868589441597,0.008555951725654133,0.013804241279161066,0.023328853690911283,0.039101823429356385,0.05959742726366579,0.08817291750350024,0.11722612606804762,0.17589952376937937
0.13052604764567127,0.09254548041009286,0.0762142169495787,0.05684430961415673,0.04054612883056045,0.02701862223883708,0.017628104395695284,0.011057884759803223,0.00719713636348599,0.004967363939220507,0.004644807839271122,0.0055843558637390725,0.008359992457149665,0.013901340840895482,0.02307020474868745,0.03853139380626122,0.0607596444273885,0.08827781508768565,0.11788019439380958,0.1744449553880102
0.1301216712656396,0.0925784834321036,0.07575220535380071,0.05710069266162932,0.04047316971369323,0.02716485744288275,0.01763289264904151,0.011017659393333091,0.007347314652559469,0.005197446659091889,0.004741966152001297,0.005512142282172657,0.008160554394310304,0.013187402899837351,0.023340477476074848,0.038535307192616906,0.06145343001666233,0.08896942152319307,0.1174427502409906,0.17427015459836562
0.13068525877957823,0.09236880681122539,0.0751388948634545,0.056949375758999624,0.04041600624737349,0.027122138137104693,0.017203440026207203,0.010989156439129472,0.007337685758437095,0.005355600631355329,0.004579642430519478,0.00551277766563978,0.008045809660265977,0.013599949703349027,0.02348555791229191,0.0392214607868117,0.06112863037586819,0.0888811311452084,0.11706049164976327,0.1749181852174172
0.13000819285483753,0.09357564322186085,0.07491414053642509,0.05662669546579275,0.040158229681306216,0.026763325802527375,0.017522778619131558,0.011026424025753703,0.007361983498431773,0.005150740253399206,0.004768407027648816,0.005170601719671955,0.008073686039871894,0.013664688795650337,0.023580525832319562,0.039418390062646365,0.06111373172124434,0.0881700141512947,0.1179539379494691,0.17497786274071683
0.13033613403657077,0.09256222145359641,0.07522180278790506,0.05666500621428442,0.04037381692767765,0.02689436378470608,0.017712779249751343,0.011170817521799643,0.007068231353423153,0.005100512533657259,0.004484876368011411,0.005206428433123213,0.008047953423483212,0.013659841159249524,0.023768189814531326,0.039706877748227974,0.061212770147603755,0.08835040951389571,0.11675407486599156,0.17570289266251052
0.13022714556716866,0.09294726422184188,0.07503815555548196,0.05628151350921858,0.040264456899948016,0.026781723737224924,0.01751513807179534,0.011123875611233788,0.007300043369872174,0.004921321754791377,0.004363472635597064,0.0052424574495204485,0.0077800915733331555,0.013466179776396857,0.02354057069454698,0.03983572419409839,0.060956189807748994,0.08844805381836963,0.11726749941235481,0.176699122339457
0.1296646885353333,0.09308194626940758,0.07456551167185749,0.05622118442957995,0.04036744920350701,0.027125112118012683,0.01724217821716639,0.01158911354782764,0.007400616276722152,0.0050324852633077035,0.004353985112713771,0.005202937740164227,0.007830884664903668,0.013617994485945119,0.02362504426799763,0.03937121239702518,0.06124374042239118,0.08793030976014192,0.11801434448611063,0.17651926112988478
0.1301575437267765,0.09267910325588162,0.07421769708675573,0.05604568057004802,0.03998538168841498,0.02696119367443829,0.017315423145549763,0.011570625131258876,0.007580355238200759,0.005098218848030744,0.004514478577724273,0.005280120915265055,0.007796984063725257,0.013394606769072023,0.023596005430603525,0.0395107826584491,0.06108271417728175,0.08847716550276902,0.11751865736430515,0.17721726217544956
0.12964908420423962,0.09218343378327629,0.0749710065564061,0.056066123249846556,0.040268212101309125,0.027385362157476178,0.017811321753602886,0.011436900174870585,0.007565593013117776,0.005178286930036878,0.004648877403643331,0.005171669310956958,0.007860077062174186,0.013493325303955514,0.023418099519064543,0.0392854956679411,0.06139826982349154,0.08863308114689956,0.11786475902767321,0.17571102181001808
