0.10318501729691039,0.10079923655016107,0.09555051890731239,0.10330430633424786,0.10139568173684839,0.1047954193009662,0.0974591435047119,0.09739949898604315,0.10330430633424785,0.10115710366217343,0.09602767505666229,0.09769772157938685,0.0995467016581176,0.09930812358344267,0.1039007515209352,0.0931050936418943,0.10085888106882976,0.09835381128474294,0.09733985446737449,0.10396039603960398
0.011358473421172195,0.013120421981139392,0.017514211943573325,0.021542314469032913,0.02617435533737436,0.031111135736527736,0.03634157422900899,0.042380957657827366,0.047362063806917036,0.05091920523930363,0.05360645382919071,0.05606099223191233,0.06208929422324664,0.06742500637182655,0.06994049268071052,0.07378575148768297,0.07512106470451346,0.07986946066643767,0.07784155760685277,0.08947152624638466
0.0026112971155790267,0.0039032380769613013,0.006051903813796012,0.00902645223416687,0.013272380221309147,0.017535442703960465,0.022857417009071,0.029779753194726703,0.03694882611571267,0.04341881161992947,0.04949470372743814,0.05576935598285179,0.06308578556521559,0.0717112906044707,0.07884266763533682,0.08721115524195626,0.09369484834258018,0.09845823809409578,0.09808127919289672,0.11851587853698822
0.0009429379661113806,0.0013601165814212646,0.0025516472840529185,0.004360373746321114,0.006566277109466524,0.010272309055061858,0.01401262965397034,0.02018458725033574,0.02607366345686772,0.032565648484155794,0.040203446009657966,0.04975569334514387,0.05830214018344431,0.06876303683172845,0.08100408606451982,0.09331656999171355,0.10411178100980084,0.11420121724719266,0.12040746349687115,0.15111580992656518
0.0005184955495798661,0.0007040356236942297,0.0013902797334322877,0.002356104776767332,0.004109839723875703,0.006338862258098952,0.009625209050288984,0.013732507129313808,0.018800546961971906,0.025172450603132328,0.032474596259715445,0.04149743548034547,0.051244643483476765,0.06366312022488474,0.07776670750242724,0.0926378715249361,0.11006338862258098,0.125488631222582,0.13987434107857238,0.1825663496388322
0.0002473548061963534,0.00042535779757129944,0.0009339377729282877,0.0015234281989102514,0.0027393966854455973,0.004410775422641518,0.006949051845105034,0.009736994800925616,0.01419862822110283,0.01926824588454772,0.02618955700372418,0.03416963916250749,0.044597840384486435,0.05698638623875057,0.07222297995501377,0.08977823601347276,0.11131890969700187,0.1336016477991202,0.15631667888029188,0.2143895768845778
0.00017126880210318094,0.00033183330407491305,0.0006914977884915926,0.001085416033328909,0.0018796751030824104,0.003228416919644958,0.005033161921807227,0.007465178911672396,0.011048978595681458,0.01571177173294055,0.02142572714310792,0.02901507593630514,0.03773479882338334,0.05057353640104301,0.06498152437797314,0.08476735274094312,0.10940865164353823,0.13860355982205175,0.17081065805755485,0.24603191594127194
0.0001510205971958495,0.00022552409181246863,0.00043292571196143536,0.000873905855773316,0.001405498357902706,0.002523050777151993,0.0037372563786066256,0.005948197921553864,0.008910215234555121,0.01304616598975879,0.018047968168885323,0.024743214644567985,0.033174191184021616,0.04465377017886879,0.05884567909935342,0.0794811335001943,0.10696285497391374,0.14162912965823032,0.1833833043709388,0.2718249933047535
0.00011324615298979442,0.00017850664793306572,0.00031862476942891294,0.0006257329809266604,0.0011554946457602755,0.001984686816804193,0.003120987199345859,0.004896456547067213,0.007587492250316225,0.0109484077398947,0.015420671069830649,0.021486058246911157,0.029342270182287914,0.03977435224160202,0.053991543007625875,0.07474629982590801,0.1027257773196747,0.14244062734529908,0.1932094535585205,0.2959333114518733
0.00009234377741455894,0.00010711878180088834,0.00025117507456760027,0.000496809522490327,0.0009456002807250836,0.0015975473492718698,0.002517291372320876,0.004179479365782936,0.006264601859803677,0.009409830918543553,0.013631788421937187,0.018827049339280276,0.025821167040658972,0.03681561717963635,0.049627392858132245,0.07000027703133223,0.09882815746460921,0.14289091429574022,0.20104348468478445,0.3166523533811675
0.00008628034641559087,0.00011144544745347155,0.00021749837325596866,0.0004349967465119374,0.0007190028867965905,0.0012834201529319138,0.00221632639855049,0.003647142143275705,0.00551475214172985,0.008119340099150496,0.012108008613654584,0.016909150390238815,0.023824160654005028,0.033036385141086345,0.046433206429323824,0.06550475800160338,0.09594734022857106,0.14195273994025082,0.2069595884427475,0.3349744574224465
0.00005112591607945321,0.00009519998166518871,0.00020802958956467153,0.0003314369732047309,0.0006558220959157446,0.0010877479386559525,0.0018616885303414685,0.0031098660677294993,0.004795258335728022,0.007460857822353309,0.01094623492887328,0.01573444141410758,0.022308529036875892,0.03044812746924952,0.04308680651661505,0.0616543288665737,0.09252204144019938,0.1427805799089253,0.212440522048492,0.3484213551188501
0.000052162301261632184,0.00006085601813857086,0.0001425769567817946,0.0002747214533112628,0.0005094518089886078,0.000970218803466359,0.0016274637993629244,0.0030793145178116873,0.004482480421749592,0.00688368502316006,0.01043941522582799,0.014433308759093629,0.020567595387461578,0.02928565467165569,0.040752667232337864,0.05838526380214493,0.09009820422584192,0.14240655993100668,0.21701082193876842,0.3585375777218287
0.00003103769355450564,0.00005000517294892576,0.0001275994068351898,0.00020864227333862112,0.0004241818119115768,0.0009087146946235812,0.0015725764734282853,0.0024968100148291188,0.004236645170190019,0.006447218677794252,0.009235438148774009,0.01331344621857434,0.019195089147153153,0.02732524054212505,0.03896782425768184,0.05774907749077492,0.08831258406042006,0.14180260026899338,0.21911232196434113,0.3684829465117081
0.000037666975992439206,0.00005136405817150801,0.00009587957525348159,0.0001558043097869077,0.00039892751846537896,0.0008646283125537185,0.0013988145175374013,0.002431232086784712,0.0038608650392250184,0.0058109871144699414,0.0088739971167642,0.012517420976396501,0.01837121147267603,0.026168275503110947,0.0374683683008427,0.05522149894018825,0.08753976434170115,0.14232980519324873,0.22245088739971164,0.37395260124711927
0.00002896659129673206,0.00003237442556693583,0.00009201152529550178,0.0001874308848612074,0.0003510069298309884,0.0007633548765256443,0.0013409827853251843,0.002005510468014919,0.003593561237929876,0.005469574003677052,0.008146427822922115,0.01244370683764907,0.017627022762629015,0.025345767384640547,0.036240613546481996,0.053942608663055495,0.08662714714857983,0.14215269483014503,0.22304104906770175,0.3805681882078712
0.000022074417957029594,0.00004245080376351845,0.00006792128602162953,0.00019017960086056268,0.00034130446225868837,0.0007063813746249471,0.0012378654377441984,0.0020495248057026713,0.003363801690221203,0.005206166573557903,0.007936602271627412,0.011733402160236503,0.01711446604530011,0.02468768943671179,0.03507794816587056,0.05336575442719431,0.08525819427865043,0.1420607657785392,0.22588921698643444,0.3836482899967228
0.000027127885940803564,0.000033909857426004454,0.0000847746435650111,0.00015089886554571982,0.00032383913841834246,0.0006578512340644865,0.0011783675455536548,0.001865042158430245,0.003131575333291511,0.005184817200436082,0.007729752000257715,0.011549697439297117,0.01669721379656459,0.023850498220580222,0.03438120444422591,0.052534846617237375,0.0847949894794667,0.14164316996129186,0.2271892627827446,0.386991161395662
0.000018599806562011755,0.00003043604710147378,0.00008116279227059672,0.00016232558454119345,0.00028576066445272594,0.000547848847826528,0.0011109157192037927,0.001804181236515141,0.003004714205517717,0.004927257847427479,0.007341850917477729,0.011195392658825428,0.016379666015109803,0.023403629329527692,0.03406808205558298,0.051497791695693636,0.08386990957112225,0.14117591358868048,0.22911410812236646,0.38998045329419473
0.000026980494788548802,0.000026980494788548802,0.0000623923941985191,0.00012815735024560693,0.00026137354326406673,0.0005278059293009863,0.0010707883869205306,0.0017705949704985152,0.002957736741194664,0.004640645103630394,0.007277988469211039,0.010817492129283785,0.015876334902136687,0.023032911144799252,0.03345918609964908,0.050841369867171665,0.08439836026042923,0.14160712689769844,0.22923302884720773,0.39198274597358274
0.00001684846156697432,0.000028642384663856345,0.00005223023085762039,0.00012130892328221511,0.0002982177697354455,0.0006233930779780499,0.001002483463234972,0.0017455006183385393,0.0026890144660891005,0.0044665271614048934,0.007037602396525174,0.01056903994096299,0.015760050949747778,0.02265275657679697,0.03373567459555269,0.05129682608681001,0.08352793306443186,0.14100645970016482,0.22932104069577405,0.39404844943608214
0.000015135615111398127,0.00003531643525992896,0.000048770315358949514,0.00011267624582929711,0.00029094015714131965,0.0005600177591217308,0.0010174496824884296,0.001725460122699386,0.0027496367452373273,0.004385964912280702,0.006753847809708318,0.010414984931654287,0.01551736895920784,0.022166949198148742,0.03328658109998923,0.051037294155634474,0.08344600957916262,0.1405762296846411,0.22982254332149404,0.3960368232698311
0.000011753466013173956,0.00002182786545303735,0.000060446396639180366,0.00012089279327836076,0.000270329718303001,0.0005070781051397905,0.000997365544546476,0.001613582976951453,0.0025924787891915134,0.004078452706571363,0.006793503355614544,0.010087831972449874,0.015151896757554538,0.02251124554837474,0.032563817122785096,0.051125898090733396,0.08349830162416108,0.1411171501538865,0.22942429844400902,0.3974518485683438
0.000015106221917113838,0.000025177036528523065,0.00007553110958556915,0.00013092058994831988,0.0002467349579795261,0.0005018622614685599,0.0008593761801735874,0.001611330337825476,0.0025949132315397777,0.004165960310919617,0.006488961547951342,0.010062422265899717,0.01486955777374572,0.02172610405501351,0.03311283844231354,0.05087439847863561,0.08339977273528362,0.14241810329634547,0.22972367363175394,0.39709725553517133
0.000016771713498881328,0.000028511912948098262,0.00005534665454630839,0.0001257878512416099,0.0002867963008308706,0.0005065057476662162,0.0008553573884429477,0.0015832497542943975,0.0025040168253829824,0.003845753905293488,0.006343062045276915,0.009766168770398598,0.015173369202437935,0.021451021565069218,0.03263775446882306,0.05121410434018402,0.0836388580475713,0.14260987988098792,0.2302823350250402,0.3970753486000649
0.000010039824637729662,0.000023426257488035877,0.00006525886014524281,0.00011211137512131461,0.00025099561594324157,0.0004517921086978348,0.0008215923161875444,0.0014524279642582235,0.002499916334794685,0.003955690907265486,0.006323416217663397,0.009812255279274453,0.01460961815200294,0.021637495398413715,0.03240688062648506,0.05125832468792878,0.08425588166393357,0.1427244737458586,0.2311050500317927,0.3962233526321073
0.000008366926543405106,0.00001506046777812919,0.000056895100495154716,0.0001271772834597576,0.00024933441099347226,0.0004668745011220048,0.0007513500035977786,0.0014324178242309542,0.0024849771833913153,0.003991023961204234,0.006378944796692053,0.009792650826401333,0.014427928131447757,0.021422678721734426,0.032624319978045185,0.050762143338838765,0.08452603871209571,0.14444829323065445,0.2310844708169969,0.39494905378427714
0.000020079985274677467,0.00002007998527467747,0.000055219959505363015,0.00012047991164806477,0.00022422650223389833,0.00044175967604290434,0.0007864660899248676,0.001407272301333646,0.002409598232961296,0.003942370442261675,0.006340255350479409,0.009486119710178879,0.014124596308629375,0.021559210856578706,0.03276384263984873,0.05108348253877946,0.08411505831562392,0.14400863439366812,0.23067050417496357,0.39642074262478866
0.00002673256243306417,0.00002506177728099766,0.000046781984257862304,0.00011695496064465579,0.00018044479642318314,0.0004210378583207606,0.0008120015839043241,0.0014452291565375315,0.002307354295003851,0.003956419240093498,0.0062236746914477534,0.009536841647995642,0.014360398382011657,0.021118724322120693,0.03247003864526057,0.05133320301209146,0.08513652820870113,0.14355386026555458,0.2313870357096911,0.39554167690022585
0.00001669911862051921,0.000025048677930778817,0.00003840797282719418,0.00009351506427490754,0.00027553545723856687,0.00042081778923708403,0.0007714992802679876,0.001289171957504083,0.002327857135700378,0.003717223804927577,0.006060110147386423,0.009578614440729822,0.014311144657784962,0.021446678044332822,0.03285551588587155,0.05120116760237394,0.08366425420066333,0.14439393888790553,0.2312694335992946,0.39624336627512796
0.000011687880169173715,0.000026715154672397067,0.00004341212634264524,0.00010018183002148906,0.00023542730055049917,0.0004775333897690976,0.0008081334288400114,0.0013090425789474567,0.002335906336667718,0.003915439856673195,0.006045973441796861,0.009478870817199886,0.014068868329351104,0.021450599504767815,0.03250065535613805,0.05145839699053785,0.08361175533593469,0.14360564424430342,0.23210961227962087,0.3964061438176958
0.00001333322222314814,0.000016666527778935175,0.00005499954167048605,0.00010833243056307859,0.0002616644861292823,0.00043666302780810185,0.0007349938750510412,0.0013083224306464111,0.002404979958500346,0.003841634653044558,0.005849951250406247,0.009403254972875226,0.014074882709310755,0.021134823876467698,0.0327513937383855,0.05127790601744988,0.0836859692835893,0.14408546595445043,0.23221973150223743,0.39633503054141217
0.000013340559469712761,0.000021678409138283235,0.000045024388210280574,0.00010505690582398803,0.00021845166131654643,0.00043690332263309276,0.0007920957185141952,0.0013207153875015633,0.002369616875807729,0.0037687080501938534,0.00581148121899362,0.009134948096885816,0.014222703964647513,0.02123316796598158,0.03278776003668653,0.0511893942552216,0.08395714345270355,0.14412139909117433,0.23232917830491517,0.3961212323341811
0.000013346546414283473,0.00002001981962142521,0.00004170795754463584,0.00008007927848570085,0.00022021801583567728,0.00041874789374814404,0.0008408324240998587,0.0014264121480265458,0.0023489921689138905,0.003768731043733297,0.0059108517432257925,0.009249156665098445,0.013887081544061958,0.021462914952469613,0.032475484062555265,0.05075024274031293,0.08405154436225198,0.14454810262159537,0.23186788253704516,0.39661765147496014
0.000014994851767559807,0.000014994851767559803,0.00003832017673931951,0.00009163520524619878,0.00022658887115423683,0.00046983868871687393,0.0007930610490398297,0.0013795263626155024,0.0024574895952389673,0.00384867862034035,0.0057813484037147235,0.009270150581633644,0.014071835336534453,0.021437639743688,0.03205566088976118,0.05041102554789523,0.08518908508078891,0.14358403614758936,0.23143887265372226,0.39742521734204594
0.000013323207695484764,0.00001165780673354917,0.000056623632705810246,0.0000882662509825866,0.00026146795102388864,0.00043800045298906176,0.0007943962588432792,0.0014222524214929984,0.0023532115592149964,0.003780460183593803,0.005862211386013298,0.009236313734894808,0.014299132659179023,0.021280493491613036,0.032213850806720214,0.051297680429540235,0.08473227014135924,0.14463174653929675,0.231902087746646,0.3953245533394621
0.000009984856301276398,0.00002329799803631159,0.000049924281506382,0.00012148241833219622,0.00017972741342297524,0.00041104325106921196,0.0007954602186683535,0.0014611173054201124,0.0023947013695894553,0.0037526418265630447,0.005965951640012648,0.009174418798156128,0.013963821537335044,0.02124444592368241,0.03244579055099766,0.05122064868283104,0.08472316985904708,0.1438484964470553,0.23290176565542256,0.3953121099665508
0.000014983443295158848,0.000008324135163977138,0.00005327446504945367,0.0001098785841644982,0.0001897902817386787,0.0004261957203956298,0.0008007818027746013,0.001498344329515884,0.0023290930188808027,0.0036043505260020983,0.005790268420062496,0.009224806588719468,0.01401118430800632,0.021211561224846538,0.03280375185420109,0.05081718034904764,0.08443669744931853,0.14449200300334794,0.23296424118016257,0.3952132893153066
0.000014972699777405864,0.00002495449962900977,0.00004990899925801954,0.00007819076550423064,0.00019464509710627635,0.0004874445594199909,0.0008185075878315209,0.0013608520464353329,0.002249232233228081,0.003691602311784846,0.005792771180547468,0.00901522889930693,0.014184137589129158,0.020931834288813397,0.03297820307639072,0.05120996050534526,0.08414823638232953,0.14461132535011154,0.2319786921845835,0.39617929974346766
0.000008316423272678886,0.000014969561890821992,0.00006320481687235952,0.00009314394065400355,0.00023119656698047307,0.0003975250324340509,0.000844948604504175,0.001285719037956156,0.0021755763281327955,0.0035594291607065637,0.005853098699311401,0.009212933701473669,0.014003193506536706,0.021173613652240447,0.0326220019294102,0.05125245334486543,0.08436346096270916,0.1437543661222182,0.23243238747879316,0.39665846112903774
0.000011633491825810064,0.00002659083845899444,0.00004321011249586597,0.00010470142643229061,0.00021106478026826844,0.0004321011249586593,0.0007761200975218996,0.001361118543619778,0.0021206193671048064,0.0035748058453310637,0.005934742758566819,0.009035899293847046,0.014161283406818225,0.021492045184482243,0.032354402694981466,0.05110094380857254,0.0848563513048623,0.14417718805207153,0.23176907186340284,0.3964561060043777
0.000006651766709237974,0.000024944125159642403,0.00005820295870583226,0.00012305768412090246,0.0002311488931460195,0.0004273760110685399,0.0007566384631758199,0.0012605097914005965,0.002180116538952745,0.0035470545977011503,0.005838588229033629,0.009339080459770117,0.014000305981268625,0.021493521179225202,0.032728355151128145,0.050877700617283944,0.08511933269476378,0.14451794646658153,0.23113226372924656,0.3963372046615581
0.000013285968854367511,0.00003155417602912284,0.00006975133648542946,0.00009466252808736858,0.0002158969938834721,0.0004583659254756792,0.0007556394785921522,0.0012455595800969544,0.002253632466922089,0.003756607693572413,0.005699680638523663,0.009328410881872792,0.013779210448085912,0.0213887491094249,0.032341369683744126,0.051172569788703284,0.08437918819408805,0.14467091485520783,0.23290801625538296,0.39543693399696755
0.000008303716743614441,0.000026571893579566214,0.00004650081376424087,0.00010296608762081908,0.0002142358919852526,0.00039525691699604705,0.0007755671438535884,0.0012854153519115152,0.0022652539276580195,0.003683528747467366,0.0059853190287972894,0.009228750788853086,0.014292357259109177,0.021152888032683427,0.032464210980835025,0.05106951871657753,0.08525924203673563,0.14424220280997774,0.232728269173282,0.3947736406815691
0.000028246944760607142,0.000026585359774689075,0.00003655486969019748,0.00009138717422549376,0.00021766763315526682,0.000418719416451353,0.0008058687181702629,0.001252835079382223,0.002307941545440196,0.0037153040285127985,0.005906934624938728,0.009288260071281997,0.014095225435542966,0.021173577475553925,0.03208852924804972,0.051505811393488254,0.08572781576345677,0.14559139963611287,0.23129595320976676,0.39442538237224484
0.000013279132341492807,0.000029878047768358826,0.00003983739702447842,0.00011287262490268888,0.00022408535826269109,0.00041663277721433695,0.0007718495673492695,0.0013876693296859988,0.002315548702047808,0.0038227302228072404,0.005859417145683701,0.009137702942489738,0.013906571344628348,0.021100541290632074,0.032761279378005444,0.051093121575436266,0.08524373017467037,0.14505958180692471,0.2325856628527892,0.39411800832933575
0.000009961151509114455,0.000021582494936414648,0.00005644652521831523,0.00011289305043663042,0.0002091841816914036,0.0004100674037918783,0.0007636882823654414,0.001339774877975894,0.002297705614769067,0.0035992960786266895,0.005719361158149883,0.008978317893548495,0.01364013679981406,0.021559252249560054,0.032460072384367634,0.05130159046385763,0.08541853438257463,0.1450509678918883,0.23276056712155935,0.39429059999335936
0.000011621613544824564,0.00002490345759605264,0.00005146714569850879,0.00011953659646105268,0.00021582996583245607,0.00040177578254964904,0.0008168334091505264,0.0013929333948725447,0.002304399942888071,0.003702314029279826,0.0058390306910211425,0.009018372110783858,0.014025627318096848,0.02107828650929895,0.03206901246169018,0.05186560102004563,0.08533252756812756,0.1454959606591779,0.23167188532455854,0.39456208099932594
0.000009947757692518124,0.000021553475000455935,0.000051396748078010305,0.00011274125384853878,0.00021885066923539888,0.0003929364288544661,0.0007560295846313773,0.0013578689250287241,0.0023659083712038943,0.0037055397404630024,0.00609465954628277,0.008992772954036384,0.013822409313753935,0.020994742610059503,0.03266346238338327,0.05131219213762392,0.08479800249025538,0.14507809818768433,0.23197176163183017,0.395279125791054
0.000016597703209829828,0.000029875865777693682,0.00004481379866654054,0.00009958621925897895,0.00020581151980188987,0.00045643683827032013,0.0008215863088865762,0.0014141243134775004,0.0023253382196971586,0.0037842763318411974,0.006010028332279379,0.009005913761653665,0.01415784083798484,0.021407717600038505,0.032976316737289894,0.05143130293629966,0.08491550939181035,0.14485147545282684,0.23200767477796416,0.39403777305296506
0.000018250233934816803,0.000013272897407139491,0.000048114253100880654,0.00010120584272943865,0.0002521850507356503,0.00039652781003829223,0.0008428289853533576,0.001499837407006762,0.002516873170828826,0.003822594453256173,0.006064055002886856,0.00947850786087349,0.013949815174903608,0.02146725244387224,0.03306942388988804,0.0515735019876164,0.08525679738258463,0.1444157602383812,0.2309865744642728,0.3942266214503294
0.000011614883643754926,0.000024889036379474847,0.00005641514912680967,0.00010453395279379433,0.0001941344837599037,0.00041813581117517736,0.0008628199278217948,0.0014568382627452605,0.00236113991786618,0.003955697515244535,0.006197370058489237,0.0095972124279255,0.014402455718256109,0.02158543161737255,0.03260795619529598,0.051029161654291284,0.08603642095656865,0.1445356120628863,0.23150454224913922,0.3930576181192187
0.000014931960035438523,0.000021568386717855646,0.00003318213341208561,0.00009456908022444399,0.00025384332060245486,0.00042970862768650813,0.0007814392418546154,0.0014284908433902844,0.0024521596591531255,0.003937060129343955,0.006409129068544333,0.009810297743283104,0.014394409474162729,0.02133942999731225,0.03258817322400926,0.051699422962699956,0.08484173781469105,0.14478360271695306,0.23180042937680642,0.3928864142391171
0.000006635413867351441,0.0000464478970714601,0.000054742164405649405,0.00011280203574497447,0.00020072126948738106,0.0004478904360462223,0.0007415074996765237,0.0013884603517432894,0.0024003609665143857,0.004004472268946593,0.006293690053182839,0.009725857876070373,0.014244574719736705,0.02130797278153232,0.03240902018161129,0.051860735933752025,0.08541104730054777,0.144257215183154,0.23110317073251652,0.3939826749343923
0.000008286555726258604,0.000014915800307265486,0.00006629244581006886,0.00011766909131287224,0.0002303662491899893,0.0004690190541062373,0.0008137397723185949,0.001456776496676262,0.0025108263850563573,0.004017322216090172,0.006115478125978847,0.009738360289499114,0.014358943762460906,0.02097658716545103,0.03255290551503431,0.051399847858836854,0.08533826549130161,0.14420264274835223,0.23183131224239165,0.39378044273409923
0.000006631530607000576,0.000014920943865751295,0.000049736479552504335,0.00011605178562251004,0.00025034028041427166,0.00046420714249004034,0.0008173361473128213,0.0015269099222618824,0.0025017449214909666,0.0038512614000155835,0.00612753428086853,0.00955769348733958,0.014252817157095983,0.021283897483168345,0.032302185586699804,0.0514656511582797,0.08583024276375671,0.1449287856506941,0.23126634050588624,0.39338571137257755
0.000009939649759874627,0.000009939649759874627,0.0000397585990394985,0.0001126493639452457,0.00021204586154399203,0.00046716353871410743,0.0008150512803097196,0.0013898943580891354,0.002375576292610037,0.003795289599978794,0.006016801321310775,0.009498991953853519,0.014578152981149456,0.021723104550205995,0.03252087740601647,0.05129024936924638,0.08524077973239148,0.14497310496435806,0.2319732027042474,0.39295742682347
0.000006632080367549894,0.000021554261194537157,0.00005968872330794905,0.00010777130597268571,0.00020393647130215916,0.0004725357261879298,0.0008406161865869493,0.0013645505356233909,0.002286409706712826,0.0038548967136383754,0.006131358299799878,0.009616516532947348,0.014157833564627135,0.021917367594660512,0.03284372000019896,0.051685460324408204,0.08534161016963204,0.14449147694771766,0.23214270910534893,0.3924533557497651
0.000013251812599492124,0.000019877718899238187,0.00004969429724809548,0.00012257926654530207,0.00020871604844200086,0.00042571447975868455,0.0008166429514437022,0.0013500284085732602,0.002295876532862011,0.003950696631223589,0.006127306850690172,0.009342527882641949,0.014310301130876562,0.021457997551727618,0.0329705097475364,0.05159593235612259,0.08578892181596216,0.14523324018413392,0.2318123013263408,0.3921078830063725
0.000023212974062817625,0.00002818718279056426,0.00006466471346070623,0.00011938100946591917,0.00022715553190042953,0.00043109808973804164,0.0007511055178897416,0.0013811719567376484,0.0023047167105226074,0.003787030911391105,0.006080141134882301,0.009366435034346912,0.014649044703213836,0.02218497092574999,0.03296739737792877,0.052088255727386845,0.08571722286610589,0.14505290070981958,0.23140184808434924,0.391374058838257
0.000011610029074829955,0.0000281957848960156,0.00007297732561321685,0.00012936889540524806,0.0002122976745111763,0.0004660597385753167,0.0007612861921924217,0.0014728151169212864,0.002467960466192425,0.0037583322690806684,0.006214682706198264,0.009556712504167177,0.014748054076198282,0.022312817306241045,0.033065362805115704,0.05144901455731788,0.0853685437872247,0.1447190124177554,0.231513931205602,0.39167096514171706
0.000011592206063054978,0.00001821632381337211,0.000049680883127378496,0.00011592206063054985,0.00024178029788657528,0.00042394353602029627,0.0007766778062246833,0.0014390895812563963,0.002366466066300795,0.0037078499107400125,0.0062432309796738965,0.009648027503336895,0.014751910229956252,0.02215436181593564,0.03314542919314934,0.05158531698059464,0.08520105853401652,0.14495060064187704,0.23108400374925067,0.3920848417001461
0.000024834971613627444,0.000023179306839385615,0.000046358613678771224,0.00012251919329389545,0.0002798073468468692,0.0004602748072392286,0.0007748511143451765,0.0013808244217176863,0.0024586621897491174,0.0038593545887577073,0.006230266545472006,0.009634313321313205,0.014624486950878077,0.021949147912123938,0.03324905999632443,0.05181899610422079,0.0858180722432768,0.1453226642295281,0.2313344492513911,0.3905878768913901
0.000024835547284398476,0.0000314583598935714,0.00007616234500548868,0.00010265359544218039,0.00024007695708251872,0.0004404170385099996,0.0007467221216842476,0.0014007248668400744,0.0024719648063737947,0.004001834519092742,0.006170805648596875,0.009434196561766835,0.014371503361905257,0.021820511844072493,0.032776299602796814,0.05219604187604413,0.08657671783341306,0.1457101559175659,0.23183321108725058,0.389573706109379
0.000023179920890241422,0.000024835629525258662,0.00006457263676567254,0.00013411239943639675,0.00025166771252262105,0.0004056486155792245,0.0008477228211288284,0.0014818592283404332,0.0023610405135345903,0.0038975381268305928,0.005937371165171838,0.009326606741052136,0.01397583658818056,0.021903369532643116,0.03354631265408439,0.05199090684817649,0.08640481082700983,0.14549539630214034,0.23194325555366066,0.38998395618332665
0.00001657550140891762,0.00001823305154980938,0.000048068954085861085,0.00013426156141223264,0.0002254268191612795,0.00044753853804077565,0.0008238024200232053,0.0014470412729985082,0.002396817503729488,0.003812365324051053,0.0060732637162274165,0.009476214155478202,0.014506878833084703,0.02160285098624234,0.033038289408254595,0.05260401127134097,0.08582794629537543,0.14517321398972316,0.23232388529753026,0.39000331510028186
0.000008280490006276611,0.000038090254028872423,0.000048026842036404365,0.00010930246808285124,0.00023847811218076641,0.00048689281236906487,0.0008032075306088311,0.001477239417119747,0.0024129347878290046,0.003760998560850837,0.006266674836750139,0.009994551437575874,0.01435008918087737,0.02133385445217107,0.0330904941630826,0.05273844084997573,0.08652449617358556,0.14567369238642072,0.2309991736070974,0.38964508163735095
0.000009930568773326492,0.000014895853159989739,0.00005958341263995892,0.00012247701487102673,0.0002284030817865094,0.0004783223959152263,0.0007828598382972385,0.0014151060501990255,0.0023700957472339228,0.003818303693344035,0.006213225862511275,0.009960360479646472,0.014434081712030056,0.021327551535514203,0.03316975479770603,0.05234733819379505,0.08586135270897642,0.14489196368722024,0.23151134981256052,0.3909830435538196
0.000008282794482333627,0.000016565588964667253,0.00005632300247986864,0.00010601976937387047,0.00022860512771240822,0.0004588668143212827,0.0008100573003722286,0.0014362365632366511,0.0023456873973968836,0.003909478995661473,0.0062733885409194876,0.00968093019095154,0.014801353739930197,0.021548518125239162,0.03307982460354403,0.05203085837912336,0.08605657811254995,0.14440886524059032,0.23086467404718866,0.3918788856659618
0.00000827955760667796,0.000023182761298698282,0.0000629246378107525,0.00011591380649349152,0.0002417630821149963,0.00044709611076060985,0.0007799343265490635,0.001288299163599091,0.002351394360296541,0.004066918696400214,0.006315646542373948,0.009754974772187975,0.014540559068847832,0.021884526665971172,0.03311326269214783,0.05266295411303582,0.08547815273134325,0.1435344106693691,0.23170838735744673,0.3916214188843461
0.00002485427112364503,0.00003313902816486004,0.00005633634788026205,0.00010770184153579513,0.00021540368307159025,0.00037612796967116137,0.0007356864252598926,0.0012725386815306255,0.0024655436954655868,0.003993252893865635,0.006329554379488267,0.00991685417833436,0.014750181436179205,0.02196289091626099,0.03298658863530169,0.051594152949870596,0.08590961661458317,0.14498490517267093,0.2308282437309243,0.39145642714881745
0.000029808529876427085,0.00002649647100126852,0.000049680883127378476,0.00011261000175539128,0.00022522000351078247,0.00044215985983366837,0.000768397659036787,0.001324823550063426,0.0022207354757938173,0.003952942267501748,0.006523099954624792,0.009861655300784622,0.014680700964140344,0.02198213475442739,0.032936769484014354,0.05183206536679396,0.08552729633321964,0.1453894484428355,0.2322995293564339,0.38981442534122485
0.000014903623236404585,0.00001821553951116116,0.000043054911571835456,0.00011591706961648004,0.00022521030668344691,0.0004537325296416504,0.0006888785851493671,0.0013214545936278733,0.0024855931642048085,0.0038782539577399485,0.00641683778234086,0.009659203815327548,0.014668477180896861,0.021832152083195333,0.03284592965489832,0.05139928462608465,0.08591607604159765,0.1457243160892893,0.23206100549778103,0.3902315029476055
0.000009929599142082634,0.000014894398713123952,0.00006619732761388424,0.00010591572418221481,0.00020686664879338823,0.00043028262949024735,0.0007695439335114038,0.0014066932117950395,0.002340075531150806,0.004071135648253881,0.006240753060798935,0.009734317025621678,0.014265524100792053,0.021773955985396862,0.03277760676801478,0.05209564189893655,0.08611941335928268,0.14506813359944665,0.23222022526950586,0.3902828942795578
0.000023164886003941343,0.000019855616574806865,0.00004136586786418096,0.00011582443001970665,0.00019524689631893422,0.0003789113496358977,0.0008256627225690522,0.0014362229322443633,0.0024207305874118703,0.0038917008486621446,0.006168478215906665,0.009514149608761624,0.014479708387177905,0.021665786952543415,0.033302832900094816,0.052481703876643665,0.0866565292713154,0.14541095335088344,0.2311541242597578,0.3898170470396104
0.000018214031427483316,0.000019869852466345434,0.00005464209428244993,0.00009438179921514086,0.00023181494544069687,0.0004139552597155298,0.0008361896246253707,0.0014521550510820788,0.0022618515390856555,0.003922640041064362,0.00614971933833391,0.00961038530955574,0.014862649644826389,0.02207209444803206,0.03308661599854288,0.05242494991141357,0.08680145049923005,0.14500687165731133,0.2307999271438743,0.38987962181047464
0.000016548126917514206,0.00002151256499276847,0.000041370317293785516,0.0001092176376555937,0.0002780085322142386,0.0004269416744718663,0.0008422996601014731,0.0014661640448917592,0.002404442841114814,0.0040410525932569686,0.006129426210247263,0.009612806926384,0.014656676010842326,0.021845182343810502,0.03295559475622954,0.05249562302043032,0.08615120354527073,0.14465545144945044,0.23016955210839687,0.39168092563602724
0.000009933429466856285,0.00002483357366714071,0.00004801157575647204,0.000139068012535988,0.00025164687982702586,0.0005248161901655738,0.0008509637909940217,0.0013526019790702636,0.0024734239372472154,0.003864104062607094,0.006183559843118036,0.00964370444073964,0.014608763602589975,0.021985990553308576,0.03370247060946557,0.0519882586863702,0.08572549629896971,0.14523832780648355,0.2308065448055613,0.3905774799220557
0.000011591745352538095,0.00002318349070507619,0.00004636698141015238,0.00012419727163433665,0.00024342665240329988,0.00043055054166570055,0.0008279818108955784,0.001492023223233832,0.0025137527778789745,0.004028959491817883,0.006345652598703712,0.009685731223856473,0.014163456857179754,0.02186037577126505,0.03318219905345119,0.05202872103305635,0.08508009896038603,0.1445937755639384,0.2308198013506039,0.3924981536005617
0.000013243564041737089,0.000029798019093908453,0.000043041583135645555,0.00013078019491215376,0.0002450059347721362,0.0004751128599973183,0.0008211009705876996,0.0014452039260545607,0.002421916774132671,0.003886986046249835,0.006399952323169448,0.009661179968447214,0.014422241241451693,0.02171282324642797,0.03354925860873048,0.052202818561517164,0.08532662767540686,0.1444227213206482,0.230411527198142,0.3923786599830814
0.000019867385203764866,0.00002648984693835315,0.00005960215561129463,0.00014403854272729532,0.000230130545276943,0.0004701947831557686,0.0008145627933543599,0.0014370741964056582,0.002364218839248019,0.003913874885141679,0.006273126878088758,0.009544622974975372,0.014489946275279176,0.02175478679812253,0.0334235643744671,0.05156248706550445,0.08528737344889525,0.14339616393904023,0.23129775415766415,0.39349012011489987
0.00002150142819101869,0.000028117252249793677,0.000043002856382037386,0.0001306625251608058,0.00022493801799834922,0.00044491416795261723,0.000783975150964835,0.0013992467884309076,0.002343655672821038,0.003941377183015196,0.006180833626910527,0.009718645542340447,0.014303411615071506,0.02147992676282767,0.03266563129020147,0.051752283699767275,0.0859643638637074,0.14458552689249782,0.23145460469624268,0.39253338096726653
0.000016549359291555028,0.000018204295220710532,0.00006454250123706458,0.0001323948743324402,0.00023169103008177048,0.0004021494307847871,0.0008291229005069072,0.001315674063678625,0.002371523186479835,0.004038043667139427,0.006176220887608337,0.009747572622725909,0.014348294505778207,0.02145789925743026,0.032499631776755744,0.05152477521832741,0.0857604347847673,0.14573696779329187,0.2312061338545278,0.39212217399003385
0.000014890332699666953,0.000009926888466444636,0.00003805307245470444,0.00013732195711915093,0.0002514811744832643,0.0004152748341796009,0.0008272407055370532,0.001302076870515321,0.0024635228210893433,0.003906230611545963,0.00614474396072923,0.009629081812451297,0.014481675791131651,0.02157443760040634,0.033079701333015674,0.05105895082715797,0.08621171736824951,0.14465958217726446,0.2320608716800762,0.39173321818142715
0.00001157796019497285,0.0000198479317628106,0.00004134985783918875,0.00010420164175475565,0.0002514071356622676,0.0004399624874089681,0.0007327194809104244,0.001392663212023877,0.0024065617262407847,0.0037843389894425543,0.0061578208294119875,0.009573319086928976,0.014619655737623577,0.021281944832673663,0.03260684389767066,0.05180640988956279,0.08563224759633274,0.1445557950171767,0.2317113713763052,0.3928699613130729
0.000009929845640549517,0.00002482461410137379,0.00006619897093699676,0.00010426337922577,0.00021183670699838976,0.00043029331109047916,0.000842381905173284,0.001555675817019425,0.0023434435711696864,0.0038345753915255375,0.006088650351930281,0.009499552329459041,0.0143916562817031,0.021484876017602312,0.03311107028841236,0.05217637391826746,0.08586172027955824,0.14516937834201363,0.2315193160322322,0.3912739826459398
0.000021520292808414763,0.00002317569994752359,0.00004966221417326484,0.00008773657837276788,0.0002450002565881067,0.0004916559203153221,0.0008707441551712434,0.0014319271753291357,0.0023192254018914687,0.003905105441157725,0.006201155143101669,0.009369604407355967,0.014516265202845319,0.021487184665632587,0.03319256854627112,0.052269480417361215,0.08561269101329129,0.14492427340042144,0.23120740430505188,0.3917736197629126
0.0000033090120944392053,0.000021508578613854832,0.0000512896874638077,0.0001174699293525918,0.00022832183451630531,0.00047980675369368493,0.00087357919293195,0.0014410747671282735,0.002308035935871345,0.003767310269519035,0.006336758160851079,0.009554772422693205,0.014265151139127411,0.021958604258698576,0.0330090501480783,0.05214175807812579,0.08640823282209094,0.1447510795651958,0.23076719445409574,0.391515692989858
0.000004966320072706926,0.000018209840266592062,0.00005628496082401181,0.00008773832128448905,0.0002582486437807602,0.00046352320678597964,0.0008492407324328842,0.001380636980212526,0.002363968354608497,0.003719773734457488,0.0061449933699627025,0.009674391501633092,0.014523175332619284,0.022204417045072665,0.03300781864323447,0.052101663882768365,0.08601831909930815,0.14457123275652292,0.23087925386007227,0.39167214341408024
0.000018201102324942624,0.000018201102324942624,0.00004302078731350075,0.00011086125961555962,0.00022006787356521537,0.0004831565344439316,0.000832286769949649,0.0014312685010068522,0.0023628340109107327,0.0038950358975377223,0.006107297152851203,0.009682986436869476,0.01481238800117149,0.021930673655889965,0.033102841192072914,0.052199106822269546,0.08485519368454844,0.14446711309006732,0.23090745732255166,0.3925200088027149
0.00001985748941761293,0.000018202698632811853,0.000057917677468037725,0.00011914493650567765,0.00024325424536575857,0.00042859081326347914,0.0008058831121981245,0.001358583234321685,0.002561616134872068,0.003920199369193751,0.006149202556320805,0.009687145254225512,0.014535682253692664,0.02173402216757735,0.03320172230624883,0.05178502281956493,0.08483450437361204,0.14461382147455096,0.2304263072019804,0.3934993198809875
0.000011579741407831876,0.000033084975450948216,0.00004797321440387491,0.00012076016039596099,0.00021836083797625825,0.00042183343699958977,0.0007626086841443566,0.0014061114566652991,0.002476410412503474,0.003928840834800102,0.006228246628641002,0.009475536969151568,0.014602053915276,0.02178811058322197,0.03308001270463058,0.05185408202427113,0.08517396080092107,0.14472691661262785,0.2305890449029287,0.39305447110358244
0.000008273502123807994,0.00002482050637142398,0.00006122391571617919,0.00013237603398092796,0.00020187345182091506,0.0003905093002437373,0.0008108032081331836,0.0014561363737902071,0.0025167993460623915,0.004217831382717316,0.006112463369069347,0.009526110345352525,0.014516686826433511,0.021716288374571225,0.03299141706889676,0.05188975062009897,0.08474382755374052,0.14494182900656746,0.23193439443755898,0.3918065853767505
0.000014890702245517899,0.000026472359547587378,0.00005625376403862318,0.0001240891853793158,0.000165452247172421,0.0004268667977048464,0.0008636607302400381,0.001464252387475927,0.0025314193817380435,0.003898054943382241,0.005946353763376816,0.009435741656243175,0.014397654548944079,0.021748697890814753,0.03284723463114077,0.05159959232566296,0.08514172639492788,0.1458742827645085,0.23183830682788337,0.39159899669757314
