0.10251020898390585,0.09536392024981985,0.09866682680759066,0.09608455440787891,0.10557290415565695,0.10383137160701415,0.09794619264953161,0.10371126591400433,0.09584434302185925,0.09722555849147249,0.10046841220273842,0.09854672111458085,0.09590439586836415,0.09788613980302666,0.10118904636079747,0.0962046601008888,0.10214989190487629,0.09842661542157097,0.10773480662983427,0.10455200576507324
0.011435591043609356,0.013278239991065942,0.01717013791948183,0.021531073761795753,0.02477525266625719,0.02958847506840137,0.035557540901222845,0.04094030934167178,0.04462002345189569,0.05108604612206153,0.05539114411748284,0.05754648500753812,0.06064548551007872,0.06569322686917192,0.0730694064436875,0.07777653693673571,0.07736333686973033,0.07862527220950362,0.079250656094701,0.08779384666927241
0.0032256846858903735,0.004179663773845186,0.006585200970450668,0.009117706606819919,0.012470359732474068,0.016677476141943853,0.02223320327647206,0.02797766728091939,0.0354447841708103,0.043186427416947185,0.05049569165199667,0.05633967146058316,0.06327832511470055,0.07173716846653008,0.07988373808812983,0.08587870739265162,0.09371986644292768,0.09802306707708358,0.10047664638603213,0.1193880807519277
0.0011134391243617047,0.001514162716676971,0.0026934350026333273,0.0042219092761787,0.006540381488859883,0.009537221497103336,0.01354159510888233,0.01894563898239106,0.02532573103432484,0.03290513155183073,0.040398662728126214,0.04938632044148291,0.057921732957798074,0.06969728194911956,0.0810234480547732,0.09237823727416361,0.10415664857685883,0.11373966705594102,0.12028291085617458,0.15475372672940857
0.0004970758750817894,0.0007557582182365982,0.0013314532368262214,0.002373790913655892,0.003844729727673431,0.006221056742732803,0.009259306224100067,0.012662754307568235,0.017968278443645288,0.02420201569339549,0.03195994988663627,0.041498227265118974,0.050866585849568595,0.06286234548802201,0.07665366492013817,0.09326512911292248,0.1099653568548285,0.12609749788235539,0.14026669642358985,0.18746861574513196
0.0002494278172063624,0.0004157130286772706,0.0008175689563986318,0.0014573051171964308,0.002729848888314076,0.00414096366899081,0.0063049809349386005,0.009339686044282671,0.012986413112512732,0.018067350129679364,0.025342328131531606,0.03391987362323929,0.043596749124115756,0.05603349723204408,0.07108230887016129,0.09033906016522282,0.11145959153885417,0.1337556669769118,0.1585136873514692,0.21945028880507905
0.00019451343852734085,0.0003056639748286784,0.0005899528465224845,0.0009725671926367046,0.0017912336427023255,0.0029454892119854478,0.004625572318386435,0.006912708353817805,0.010234399380977014,0.014252918770333063,0.02017595984900627,0.027930847266338057,0.036910528093298034,0.049750552546416055,0.06543346571647209,0.08430768178456459,0.10988726770606666,0.14015227623473292,0.1735615624345387,0.2490648392378494
0.00011021734861146186,0.00023446235977347328,0.00042082987651649047,0.000757493777729683,0.0013186002797516707,0.0022664694778102424,0.0034227496623341225,0.005414677744512176,0.00811199685780359,0.011901469698244939,0.016690914483361182,0.023107568124341202,0.03226161991447133,0.04457389973026809,0.058934218278445104,0.0788394714376751,0.10669239740768795,0.14392381776863974,0.18618515712986008,0.2748319686421623
0.00006678981436248168,0.00014502931118710307,0.00033013251099169515,0.000591566927210552,0.0010648204689789934,0.0017861504640937953,0.002730749267220323,0.004371870420127015,0.006753404372252077,0.009961223742061551,0.014586895456765996,0.020544546897899363,0.028832208720078162,0.038961361138251105,0.053052103688324394,0.07305469894968246,0.10384480337078651,0.1452621213971666,0.1953468490473864,0.2987126740351734
0.00005880385606286131,0.00013414629664340236,0.00023521542425144543,0.0004685932280009263,0.0007754758518289837,0.0014388568530381382,0.002276811801933912,0.003644001455395437,0.005915300395823455,0.008954724706072602,0.01276043676564091,0.018330264507095052,0.025028391236755352,0.03481555803021784,0.04910857029449706,0.06842563701114701,0.09891176113873669,0.14452333961799546,0.20454553807365922,0.31964857345520425
0.0000643966835707961,0.00009838382212204958,0.00018066847335140024,0.000395324085254054,0.0006153460874542738,0.0011573515075084745,0.0020088187680556676,0.00307673043727137,0.005047984473244073,0.0076220630193100615,0.011392846601733345,0.01640505513966031,0.022952051302691245,0.032615131431842366,0.045303066892055065,0.06485103794932341,0.09542694106809052,0.1448138309765936,0.2100816585723614,0.33589131270850653
0.000047462930572279906,0.00008613642955710055,0.0001388730190818559,0.000300598560291106,0.0005924076889947527,0.0009633217019855326,0.0017684336353967994,0.0027053870426199536,0.004373621157919718,0.006978808680442637,0.010362739841614442,0.014920939062870814,0.021305582168001193,0.030260255069304666,0.04244416513584068,0.06108654953284174,0.09278123983721971,0.14406933103636188,0.21578933490371172,0.34902481256537143
0.000034718545431820594,0.000048605963604548835,0.00011630712719659895,0.0002603890907386543,0.0004947392724034435,0.000940872581202338,0.0015710141807898815,0.002392107780252439,0.004147130251830969,0.006367381232195898,0.009478162902887017,0.013916928936345285,0.019898934314247975,0.02876778674480654,0.040487031755317565,0.05901805537955182,0.09050430423166993,0.14334419445162927,0.21774950916656394,0.360461826091334
0.00003267248924817163,0.000044709722129076955,0.00009457825834997051,0.00022182900594811276,0.0004642932682634917,0.0008150926265070188,0.0014633835973786348,0.0023713348775383524,0.003704028517924299,0.0060220556498472135,0.008998691380825374,0.013067276094571381,0.018587207172815114,0.027109568052496084,0.03829903581764623,0.05701005452866493,0.0889706274321659,0.14388448383485608,0.2206871884291239,0.3681518892437006
0.000020524538796509465,0.00004104907759301894,0.00008722928988516524,0.0001932727403337974,0.00043272569295974093,0.0006807305367508969,0.0012913355659470531,0.00220125678592564,0.003564428237660477,0.005644248169040104,0.00826112686559506,0.012494312992375136,0.01808724981442396,0.025597520635713383,0.03725203791566468,0.05560781711267629,0.08680511608337066,0.14208625095353583,0.22297174797234662,0.37668001901940584
0.00001703568806292302,0.00006984632105798439,0.00008688200912090742,0.00017546758704810715,0.0003815994126094758,0.0006848346601295051,0.0011618339258913492,0.0020510968427759307,0.003376473374071343,0.005131149244552412,0.00809195182988843,0.01185172818537554,0.017401955356275867,0.024614865682117473,0.03595381965679904,0.055084897351461576,0.0864816704514287,0.14213385621538566,0.22507380711853262,0.38017522908741525
0.00001867353400026143,0.00004753263200066544,0.00009676285800135464,0.00017654977600247177,0.0003004741380042067,0.0005873675240082231,0.001147573544016066,0.001923374002026927,0.0032356141640452994,0.005009599894070136,0.00766633450410733,0.011401041304159613,0.016200139542226804,0.02421448081633901,0.035128312642491784,0.05370508378475187,0.08559099188719829,0.14198506456798782,0.226287582609168,0.3852774462753937
0.00002368998607367248,0.00003045855352329319,0.00007445424194582775,0.00014383205830443993,0.00028935625847128517,0.0005905575099794066,0.0011371193315362785,0.0018528953393336677,0.00306277677095337,0.004868292138139694,0.0074488084783075875,0.010636803747078944,0.016093961253335634,0.023585073278203344,0.034639836065296366,0.051992750864261465,0.08484906940658274,0.1425815654681226,0.22762861547260685,0.38847008377794356
0.000015206838346239434,0.00004393086633358059,0.000060827353384957736,0.0001638959243983584,0.00026696449541175894,0.0005389979369389309,0.0010036513308518023,0.0018028551683819413,0.003004195397734856,0.004622878857256786,0.006898835663077291,0.010190271340685559,0.015490699328702567,0.02311439428628394,0.03365949185504841,0.05191614611406142,0.0851802601721076,0.14153004448845036,0.22956750062094586,0.3909289519615977
0.000010109604967185909,0.000026958946579162423,0.00007413710309269662,0.00010446591799425435,0.00025610999250204287,0.0005037953141980977,0.001014330365040986,0.0017000985686484301,0.0027717166951701368,0.004473500197979763,0.006645380331763534,0.010168577662827829,0.015418832509119703,0.02186707554402312,0.03362791598918272,0.05197853393878631,0.08419447510088542,0.14288073193539963,0.22948466288679775,0.39279859139504125
0.000021889575510616448,0.00003199245651551635,0.00006566872653184935,0.00011113169105389888,0.0002559396521241308,0.0005371365067605113,0.0009092592904409904,0.0015895199447709162,0.002670528212295205,0.004078196298977925,0.006546666891175134,0.010139924901917863,0.014583508730573005,0.021999023388169534,0.033001060802505505,0.05101113000724041,0.08406944046877371,0.1443903753220294,0.23082725757295125,0.3931603495596828
0.000018493953317899286,0.000025219027251680842,0.000052119322986807066,0.00011096371990739577,0.00022697124526512775,0.0004993367395832811,0.0008776221483584939,0.001513141635100851,0.0024529707173468244,0.003972837426381457,0.006504827762450215,0.010003547476500072,0.014405108366160102,0.022006123179816702,0.032880567730741495,0.05078103327398456,0.08369186383742809,0.14329283157556708,0.2305708410881842,0.3961135797736677
0.000015114720730343306,0.000021832374388273662,0.000040305921947582135,0.000114200112184816,0.00021328550363928876,0.0004332886609365078,0.0008850508694323249,0.0014946779388895057,0.0024989671607500933,0.00396173624476443,0.006368335667717979,0.009737238977170052,0.014338831732852352,0.021504888772449555,0.03242275538000087,0.05061752031250526,0.08386486767901705,0.14302556403099528,0.23129049485595674,0.3971510430836717
0.000013422886356810521,0.000023490051124418416,0.000050335823838039446,0.00013087314197890264,0.00021644404250356972,0.0004949689344073879,0.0008372525365060564,0.0013976580419028958,0.002488267558393751,0.003976530083205115,0.006146004090624619,0.009318838853215704,0.014088997092267241,0.021718230125319416,0.03229714243528071,0.05118482140010775,0.08356921259670774,0.14295541756082666,0.23205821505812943,0.39703387768730386
0.00001507669009695987,0.000021777441251164257,0.00005025563365653288,0.00014239096202684317,0.0002412270415513578,0.0004539758906973473,0.0008359187064869972,0.001365278047669144,0.002378766659742557,0.003859632664821727,0.006164691061868035,0.009240335841647851,0.013912434583916859,0.02106548644103003,0.03245508821538895,0.05140816285505606,0.08385152475592512,0.14268914545320532,0.23223463350241558,0.3976141975515456
0.000008375069094320028,0.000016750138188640053,0.0000519254283847842,0.00009045074621865634,0.00021942681027118478,0.0004589537863687376,0.000798981591598131,0.0013885864558382606,0.0023148690976700563,0.0036414800422103462,0.00616907589487613,0.009098675064069275,0.013989715415152182,0.021321250900319933,0.03247014287867875,0.050896969900001685,0.08453124738279093,0.14255540108205894,0.23196931374683835,0.3980084085693706
0.0000033484235621869225,0.000021764753154214996,0.00006027162411936459,0.0000937558597412338,0.0002209959551043368,0.00046208245158179545,0.0008588706437009457,0.0013109078245961807,0.0023857517880581823,0.0037217727893707644,0.005878157563419141,0.009169657925048886,0.01399808470172243,0.02156049931692159,0.03246296643540222,0.05088766708633575,0.08385289705606601,0.14348664648683399,0.23196204227049902,0.39760185904476186
0.000016727638910495423,0.000021745930583644054,0.00006021950007778353,0.00010203859735402212,0.0002090954863811929,0.0004332458477818312,0.0007761624454469874,0.0013081013628007425,0.0020792455165745817,0.0036834260880910926,0.005809508993615059,0.009094817275636359,0.014200092671119565,0.02145319690271039,0.03226761545834567,0.050567652426427655,0.08396438351123174,0.14407348117220603,0.23205249802195665,0.3978267451527485
0.000016710727284272866,0.00002339501819798201,0.00004846110912439133,0.00010694865461934635,0.0002105551637818381,0.0004361499821195218,0.0007369430732364335,0.0013736217827672297,0.002125604510559508,0.0036646624934410406,0.005902228876805177,0.009048858824433757,0.01421581570073093,0.021252702960138235,0.03201106918575309,0.05034106594387201,0.08412013007630118,0.14433723584517846,0.23195325006934955,0.3980745900023059
0.00002003027910524743,0.00002837622873243386,0.000055083267539430464,0.00009848220560079992,0.00021699469030684736,0.0004373277604645692,0.0006843678694292879,0.0012852762425867115,0.0022433912597877134,0.003532005882225298,0.0058688717778375,0.00906036291527359,0.014178099226664305,0.020836497839233643,0.03209017631653183,0.05075171968292068,0.08388180132299992,0.14382241154545286,0.23282528755969434,0.3980834361276129
0.000010010895190932799,0.000018353307850043463,0.0000400435807637312,0.00009510350431386157,0.0002269136243278101,0.0004321369757419325,0.0008075455454019128,0.0013364545079895282,0.002152342466050551,0.003587237443417586,0.005888074854800307,0.009146621239448935,0.014083661051110629,0.021176380293886517,0.031856336980079974,0.05098548920742072,0.08454868381755477,0.14464575613125621,0.2319190719232766,0.3970437826501175
0.00002001898467046249,0.000011677741057769785,0.00006672994890154163,0.0001167774105776978,0.00019184860309193208,0.0003653464702359403,0.0007507119251423431,0.0013396037241984475,0.0021787328316353344,0.003523341302001397,0.005930624208624513,0.009083614294222352,0.014126730182456361,0.021260161720031173,0.03227894453239822,0.050991690453113026,0.08445842807595869,0.14397486950124364,0.2317848092607823,0.39754533882965665
0.000015003876001300336,0.000021672265335211595,0.00005334711467129008,0.00012003100801040274,0.00020505297201777148,0.00042010852803640945,0.0006885111987263378,0.001300335920112696,0.0021855646041894156,0.0035359134443064457,0.006033225249856212,0.009190707599463194,0.014302028023906175,0.02128049746184431,0.03238336570280657,0.051171552651101536,0.0841867482432962,0.14406721736448583,0.2324533837908126,0.39638573298102014
0.0000083330000133328,0.00002666560004266496,0.000044998200071997115,0.00010999560017599304,0.00020332520032532024,0.0004116502006586402,0.0007949682012719488,0.0013299468021279151,0.0022415770035865237,0.0036431876058291004,0.005909763609455621,0.009226297614762074,0.01434942602295908,0.02111082223377731,0.03256703065210727,0.05151960588243136,0.08414996733463993,0.1442158980307455,0.23319733877311574,0.3949392024319026
0.000013333466668000012,0.000021666883335500017,0.000046667133338000044,0.00007166738334050007,0.00018333516668500027,0.0004216708833755004,0.0007616742834095009,0.0013950139501395012,0.002186688533552002,0.003751704183708504,0.005870058700587008,0.00928175948426151,0.01398680653473202,0.021405214052140523,0.032831994986616535,0.050487171538382045,0.08456417897512306,0.14413477468108016,0.23245732457324572,0.39612729460627955
0.0000066601729979936226,0.000016650432494984055,0.00004828625423545376,0.00011322294096589152,0.0002064653629378023,0.0004029404663786139,0.0007409442460267904,0.0013953062430796636,0.002191196916339902,0.0037396871383734197,0.005905908405970847,0.009334232456688064,0.014157862750484938,0.021489048178026413,0.03277138123662762,0.05128832721429938,0.08474903635621937,0.14370322269120941,0.23170741860019814,0.3960322019364452
0.000009990741912494421,0.000021646607477071246,0.0000516188332145545,0.00010323766642910901,0.0002197963220748772,0.00039463430554352943,0.0007809429928266472,0.0013271035507096758,0.0023228474946549527,0.003641625427104216,0.005816276916723837,0.009256422381926085,0.014125243940615028,0.021613305004029595,0.032436608742565216,0.05104936092554233,0.08453832781622367,0.14506224232211484,0.23222480501402026,0.3950039629942918
0.00001664040256461884,0.000019968483077542607,0.000044929086924470866,0.00009318625436186555,0.0002213173541094307,0.0004409706679623994,0.0007704506387418526,0.0012580144338851852,0.002244790305967082,0.0037257861342181605,0.005978896641467551,0.009406819569779035,0.014099413093001549,0.02122150539065842,0.032458769242545524,0.051067731430558774,0.08502912902468937,0.14465834757474455,0.23237490161361982,0.3948684326571227
0.000006654787870318149,0.000024955454513693057,0.00005656569689770426,0.00011146769682782905,0.00018467036340132873,0.0003843139995108732,0.0007819375747623827,0.0012993473316796188,0.002221035451718683,0.0036484874499019245,0.005931079689421051,0.009218544897358218,0.014307793921184024,0.021220454821476997,0.03232064098916766,0.051082151692562125,0.08520124910368324,0.14501947357300551,0.2330589897033795,0.3939201858016773
0.00001330490518591942,0.000018294244630639203,0.00003159914981655862,0.00008481877056023632,0.00022452027501239025,0.0004257569659494216,0.0007484009167079677,0.0012889126898859439,0.0022368871843827026,0.003743667696688076,0.0058026017742091075,0.009238593538472796,0.014121493741705222,0.021084948493385797,0.03275002411514066,0.05147834127747048,0.0859014572197405,0.14538602519283797,0.23101639496941526,0.3944039568788023
0.00001330079073200902,0.00003158937798852142,0.00005652836061103833,0.00009643073280706534,0.00020782485518764098,0.00037907253586225707,0.0006883159203814667,0.001301814892895383,0.002349252163041093,0.003744172591060539,0.0060202704050755845,0.009069476680388648,0.014103825972454064,0.0210950541009663,0.03233588486835543,0.05141254397573939,0.08552075920913495,0.14504678553139985,0.23230662312874503,0.39422047390717385
0.000006653315679869063,0.00003991989407921438,0.00003659323623927985,0.00008815643275826504,0.00019793614147610455,0.00039254562511227477,0.0007302013958656298,0.0013922063060126026,0.002245494041955809,0.0038905263438034346,0.00590814432372373,0.009203198914178881,0.013715810274050071,0.021195800427142867,0.03273264981603582,0.05163139300470389,0.08587268215115004,0.14503063851870585,0.2305956048196619,0.39509384501766437
0.000023278744677065613,0.000019953209723199097,0.00005154579178493099,0.00009311497870826241,0.0002078459346166572,0.0004306567765257139,0.0007948028539740975,0.0013933991456700702,0.0024342915862302886,0.0037112970085150325,0.006035845941267726,0.009133581750794387,0.014181743810763762,0.02126180772754557,0.03234249019382881,0.05208619121493432,0.08531992477639933,0.1448170706360252,0.23243992836797714,0.3932212295500385
0.000014952699626847075,0.000026582577114394797,0.000056487976368088934,0.00010466889738792949,0.00023758178295990348,0.0004452581666661129,0.0007808632027353471,0.0014038923538539758,0.0024140302842009776,0.0037730645391744117,0.005886379419768797,0.009167666282326903,0.013980774151102012,0.02151195052982399,0.03264340469647681,0.05136418462928933,0.08516227001917268,0.14469395146685984,0.23226360612595495,0.3940684301991366
0.000019916053833093508,0.00002821440959688247,0.000056428819193764936,0.0001327736922206234,0.00022903461908057533,0.0004530902247028778,0.0008547306436702638,0.0013576110029558748,0.002295325204264027,0.003696087657191605,0.0059482614114839275,0.009050186795988248,0.013934598998554428,0.021479464058991354,0.0329511110668532,0.0513186917144237,0.08511291572687787,0.14488763196460258,0.23252158817251942,0.3936723377629955
0.000016606992207999257,0.000016606992207999257,0.00004483887896159801,0.00008967775792319598,0.00019264110961279132,0.00044340669195358013,0.0007655823407887659,0.0013767196540431384,0.0022137120613262996,0.003847840094593427,0.00580248307747494,0.009515806535183576,0.014258763509788164,0.02159739336650303,0.03294827254067052,0.05179056589986648,0.08543135001561057,0.1446369379363488,0.23138356173483274,0.39362723281010237
0.000011611781645422635,0.00001990591139215309,0.000051423604429728814,0.00009621190506207321,0.00022394150316172207,0.0004147064873365226,0.00070002455062405,0.001322084281628834,0.0023737799335142554,0.0037953937721038563,0.006009926414480889,0.009621190506207326,0.014103338221340467,0.02146023130669038,0.032313929493261846,0.05175536961959804,0.08604661964448043,0.14451359905513275,0.23127185503188258,0.3938948569760266
0.000008300973372137617,0.00002656311479084037,0.00003818447751183304,0.00007304856567481103,0.0002390680331175632,0.00041338847393245306,0.000708903125980552,0.0013314761288908722,0.0023143113761519662,0.003821768140532159,0.006147700879405121,0.009491332953702152,0.014148179015471355,0.021253812222021152,0.0328735147483394,0.05162707379067271,0.08515968582475981,0.14507611162484915,0.23195575913231584,0.39329181739850816
0.00000829985724245543,0.000011619800139437602,0.000029879486072839547,0.00010955811560041167,0.00022741608844327878,0.00042993260515919126,0.0007569469805119352,0.0015288337040602902,0.0023438796852694134,0.003849473789050829,0.00608379535871983,0.009430297798877857,0.013935460310082665,0.021548089372862782,0.032945453338202584,0.051907307194316264,0.08494903887653135,0.14487732810995652,0.23183493243916212,0.39319245708973816
0.000009953203355556625,0.000013270937807408834,0.000039812813422226505,0.00011114410413704894,0.00025048895111484166,0.00043628208041856517,0.0008244570112852732,0.0014730740966223809,0.0024136518137224815,0.003744063328915218,0.006066477445211763,0.00954180428352695,0.014281187947997827,0.021653193900013436,0.03292187896572946,0.051735092174957406,0.08501196872703505,0.1450778921105933,0.23133235238984706,0.39306195371428665
0.000021573791494283775,0.000023233313916920984,0.00005310471752439082,0.00012280465927515388,0.00021573791494283783,0.0004995162492138013,0.0008198040767827834,0.0013857012229020738,0.0024511146182351635,0.0037720944666543863,0.006206613860663177,0.009245199416511914,0.014298445193442231,0.021902376933965944,0.03279548211615661,0.051219500052274956,0.08575748071220066,0.14500575024519446,0.23246258191817554,0.3917418845204726
0.00001326631632536304,0.0000331657908134076,0.00006135671300480407,0.00012271342600960803,0.0002852258009953053,0.0004643210713877064,0.0008175367435504973,0.0013647722919717235,0.0023066807510724995,0.0038190408121638853,0.006117430115533031,0.009327878666270889,0.014307722156904039,0.021735201009566673,0.032963479489445814,0.051664010639585686,0.08515814278204603,0.14496601335586398,0.23159671725002529,0.3928753248174638
0.000024876240702505037,0.000026534656749338706,0.00006136139373284572,0.00013101486769985973,0.00024544557493138305,0.0004693317412539283,0.0007877476222459928,0.0013814605670124458,0.002359926034644311,0.004010050001243813,0.006069802731411231,0.009262253621566045,0.014436511687687089,0.021527898703947855,0.032942776354304,0.05177077373400664,0.08374835194905347,0.1444364287668848,0.23235569707372491,0.3939517566771976
0.000014917629820673516,0.00003315028849038559,0.00006132803370721335,0.0001226560674144266,0.00019724421651779416,0.0004326112647995319,0.0007541690631562718,0.001417174832963984,0.0023719031414870893,0.0038421184360356896,0.005851025918553057,0.00921743771475171,0.014340814800940805,0.02197864126912565,0.03308564542782934,0.051235428376315444,0.08481501310265155,0.14392363499543356,0.23246971306767802,0.3938353723523279
0.000021551688409004624,0.000028182977150236816,0.0000513924877445495,0.00012433666389810366,0.00023209510594312692,0.00048408407810995006,0.0008156485151715598,0.0013295733926170547,0.002248006883277713,0.0036140523639715443,0.005933345601217504,0.009389904857584785,0.014689962384014614,0.021674367250717405,0.032907770378364766,0.05148532578692674,0.0859066878204777,0.14439962798470163,0.23131261387166158,0.3933514699080402
0.000013258423242015944,0.000036460663915543845,0.00007126402492583567,0.00013258423242015944,0.0002535673445035549,0.0003894661827342184,0.0007921907887104523,0.001344072656159366,0.0022937072208687585,0.0036692686322279127,0.005943088218233648,0.009461542286083629,0.01423788925901987,0.021829993867979246,0.03263892341603274,0.05130678334079121,0.08580188601070621,0.14524105470756893,0.2320406370672368,0.3925023616566401
0.000016559170054396876,0.000024838755081595314,0.00005961301219582875,0.00011425827337533848,0.00023182838076155635,0.0003907964132837663,0.0008213348346980845,0.001313142185313672,0.0023100042225883645,0.0037407165152882537,0.005911623709419685,0.009302941736560164,0.01449755338262446,0.02166105034815655,0.03256195199496602,0.05210011674214889,0.08525985477607863,0.14501030808335888,0.23191448844583912,0.39275701901820675
0.00002154243860404998,0.000024856659927749976,0.00004971331985549995,0.00009445530772544987,0.0001971961687601497,0.00045073410002319946,0.0008219268882775992,0.0013737447386736484,0.0021492725284194478,0.0037003281079110457,0.006205879428628243,0.009395817452689487,0.014607430484207734,0.021383355980512376,0.03303781526530344,0.05198521857289629,0.08497829185032973,0.14472044543134588,0.2313740761608061,0.3934278991151029
0.00002155268886372566,0.000034815882010633764,0.0000530527725876324,0.0000961581503150837,0.00022713218264080112,0.00041281688669751444,0.0007609757068038527,0.0014141879692890766,0.0023160851032788276,0.0038562734074635307,0.006014858092122821,0.009509709486333109,0.014367353976388202,0.021864373902678008,0.03236384917759913,0.0523431917542728,0.08597036007911493,0.14464341076274967,0.2313183779777941,0.39241146404099647
0.000009939468636006719,0.0000430710307560291,0.00005466707749803693,0.00009111179583006162,0.00023357751294615786,0.000415801104606281,0.0008150364281525512,0.0013799295622989323,0.002294360676811551,0.0037256441603965183,0.006104490320614127,0.009503788594128423,0.014738575409091964,0.021510666706424545,0.03316635026024843,0.05198010781010315,0.0860592326067582,0.14524214202175417,0.23021134623476372,0.39242016121818124
0.000014912883903198814,0.000028168780706042205,0.00006793647111457237,0.00010770416152310258,0.00019883845204265083,0.00042915965899205486,0.0007539291306617175,0.001378613267495712,0.0022551594435837314,0.00388894872453418,0.006137480219716489,0.009857416260014412,0.01444229956669787,0.02164190851774218,0.03368157678892468,0.05193163271223933,0.08627269036710551,0.14500459813920347,0.23021350278788083,0.3916935236659183
0.000018219763474343258,0.000016563421340312053,0.00004969026402093618,0.0001523834763308709,0.000225262530228244,0.00043064895484811345,0.0008116076456752906,0.0013598568920396201,0.002338755093252062,0.0038924040149733333,0.006216252029019112,0.009790638354258455,0.014574154437340576,0.021752741246231815,0.0333968264484712,0.05212011793155994,0.08601219067810646,0.14447775532513998,0.23012223804949156,0.39224169344419796
0.000013254030053513149,0.000021537798836958863,0.00006129988899749831,0.00012094302423830748,0.0002601103398001955,0.00044898026806275757,0.0008333471396146386,0.0013900164018621904,0.0024006361934425686,0.0037823688265213136,0.006332112858065906,0.009529647608475949,0.014778243509667159,0.021728325518978114,0.032676154343179976,0.05137924750244373,0.08583972564157787,0.1455557580476814,0.23005019963882775,0.39279809141967226
0.000016569239538182157,0.00003479540303018253,0.00004308002279927362,0.00011267082885963867,0.0002501955170265505,0.0004622817831152823,0.0007986373457403795,0.0013752468816691187,0.002362773558144774,0.003746305059582983,0.006059370899113212,0.009389788046287824,0.014710170861998119,0.021781922296894258,0.03251050489786721,0.051677801195636315,0.0859115070054745,0.14553591548362296,0.230794594451293,0.3924258692223061
0.000019871135685082243,0.000024838919606352807,0.00004139819934392135,0.0001308183099267914,0.00023348584429971623,0.0004090142095179427,0.0008577706904060501,0.0014456251210897332,0.0022570298282305907,0.0038218817634308178,0.005943125497813349,0.009423886098650254,0.014423132651422192,0.021613171913474456,0.0331251831870321,0.05221140901255359,0.08536474297513953,0.14508909720462795,0.23231179136632274,0.3912527260714267
0.00001656668671235759,0.000026506698739772135,0.000039760048109658203,0.00014081683705503947,0.00022530693928806314,0.00046386722794601273,0.0007819476128232783,0.0013336182803447862,0.0022580393988943397,0.003775547901746293,0.005970633891133672,0.009350237980454623,0.014442837475833348,0.021801759713462585,0.03330401029785246,0.05276324051018768,0.08563320361617635,0.14490383866697812,0.23119473974563506,0.3915735204706264
0.000019884668920262478,0.000023198780406972894,0.00004308344932723535,0.0001541061841320341,0.00023530191555643922,0.00043911977198912944,0.0006893351892357654,0.0013587857095512684,0.002445814277192283,0.0037913435407967095,0.005807980380459999,0.009400477232054087,0.014265592894544977,0.02186153642208524,0.033064890302909815,0.05167859746801885,0.08616855571021406,0.1461191754490621,0.2308262079936369,0.3916070126599059
0.000013250100617951566,0.000021531413504171297,0.0000579691902035381,0.00012090716813880808,0.000241814336277616,0.00040247180627027884,0.0007701620984184349,0.00140616692808011,0.0023071737701008165,0.0037050593852947073,0.006012233155395523,0.009366164874314516,0.014215701700484787,0.021432037749536663,0.033358784568270315,0.051927144321752196,0.08599646553566016,0.14561694952871043,0.2318701357638434,0.39115787660512535
0.00001821451398709088,0.000011591054355421468,0.00004967594723752057,0.0001142546786462973,0.00021029484330550364,0.00043218074096642873,0.0007749447769053204,0.0012634249247409392,0.002381133737585152,0.0038068334233019945,0.005896534937093694,0.009026119613057484,0.014311640399129683,0.021537834857280995,0.03307093394092537,0.052148153545041195,0.0861993595114536,0.14532367191355056,0.23271359829379676,0.39070960434763885
0.000004969108707534825,0.0000132509565534262,0.0000397528696602786,0.00010435128285823136,0.00018882613088632328,0.00038759047918771625,0.0007486790452685801,0.0013863813294022168,0.0023056664402961594,0.003910688552829908,0.006133536514667155,0.009439650174746992,0.014112268729398917,0.021652063008298413,0.033081013035628506,0.05177479999337449,0.08618256505391486,0.1457654911963957,0.2319579944677256,0.39081046163019884
0.000009939880290708367,0.0000215364072965348,0.00004307281459306959,0.00010271209633731981,0.00017726119851763257,0.00041747497220975116,0.0007222979677914743,0.0014810421633155465,0.0024071076770665434,0.0038666134330855553,0.006109713085355408,0.009268938371085554,0.014422766301817838,0.02183460370525605,0.0330119990921576,0.05187457859049184,0.0858673125379993,0.1453641226647494,0.23208626490774958,0.3909106421328332
0.000009941049576014237,0.00002319578234403322,0.000056332614264080677,0.00010603786214415186,0.00019385046673227747,0.0004175240821925978,0.0007256966190490389,0.0014099721981980196,0.002435557146123487,0.003900205116989585,0.005956345537628529,0.00922529400654121,0.014480795549060737,0.021649949134963,0.03287836463107108,0.0520297966392625,0.08630984926055159,0.14514098065140382,0.23112111843435104,0.39192919321755304
0.000011588118536519957,0.000024831682578257042,0.00003310891010434273,0.00012084752188085094,0.00021686336118344494,0.0004039287032729814,0.0008161346340720482,0.0013144237311424063,0.002276237569673563,0.003737995950780294,0.006082106786167758,0.009220831464059448,0.01421862144430998,0.021426431174025394,0.03334398336608356,0.052004165100891134,0.08590106726571722,0.14553849159116455,0.2314130717287983,0.39189526989555806
0.000008276213665352955,0.0000049657281992117736,0.00006455446658975307,0.00011255650584880022,0.00026318359455822395,0.00037574010040702406,0.0008243108810691543,0.001274536904464355,0.0023868600210877923,0.003836852655257631,0.006058188403038363,0.009312395616255145,0.01419370643608032,0.021577744268308236,0.03269932019180954,0.052337119976959015,0.0859004768754314,0.1449313984649279,0.23191274884505436,0.39192506385098846
0.000006620565462496152,0.000026482261849984605,0.00003806825140935287,0.00011917017832493072,0.0002466160634779819,0.0004270264723310023,0.0007580547454558099,0.00129928597201487,0.002328783901433022,0.003932615884722714,0.005946922926687166,0.009368100129432056,0.01427228399577608,0.021889244560377902,0.0326443531542029,0.05201612769746665,0.08544667300034095,0.1444723243812254,0.23274928911678344,0.39201195674122524
0.00000992321088642389,0.000014884816329635835,0.00005788539683747269,0.00012569400456136927,0.00026131122000916244,0.0003870052245705317,0.0007872413969896282,0.001422326893720757,0.0022988771886882004,0.003979207565455979,0.005935733978562557,0.009471704791091605,0.014398578996201067,0.02142255843530811,0.03278794263722558,0.05181073790650021,0.08610866246694332,0.14457787487823393,0.23221801955864876,0.3919238294332358
0.000009930716699824227,0.000021516552849619158,0.00006951501689876959,0.0001108930031480372,0.00024992303694557636,0.0003839877123932037,0.0007514242302867002,0.001330716037776447,0.0023436491411585178,0.0038647039156815954,0.006042841111843043,0.009563280181930733,0.014440917200994398,0.021498346535669486,0.032915360501567396,0.05143283690783964,0.08537768170728882,0.14604774026541498,0.23156610712595121,0.39197862909766207
0.000021523606429266806,0.000016556620330205235,0.00006125949522175937,0.00012914163857560086,0.0002168917263256886,0.00044537308688252076,0.0007516705629913177,0.0014371146446618144,0.002397398623813718,0.0039040510738623945,0.006228600568223211,0.009488599111240625,0.014549957946184362,0.02160804519295085,0.03261323072643828,0.051361947588362676,0.08599011900898697,0.14566017867904657,0.23208076981661885,0.39103757028285335
0.00001986837203526636,0.00003642534873132165,0.00006291651144501013,0.00010099755784593729,0.00023676476675359064,0.00041061302206217164,0.0007583095326793328,0.0013990645308166727,0.0024438097603377623,0.003925659174634713,0.00608800033113953,0.009612980669729704,0.014869820770727266,0.021689639471832445,0.032736454323440536,0.051662734384701335,0.08602673951736413,0.14568318225092095,0.23069497909681688,0.39154104060598544
0.000018192793999685754,0.00003142391690854813,0.000044655039817410496,0.00014388846163387832,0.00022327519908705266,0.00043662705599245815,0.0008352146336219371,0.0014058068090666267,0.0022955998246876217,0.003800640055570716,0.006264936697346333,0.009585948547470788,0.01451454183102202,0.022310981005069175,0.03223432318671595,0.0516939972049253,0.08558551853597629,0.14518841945967403,0.2322574776518065,0.3911285320896077
0.000023177733482553793,0.00001986662869933182,0.00007118875283927235,0.00012085532458760185,0.00025329951591648067,0.000448654698126577,0.0007615541001410528,0.0013923195613448375,0.0024171064917520376,0.004003125682915361,0.006125543848960642,0.009479692994364498,0.014315561530260182,0.02177216950207606,0.0327335818869324,0.05146284609322745,0.08554239207453959,0.14517373366797567,0.23075917010469713,0.3931241598071614
0.000019857587998073815,0.000028131582997271236,0.00006288236199390042,0.00013569351798683774,0.00021843346797881195,0.0004600341219553771,0.0007926487209231134,0.001368518772867254,0.0023829105597688587,0.0039847559916134775,0.006121101500406252,0.009420770706086188,0.014644971148579431,0.021942634737871565,0.03235463004486161,0.051876293845967994,0.08501033421975401,0.144525180248981,0.23031823439565918,0.3943319824657499
0.000014892919905876746,0.000024821533176461245,0.000046333528596060984,0.00012576243476073698,0.0002151199541959975,0.00046002574820374817,0.0007760866039840215,0.0013387080226504764,0.00242754594465791,0.0038523019489867844,0.006390717408499553,0.009452039833596444,0.014403108317861247,0.02181978243098786,0.03277931671283472,0.051580800709564896,0.08473244042004653,0.1441982148353339,0.23087500868753663,0.39448697200462024
0.00001324137200476027,0.00002151722950773544,0.00007117237452558646,0.00014234474905117303,0.00024993089658985036,0.00048331007817375,0.0008275857502975173,0.0014267578335129198,0.0025208261954062384,0.004008825374441174,0.0060215139191647366,0.00959006367444763,0.014289095564636931,0.021484126077723535,0.03271943022376265,0.05099086841883123,0.08522312539413768,0.14494502347860772,0.2316478721942774,0.3933233692008999
0.000014896346257293004,0.000021516944593867675,0.00006620598336574667,0.00010923987255348198,0.0002499275872056936,0.00054619936276741,0.0009268837671204536,0.0014283940911159858,0.002502586171225224,0.0038498779327181707,0.0062415690818057685,0.0092258037820168,0.014053875118963877,0.021601357222658994,0.03287623618984567,0.05122687962924648,0.08480489924276904,0.14457897132453354,0.2314130839574627,0.3942615963917738
0.000019856372240791608,0.00002812986067445478,0.000051295628288711655,0.00012906641956514535,0.0002862626998047454,0.0005063374921401856,0.0008968461462090873,0.001452824568951252,0.002503557600026475,0.003961346262037925,0.006085978091802629,0.009458251977363734,0.014380977595393318,0.021517688718271165,0.03288546182612437,0.05165304298904591,0.08464936956018136,0.14442035940033754,0.2314475295363537,0.3936658172551876
0.000023175776678215924,0.000029797427157706192,0.0000579394416955398,0.00010925723291158934,0.00023506859202190452,0.0004900021354822797,0.0008541929118542444,0.0014352427414295152,0.0024384227890722906,0.003903462957659512,0.006075364314932319,0.009430885695414011,0.014042865254378981,0.02162465505339534,0.03343436868356623,0.051523062380913726,0.08444756397755922,0.145817020621475,0.23077279627333516,0.39325485573906727
0.000006621782020868546,0.000034764355609559867,0.00007780593874520541,0.00012581385839650235,0.00025659405330865617,0.00046683563247123264,0.0008674534447337798,0.001470035608632818,0.002455025684237013,0.003916784065343746,0.00623771866365817,0.009353267104476823,0.01422855411734128,0.021793940076183606,0.03291191208922189,0.051631689862217264,0.08561633063881986,0.14516767179799597,0.23133692123555832,0.3920442599910274
0.00001653004583781711,0.00003801910542697935,0.00006281417418370502,0.00016034144462682596,0.0003058058479996165,0.0004925953659669499,0.0007818711681287493,0.0015273762354143007,0.0025423210498562703,0.003868030726049203,0.006296294459624534,0.009352699935036922,0.014048885957560755,0.021186559750330188,0.03300884853353699,0.052429999388388306,0.0850768399180771,0.14542307825819603,0.23136113356442334,0.3920199550713354
0.000021503739996625565,0.000023157873842519837,0.00006285708614398245,0.00010421043229133926,0.000307668895336335,0.00044165373685377127,0.0008055631829505113,0.0014424047136198073,0.0025225541149887687,0.004003003907064145,0.006085558419045035,0.009463299732361144,0.014167656390084458,0.02132343940742309,0.03324147376709133,0.05216972736565952,0.08556503558041902,0.14546949280948024,0.2312809943329374,0.39149874451241107
0.000018219220283623573,0.000031469562308077074,0.00006293912461615415,0.00011428419996091144,0.00024016244919321963,0.0004223546520294555,0.0008314589620344573,0.0014591939154429423,0.002466219909301409,0.003937007874015747,0.006022280450114118,0.009621404602506304,0.014217616992238611,0.021579838279575596,0.03273662626416545,0.05187177644022936,0.08555083328088407,0.14541256596185892,0.23201680143368703,0.3913869464255547
0.00001158146568411718,0.000026471921563696412,0.00008272475488655123,0.0001125056666457097,0.00026306472053923307,0.0004103147842372942,0.0007362503184903063,0.001462573666394227,0.0024089448622963733,0.004050203999245551,0.0059859632635908475,0.00962088899330591,0.014410652301237229,0.02158123405480349,0.032712677072337826,0.05159873861293749,0.0849980311508337,0.1462160042619794,0.2306945239521255,0.39261665017686553
0.00002151658846214322,0.000011585855325769426,0.00005958439881824275,0.00009434196479555098,0.0002631644281139053,0.0004485381133262161,0.0008060445062356724,0.0014151294719332652,0.0025058549947449874,0.0038266425018827002,0.006317601396923127,0.009488815511805162,0.0144359757359087,0.021308043066279366,0.03264066469707126,0.051732499151749864,0.0859058069962015,0.14583447122983856,0.2313182220677441,0.39156549732283963
0.000014894423362399525,0.00002978884672479905,0.0000728171808828421,0.0001373596821199067,0.00023334596601092594,0.0004054593026430983,0.0009217993125396151,0.0014745479128775532,0.0024443403673626777,0.0039122685365236085,0.006278826915215978,0.009375212038665927,0.014154667002067012,0.02161180829884171,0.03293157005426535,0.05174984650469257,0.08540958836778634,0.14602161677310657,0.2319889185490184,0.39083132396529274
