0.06141814003484192,0.06634790021868861,0.0667556247451722,0.06486526557693019,0.06508766077319397,0.0663479002186886,0.07131472626857933,0.07439119315022795,0.07887616294154713,0.08158197116275623,0.08343526446495426,0.08406538418770154,0.08569628229363577,0.08981059342451533,0.09514807813484567,0.09611179065198859,0.09496274880462584,0.08866155157715261,0.0851402943029764,0.08843915638088883
0.009969536059573928,0.011698999344179055,0.0164008123717447,0.01999196090460978,0.02312297700395608,0.027258880027079057,0.03188135987645179,0.03813281431805201,0.04364911464173138,0.04777972878630815,0.054983181366223106,0.060282637669508546,0.0655133385516935,0.07044786223529162,0.07609109564407963,0.07739744864498928,0.08030633184539551,0.0811366857771478,0.07746620406608982,0.08937675855211663
0.0027483140736724396,0.003659900369378833,0.005866006980921075,0.008875258395743673,0.011942119353417604,0.01590701142024467,0.02070554746009693,0.027540750279575726,0.03386085601003084,0.04087227625470197,0.04983903215968011,0.05798908807482463,0.06599681453115999,0.07246941611033922,0.08055169609271748,0.08713951675759936,0.09675692161713376,0.09830560168084312,0.09841404317326917,0.12087159849537427
0.0010892038005534184,0.001302494362019492,0.0023206013087508845,0.003918858582669999,0.0062110211498920785,0.00927671748669778,0.013346301399470469,0.018294642425483388,0.025082970028410312,0.03133380541644271,0.03989671049076738,0.05051004882931921,0.06096697408946259,0.07014131210665667,0.08211686616443847,0.09350658214672686,0.1055845156740124,0.11387440882966048,0.12102106457585042,0.15029021735730153
0.00044495794388979185,0.0006446833846130508,0.0013374020018051133,0.0023385573755571455,0.0037568608217058578,0.0057718124198886086,0.008932025089560426,0.012666132380044649,0.018035965748350997,0.023868454251497313,0.03179173945689849,0.04276146967586332,0.052575826142796114,0.06492593725587359,0.07915447877980397,0.09431591508382149,0.10847619601408695,0.12531886545836984,0.14004798466917623,0.18285496140748292
0.000318490447594474,0.0004315776355084539,0.000685446832866368,0.0014355149159692954,0.002543307777167466,0.003981130594930925,0.006203640022709756,0.009284688917917165,0.013374290897173739,0.01887863667625215,0.025758491924651603,0.03496240427977308,0.04574261356030779,0.05812219878419733,0.072955083615282,0.09115288926225612,0.1111347029961181,0.1340175492852429,0.1557602920880511,0.2132593573878244
0.00014998960786288384,0.00029783650704201216,0.0005485334230414034,0.00104349912898892,0.0017634492467307615,0.002877657762283613,0.004711816395578307,0.007216642846888465,0.01087638927874283,0.015136094142048728,0.0215149378935888,0.028909425561228972,0.039395841859528276,0.051234307337277345,0.06667038069505184,0.08598261406174001,0.11031949929183478,0.13884752270735526,0.16916256516512784,0.24334099708805892
0.00012702278748482785,0.00018549359442228817,0.0004153443527281672,0.0007076983874154696,0.0012762765790142216,0.002320686165000585,0.003683660837060008,0.005716025436817253,0.008671825539241973,0.01279502554569393,0.018152161201998487,0.024811784488703033,0.03414695125147689,0.04574634960703585,0.06069673007052788,0.08083488247367805,0.10697334940944482,0.14148927161504432,0.18255190796291743,0.2686975526942945
0.00007284898979539017,0.00014186382223312823,0.00029331303786038677,0.0005751236036478176,0.0010448078799602013,0.0017713806992352772,0.0029733890308592144,0.004708345235196798,0.00732707471047319,0.010724138129352963,0.015704708536943068,0.021678325700165063,0.029841246714606414,0.040778180577309066,0.05520803179283281,0.07497311297152948,0.10312157921273248,0.14259231213108217,0.19305365711514172,0.29341656010904343
0.000057303730103128234,0.00011645596762893799,0.00027912462082491476,0.0004898544670106121,0.0007726761026808904,0.0014603208639184292,0.0025139700948469163,0.004197960356909814,0.006305258818766787,0.00938856919979962,0.013455285529699048,0.018941655560217898,0.026505747933830835,0.03672059995156911,0.05046610114662916,0.07023034250994034,0.09917612024171082,0.143935878974522,0.20132279191167082,0.3136639820177198
0.00004501292771283912,0.00011523309494486813,0.0002070594674790601,0.00037630807567933525,0.0006733933985840735,0.0013395847287340928,0.002212835526363172,0.0035434176695546956,0.00551498390337705,0.00837960662302213,0.012308334953798733,0.016834834964601836,0.024258367003003278,0.03387852991379125,0.04655777139194375,0.06548660775374689,0.09642489322933548,0.14364345440010373,0.20750779623907983,0.33069197473514395
0.00002472729327982818,0.00008477929124512522,0.00014306505397614872,0.0003514808116204148,0.0006605719776182674,0.0011286243147007294,0.0019145989939524113,0.0029990674277963047,0.0049754846549482845,0.007502967275193581,0.011038970214209012,0.015926143107443624,0.022005524783812812,0.030746622958232075,0.043279828180636394,0.06210966201322556,0.09328371389815182,0.14378037924602946,0.21309451477985644,0.3449492737240717
0.000033172533840349334,0.00005936137634588827,0.0001623708235343414,0.0003037905730642518,0.0005744086122881544,0.00103533224038564,0.0016254541581771163,0.0028161735307622874,0.004319413090580221,0.006844017508114173,0.010096671747302112,0.014609882272423325,0.020656013045535424,0.028853120749769104,0.0406206406489246,0.05985372658499239,0.09097305517290744,0.14322852558562618,0.21609112320453658,0.35724374654089047
0.00003453712481889596,0.00005871311219212311,0.00010706508693857744,0.00030392669840628435,0.0005146031598015498,0.0009428635075558593,0.001523087204513312,0.0025367518179479085,0.003982130491618703,0.006251219592220167,0.009342292263511354,0.013621442028572562,0.019537651510049436,0.02694586478370264,0.038645315816103615,0.058184694182394026,0.08926292595067753,0.14174208711299,0.22056789394339704,0.3658949346125885
0.000034347618507870756,0.00006869523701574152,0.00012880356940451533,0.0002335638058535211,0.0004791492781847968,0.0007934299875318147,0.0014254261680766368,0.002179356394324398,0.003828042082702197,0.005675943958425643,0.008717425577297594,0.012988551938751324,0.01791400043277999,0.026074994590250093,0.0378167279771657,0.055988335548754715,0.08770836124077337,0.14146925372929273,0.2220298755585781,0.37444571530632925
0.00003418143162090058,0.000059817505336576004,0.00010938058118688182,0.00021363394763062858,0.00039308646364035675,0.0007673731398892182,0.001227113395190331,0.0021671027647650973,0.003508723955885445,0.005552773566815298,0.008037763645654773,0.01212073565277135,0.017347076547607043,0.02564120093041856,0.037068053521285636,0.05487657939577484,0.08526216303517441,0.14258613293500572,0.22432931758480842,0.3786977899995385
0.000025522574717337486,0.0000629556843027658,0.0001037918038505058,0.00023310618241834913,0.00039304765064699743,0.0006414673778957489,0.001146814357299031,0.0018852675191206626,0.0031358736802701995,0.005169172132751417,0.007677190474975114,0.011534502267255383,0.016972512187029436,0.024967884093480688,0.03581667985333027,0.054063619271245415,0.08564185021651649,0.14241086240779965,0.2256229635112256,0.38249491675386876
0.00003904830785006808,0.00005093257545661054,0.00007130560563925475,0.0002190100744634253,0.0003921808310159011,0.0006162841630249874,0.0010610953220127192,0.001911669332138116,0.003067838795003175,0.004908202521502035,0.007198470664534291,0.011043880111508385,0.01637312525678507,0.02381607228351109,0.034792042294410665,0.05289857286923572,0.08539016050552278,0.14321561117392795,0.22695725398717181,0.385977243325286
0.000027106331361347735,0.00003896535133193736,0.00008470728550421161,0.00019482675665968678,0.0003066403735252463,0.0005963392899496501,0.0010266523003110452,0.0017280286242859176,0.0028580238129121012,0.004701254345483749,0.007083223213862177,0.01071377747057269,0.015764025832333786,0.02342834102475485,0.03426748527787378,0.05233385513021205,0.08442097487920742,0.14245224203243276,0.228237004208258,0.38973652645916756
0.00002535479814200039,0.00003549671739880054,0.00006592247516920101,0.0001656513478610692,0.00032285109634147183,0.0005645668386285423,0.0009465791306346817,0.0015939716431937585,0.0027112730813179083,0.004303554404635534,0.006997924287192109,0.010491815471159762,0.015608413736215444,0.02301539543343182,0.03402613910656453,0.05135191783693145,0.08434358117930235,0.1425091784369274,0.22966714220999182,0.39125327076896016
0.0000219179560325802,0.000026975945886252555,0.0000775558444229761,0.00014330971252071666,0.00028661942504143326,0.0004939970090419999,0.0009205541533683684,0.0015814648275815561,0.0025677728490476654,0.004188015598840709,0.006679918600083288,0.010615034706240378,0.015482506942091077,0.022427127011183212,0.03338441903085542,0.051252611187261946,0.08346189057544749,0.14224247666159182,0.23010819040297012,0.394037641560491
0.00002523914085964514,0.0000353347972035032,0.00006393915684443437,0.00012114787612629671,0.0002288348771274494,0.0004778610669426149,0.0009153395085097976,0.0015547310769541416,0.0024566097103387932,0.004098836475606369,0.0067371680001346084,0.010031717187013622,0.01524780629800695,0.022215491784659647,0.03280415267997611,0.05059774698602593,0.08430209568999603,0.14178003247436125,0.23136215643219502,0.3949437587811177
0.000020172440747657893,0.000020172440747657893,0.00007396561607474564,0.00011935360775697592,0.0002034054442055506,0.0004740523575699609,0.0008169838502801451,0.0015667262314014302,0.0024980205792516363,0.004133669316540896,0.006409793047568297,0.009980315059903749,0.014668726497005237,0.021902227541769553,0.032990345806065524,0.05045127430989241,0.08355088750334104,0.14300243246014682,0.23123332621694445,0.39588414967278623
0.000006715736313329393,0.00003189974748831462,0.00005708375866329984,0.00012592005587492612,0.00020315102347821427,0.0004952855531080431,0.0009116612045344656,0.0015311878794391014,0.0025637323376134957,0.004074773008112611,0.006168403803793049,0.009605181862139362,0.014704104658034706,0.02156087143394402,0.0321264035888895,0.05002216192983397,0.08376034223392254,0.1434095121689142,0.23140244721431255,0.39723916080159044
0.00002180611678349713,0.000023483510382227677,0.00004864441436318591,0.00009057925433144963,0.0002381898910197378,0.0004478640908610563,0.0008521159481551186,0.0015046220580613018,0.0023148031662481574,0.004010648094564743,0.006189582379315723,0.009569530480757779,0.014148815005292179,0.021239157747126213,0.032091894330912855,0.05054657870414637,0.08449031556805775,0.14327457423556977,0.23102742035315843,0.3978693746508925
0.000005027947005438563,0.00003351964670292375,0.000048603487719239454,0.00008212313442216322,0.00023631350925561244,0.00048771085952754064,0.0007642479448266614,0.0013860373911658975,0.002327939463518054,0.0038095078477872837,0.006005044706828789,0.009776004960907714,0.014019592233497857,0.021097265634820214,0.032307911474613066,0.050475559987597715,0.08359967485942699,0.14401381009444159,0.23194254732555122,0.3975815574903841
0.00002176785089357028,0.000028465651168514982,0.00005525685226829379,0.00011888595488026844,0.00024112080989800917,0.0004587993188337121,0.000773595931756113,0.0013830957567760812,0.002359300146849272,0.0038746774590555093,0.005877319741263974,0.00929989568176072,0.01377402626542378,0.021312400474874038,0.03213437126911593,0.051335290207313665,0.08399041544780658,0.1437029793490073,0.23087652437748127,0.3983818114535732
0.000021736040863756826,0.000013376025146927276,0.0000535041005877091,0.00011202421060551595,0.0002608324903650819,0.0004313768109884045,0.0007875134805253436,0.0014295626875778526,0.00233411638813881,0.003753647056856468,0.006014195306687179,0.009030488977319276,0.013966242256535448,0.021443440313667787,0.03253718116990061,0.05065166322512688,0.08401815795413696,0.14350134178252252,0.23154568330588465,0.398093916416563
0.000013381573907269038,0.00004181741846021575,0.00005687168910589341,0.00010872528799656095,0.00023752293685402537,0.00043991924220146937,0.0007727858931447868,0.0014385191950314217,0.0023852655489707054,0.0036882963081910276,0.005931382634396999,0.009271758020999036,0.013948618101589566,0.021271684422342545,0.032073959958985473,0.050788091068301226,0.08359636489544811,0.1437063948869006,0.23196456559229353,0.3982640753248796
0.000015031390553940144,0.00002171200857791354,0.00004509417166182044,0.00012359143344350777,0.00020876931324916858,0.00040918785396837034,0.0007816323088048871,0.0013294429867707056,0.0023582581624626096,0.0037227743938591756,0.005757022582159077,0.0089403370705824,0.013962491670104403,0.021555014054350168,0.03177301932201749,0.05031173433854365,0.08316868393495087,0.14231386545569333,0.23288133385219476,0.4003210036960519
0.000010023672573394165,0.000033412241911313875,0.000060142035440365006,0.00013197835554968989,0.00025226242643042,0.0004243354722736866,0.0008035644179670995,0.0013565370215993448,0.0023021034676895284,0.0037655596634050778,0.005877213352200117,0.009049705721679372,0.014019776705987317,0.021422258901438902,0.03179676001490185,0.05014676327259544,0.0836508888491655,0.14277385091123534,0.23251579146083334,0.399607072035123
0.000015017144573387948,0.00002669714590824524,0.0000717485796284091,0.00011680001334857303,0.0002352685983164112,0.0004171429048163321,0.0008342858096326641,0.0014299658777103862,0.0023426745534485217,0.003717577567723151,0.0058984006741029365,0.009255566772064775,0.013837464438567367,0.02067527093431667,0.0319164379333072,0.050577742923170604,0.08329509523372514,0.14305832492095144,0.23280912374961416,0.3994693942250737
0.000015021054511406821,0.000021697078738698744,0.00006509123621609621,0.00012851346637536955,0.0002386678661256862,0.0004506316353422048,0.0007977848951613847,0.001445359245208701,0.002281531279677014,0.003887115106340721,0.005824831138312202,0.009281342681992589,0.013627434453959633,0.020880934776912302,0.031672727940329694,0.050195357158951154,0.08424308071813995,0.1444274391271766,0.23377434036708117,0.3967410987734473
0.000013343741451665633,0.000023351547540414857,0.00005337496580666254,0.0001317694468351981,0.00023685141076706495,0.00041365598500163464,0.0006922065878051545,0.0013694014664771853,0.0022484204346056593,0.003787954604591583,0.005862906400325586,0.009148802732798252,0.013750725565941436,0.021033072463187957,0.03191656158470274,0.05072956906386981,0.08421068433378036,0.1443325794119413,0.2331968935769901,0.3968478746755802
0.000023330494789800574,0.000016664639135571838,0.00006165916480161578,0.00011831893786255998,0.0002333049478980056,0.0003732879166368092,0.0007932368228532192,0.00144982360479475,0.0022763897059191124,0.003814535898132394,0.005984271913583846,0.009247208256328814,0.013708332152921396,0.020817467208156342,0.03215275474817231,0.050572180384719854,0.08395145257327023,0.14497069523208014,0.23216841950895978,0.3972666658889837
0.000014998825092034458,0.000029997650184068912,0.00006999451709616082,0.0000983256311588926,0.0002616461710499345,0.0004349659276689991,0.0007799389047857921,0.0012815662773082775,0.0023814801173908037,0.003981354793874481,0.006081190306759303,0.009244275865057236,0.013803918693035709,0.020886697208718653,0.03203582386046426,0.050132739602064505,0.08429173048111227,0.14448701518381057,0.2331267384054916,0.39657560157787636
0.00001666355613618791,0.000028328045431519444,0.000058322446476657696,0.00012664302663502813,0.00021995894099768033,0.0004399178819953606,0.0008131815394459698,0.001468059295598155,0.0023845548830884896,0.0037443010638014244,0.005947223185005467,0.008994987602314236,0.01395906097528461,0.020639480630282342,0.0321190044525022,0.05103547337830271,0.0841992828005439,0.1439731250166636,0.23258325112645642,0.3972491801530381
0.000013334511215157339,0.000028335836332209343,0.000050004417056840016,0.0000983420202117854,0.0002733574799107253,0.00047004152033429603,0.0007884029755961774,0.0014284595139237297,0.0023785434380036896,0.003857007368984261,0.006027199069251119,0.009025797278759623,0.013881226174978802,0.02105519320873342,0.03239286136942099,0.05113451688232466,0.08406575914205758,0.14436941929870473,0.23216884158100637,0.39649335691319404
0.00001664893555030559,0.000024973403325458385,0.00005327659376097791,0.00011820744240716978,0.00024307445903446154,0.0004445265791931593,0.0007492020997637518,0.0014084999475558533,0.0023375105512629044,0.0038975158123265396,0.005966978501229522,0.009330063482391253,0.013846919697189158,0.02126568537840533,0.03206085518922347,0.05064273215691956,0.08463819365708852,0.1450938084273582,0.23264889559286023,0.39521243209315426
0.000016647411161090338,0.00002164163450941744,0.00003995378678661682,0.00012152610147595954,0.00024305220295191903,0.00038788468005340515,0.0007291566088557568,0.0014166946898087874,0.0023822445371520264,0.003700719501110382,0.006023033358082485,0.009259290087798447,0.014012125974289738,0.02098406176855437,0.032399191601714006,0.05082454627480882,0.08499169294183062,0.1453768474464536,0.23233293490529291,0.3947367544873096
0.000014964782877627979,0.00002992956575525596,0.000044894348632883936,0.00010309072649032609,0.0002144952212460012,0.0004605827619003282,0.0006784034904524684,0.0012969478493944251,0.0023893769994612676,0.0038326471703258344,0.005947669817030588,0.009173411903985953,0.013898957786010255,0.021647389809315413,0.03270470160222943,0.050923493378914955,0.08589619096393152,0.14445006085678375,0.2321287237368061,0.3941640672284556
0.000011639972330122918,0.000019954238280210717,0.000043234182940456566,0.0001230511360612995,0.00019787952961208976,0.0004323418294045655,0.0007482839355079016,0.0013169797264939076,0.002251503219283776,0.0037214654392592993,0.006022854254243602,0.009418400468259461,0.014002886713137869,0.021597137231948064,0.03261520246900443,0.050999707337838554,0.08579989889852606,0.14455847922098652,0.23277284095141795,0.39334625924546385
0.000006649533036542509,0.0000182862158504919,0.000048209114514933206,0.00009309346251159512,0.00021943459020590272,0.0003707114667872446,0.0008262044797904063,0.001324919457531095,0.0022392302500556897,0.003702127518095041,0.00589979818667234,0.009369192048488392,0.014233325464719242,0.02162926858461365,0.032363277288852375,0.05142250135484235,0.08516555674877735,0.14434806315726478,0.23241447869323373,0.3943056723841566
0.00000831425212470713,0.000013302803399531408,0.000049885512748242785,0.00012637663229554842,0.00020120490141791253,0.00044065536260947795,0.0007682368963229386,0.0013302803399531408,0.0021367627960497326,0.003827881678215162,0.0059762844272394835,0.009285356772872922,0.014283885150246848,0.0214790389389684,0.0324089547821084,0.051573305929558354,0.08568834524765659,0.14488083182429654,0.23234177562494077,0.39317932012697526
0.000018294579316148626,0.000013305148593562636,0.00005322059437425057,0.00011309376304528243,0.00020789294677441624,0.0003925018835100978,0.0007567303262588752,0.001295588844298162,0.002306780137408922,0.0036738841553974814,0.005949064564896695,0.00919552082172598,0.01419160411860875,0.021078681659351613,0.0327622652680738,0.051544145651461655,0.0852926550590333,0.14490471018891643,0.23121021968463468,0.39503984060431996
0.000014951010522188962,0.00002824079765302359,0.0000531591485233385,0.00013123664791699196,0.00018107334965762189,0.0004551752092310861,0.0008106770149809122,0.0012940930218650224,0.0022426515783283436,0.0038623443848988157,0.005804314529392024,0.009231418385756003,0.014085513135293354,0.021290238983597075,0.032746035490376545,0.05142649252615595,0.08511776412621308,0.1447075083974842,0.23121405527886954,0.3953030569832848
0.00001495411578805698,0.00001495411578805698,0.00004984705262685661,0.00011797135788356062,0.00023594271576712122,0.0004203768104864906,0.0007726293157162776,0.0013159621893490134,0.002228163252420488,0.003615572883867999,0.005725764778404927,0.009474263135944542,0.014139947261818317,0.02164359025058114,0.03250858615481498,0.05119126147936081,0.08568043719188288,0.1449186745336393,0.2312903241886146,0.39464077721524465
0.000014963563722336108,0.0000232766546791895,0.00004322807297563764,0.00011139541882183545,0.00019286371019899883,0.0003824021840152563,0.0007465155679254353,0.0013101431348000949,0.002279449540369202,0.0037093011849479835,0.0058008748696922975,0.009589981727826075,0.014263601463769057,0.02142449801400258,0.03285001022510188,0.0516226322238682,0.08590748194812298,0.14465609574020594,0.23124358852859947,0.3938276962263555
0.000018262838775659283,0.000026564129128231686,0.00006308980667955028,0.0001062565165129268,0.0001909296781091654,0.0004001221949939898,0.0007869623254238642,0.0013597513597513595,0.0022413483951945487,0.003835196142888451,0.006003493182980363,0.009172925839592505,0.014183584696405214,0.02147543814210481,0.03237171185889133,0.05128869231433335,0.08539703411498284,0.14439430465071487,0.2322634630326938,0.3944208687798431
0.0000166005136198914,0.000026560821791826236,0.00007304225992752216,0.00011288349261526154,0.00021580667705858829,0.0004316133541171765,0.0007553233697050589,0.0013297011409533017,0.0023771935503684484,0.0038081578244030883,0.006084088241690199,0.009410831171116437,0.013783406458595831,0.021301779077044645,0.032827515683335244,0.05155289504657274,0.08508427250739137,0.14512999032190058,0.23183945311267934,0.39383888537511347
0.000016599190955432834,0.00003319838191086567,0.00005809716834401491,0.00010955466030585679,0.00020251012965628073,0.0004315789648412538,0.0007868016512875166,0.001298056732714848,0.002245870536270063,0.003851012301660418,0.005897692546465286,0.00936858337524629,0.014019676680958578,0.02182959602548971,0.03291453574552776,0.051913969713116195,0.085195347578759,0.14487939857811327,0.23186911869915455,0.3930788013392226
0.000021575975649021943,0.000021575975649021943,0.000049790713036204465,0.0001095395686796499,0.00019916285214481794,0.00042156137037319824,0.0007833738851029511,0.0013642655371920026,0.002227304563152881,0.003747581001191658,0.00585372816262311,0.009280988909948516,0.014286615260521612,0.02168053614639797,0.03276394886825709,0.05176242527243817,0.08568981713530793,0.14403457467113234,0.23082310687410584,0.39487852725709616
0.000008299388833006337,0.000019918533199215213,0.00005311608853124054,0.00011785132142868999,0.00025894093158979764,0.000439867608149336,0.0008398981499002414,0.0013710590352126466,0.0023188492399419704,0.003757963263585268,0.005812891938637637,0.009170824660472003,0.014070783827478943,0.02147383866652059,0.03307638425506347,0.051915996905987846,0.08575758481145447,0.1442267791399841,0.23184508692779868,0.39346406530623074
0.000009950710812442368,0.000028193680635253385,0.0000580458130725805,0.00014428530678041443,0.00023881705949861697,0.0004195883059246531,0.0008192751902244216,0.0013483213150859406,0.002408072016611053,0.003658544675374644,0.005884186993757587,0.00930059770602947,0.014093523414022547,0.021730693962572063,0.032593553266154984,0.05153804820124317,0.08551475027032766,0.14459875417100632,0.23146182575641994,0.39415097218444617
0.00002158045275789886,0.000024900522412960224,0.00006972146275628859,0.0001294827165473931,0.00024402511964701003,0.0004531895079158757,0.0007636160206641134,0.0013927692202982409,0.0022227866340635825,0.0035076535905723297,0.005906403916354166,0.00941737757658156,0.014153456939526594,0.021527331643417875,0.03276576742580059,0.052108493236188096,0.08513322609508348,0.14416406456207453,0.232735222784974,0.39325893057236344
0.000018262111100043166,0.000018262111100043166,0.0000464853737092008,0.00011621343427300195,0.0002556695554006043,0.0004731546966829365,0.0008516784540292859,0.0013331341103031509,0.0022611813925689814,0.0036657037553541193,0.005955108410532261,0.009423249327622275,0.014113291496497,0.021496164956668985,0.032831955374041245,0.05109572666600258,0.08535212670584719,0.14420593020553177,0.23281701364677754,0.3936696882159576
0.000004973318148135254,0.00002652436345672136,0.0000629953632097132,0.00009946636296270503,0.00026690140728325855,0.00048406963308516443,0.0008288863580225419,0.001356058081724879,0.002261201984685495,0.0038012728378913796,0.0059199063689970004,0.0092072696649144,0.014228663221814961,0.021564307490314464,0.03249897632534783,0.05148544724221218,0.0852111753774334,0.14500372169974754,0.23266176960606344,0.3930264132926848
0.000018231449914063574,0.000018231449914063574,0.00004309251797869571,0.00011436091309730786,0.0002237496125816892,0.00044915662970102096,0.0008054986052940815,0.0014303401159851696,0.002322023757236643,0.00372750280515718,0.005875499085941398,0.009364335637678108,0.01427854009178706,0.021579407080100702,0.032819924654389716,0.051641410583853894,0.08532484300235518,0.14520023932921516,0.23227861633239585,0.3924849963454229
0.000006637649077449749,0.000028210008579161432,0.000051441780350235565,0.00010122414843110872,0.00024393360359627845,0.0004214907164180589,0.0008097931874488692,0.001392246893995085,0.0022866701071814397,0.003600924624516489,0.005982181231051586,0.00923794810354069,0.014265967279708873,0.021817952517577323,0.03300736944988824,0.05135715032449805,0.08573187548434094,0.14481856815952923,0.23154940983002642,0.3932890049002445
0.000009940786051089012,0.000029822358153267037,0.00003976314420435604,0.0001076918488867977,0.0002186972931239583,0.0004191698118209201,0.0007455589538316759,0.0013685148796999203,0.002258215231272387,0.0036399844923737604,0.006078790670240929,0.009541497811370269,0.014376033427549896,0.021965823577556356,0.0326919317266814,0.051836228863403645,0.08491585124607755,0.1443120479013344,0.23145463522285592,0.39398980075351153
0.000011601774076996001,0.00001823135926385086,0.00003812011482441543,0.000069610644461976,0.0002104893296826417,0.00039943250750800526,0.0007093656149934701,0.0014303330040639362,0.002220911037596378,0.0038086966898481147,0.006056126068191914,0.009276447072706657,0.01460994835553139,0.02190580685366517,0.03270374372675502,0.05109255563879368,0.0861895796180033,0.14452827186602937,0.23118192244711247,0.39353880627689114
0.000013250846811929076,0.000019876270217893614,0.000053003387247716316,0.00009109957183201244,0.0002269207516542853,0.0004107762511698013,0.0006608859847449626,0.0013714626450346597,0.0023901214937017082,0.003842745575459432,0.006156674699992546,0.009466073691271835,0.014463299295220588,0.021615443861959308,0.032696464508435,0.051559044945216036,0.0855491233736656,0.14466777642508716,0.2330095157643668,0.3917364406569108
0.0000066282559235894655,0.000021541831751665764,0.00004805485544602362,0.00010770915875832877,0.00021210418955486273,0.00039603829143447023,0.0008103042866588115,0.0013786772321066076,0.0022834341656765684,0.0037267368930381734,0.006101309577664097,0.009337555532356651,0.014366744714380151,0.021911357019405872,0.0331495649378518,0.051816390682660626,0.08560889644510071,0.14499475539250045,0.23122670789441854,0.3924954886433117
0.00002154333109614126,0.000031486406986668,0.000062972813973336,0.00009611640027509181,0.00017566100739930553,0.000424237904662474,0.0007507022297347685,0.001398659341934094,0.002291878992766412,0.0039490583078542005,0.006181278845277456,0.00947077978572671,0.01457820643482728,0.021687505696553887,0.033231416805455424,0.051742109754986054,0.08632247052292291,0.14499987571155137,0.2316140097939298,0.39097002991208674
0.000009938052804187232,0.000028157816278530488,0.00004140855335078014,0.00007784808029946668,0.00023023155663033748,0.0004720575081988937,0.0007784808029946663,0.0013896710504521812,0.0025159837015934017,0.003953688673932488,0.0061301222380494924,0.009389803557822905,0.014330672143637991,0.022226455096564745,0.03317818928677906,0.052057176930466756,0.08587305793884784,0.1449763143074833,0.23160797694371743,0.3907327657600954
0.000018226314490085715,0.000019883252171002598,0.00006130669419392465,0.00009113157245042851,0.0002220296492428622,0.0004937674289132312,0.0007754468346691014,0.0014647329099305244,0.002589793595273088,0.0039534533066676834,0.006132326357073382,0.009512479226143823,0.014518087960193727,0.02182518313303719,0.03306584836037733,0.05199801830253363,0.0857962331178762,0.14478487149619812,0.23259097002102655,0.3900862104675381
0.00001159979385509206,0.00002817092793379501,0.00006628453631481178,0.00013588329944536415,0.0002684523720749877,0.0004905055687296072,0.0008384993843823691,0.0015096303145698384,0.0025685257821989565,0.004005243106822502,0.00601697878397704,0.009801825807552792,0.01462568293786322,0.021815898014612412,0.03347203372557205,0.05218084410042767,0.08568767720756501,0.14501233720932155,0.2304845896738635,0.39097933745291724
0.000008283137519962362,0.000034789177583841914,0.00008117474769563115,0.00015903624038327745,0.0002750001656627505,0.0004671689561258775,0.0008713860671000402,0.0015522599712409465,0.0025909654162442268,0.004093526562365398,0.0062471423175556135,0.009800608313619466,0.01447726775739022,0.02174820587241317,0.03334128514535249,0.05188557342504425,0.08590110596452169,0.1449433102068134,0.2300923072845224,0.39142960327084525
0.000013251702843815431,0.00002981633139858473,0.00006791497707455408,0.00015570750841483125,0.0002733163711536931,0.0005201293366197553,0.0009359015133444651,0.0014311839071320664,0.0026122419230871154,0.0040351435159417985,0.006268055445124696,0.009640613818875725,0.014318464922742573,0.021759296069544937,0.03302655641249901,0.05213882483899183,0.08554802417110598,0.14418846571784477,0.231686146669847,0.3913509448464127
0.000016559197475053567,0.00003974207394012856,0.00006458087015270886,0.00011094662308285883,0.0002649471596008569,0.0005398298376867463,0.0008445190712277318,0.001510198809724885,0.0024971269792380775,0.003929497560830212,0.006272624003550292,0.009500011591438236,0.014275684143243681,0.022113152308186536,0.03266467293929066,0.05140802856130382,0.08541565241582132,0.14535994727551516,0.2314081610348836,0.39176411754380724
0.0000182142425441654,0.00004305184601348184,0.000048019366707345136,0.0001374347391968844,0.0002483760346931646,0.0004851611877673146,0.0008941537248953927,0.001541587255328908,0.00254668227572058,0.003970704874628058,0.0062739786363493364,0.009434977637877675,0.014241881829306049,0.021631896781543352,0.03301248669118414,0.05123169675604339,0.0854529468160676,0.1450896885861277,0.23237896221869342,0.39131809849931193
0.000021531092553885703,0.0000215310925538857,0.00005299961244033403,0.00011759289010199109,0.00028487291686679536,0.0004339343268552351,0.0008297751822689797,0.0015204263818820827,0.0024860130710294176,0.003976627170913813,0.006442765387278107,0.00936436902305152,0.014444050627879786,0.02182755913597381,0.032500356091146085,0.05121584423413902,0.08505775301518106,0.14536965573439245,0.23213002129921922,0.3919023217142724
0.000009930240063553537,0.000029790720190660612,0.00006289152040250572,0.0000959923206143509,0.0002333606414935082,0.00044024064281754014,0.0009036518457833718,0.0014614003293529619,0.002396497935337587,0.004008506905654444,0.006188194599604445,0.009665433661858772,0.014266444891305251,0.021563516298006503,0.03311569557194044,0.05140554272899549,0.08535041334624265,0.14617644381552922,0.23150865172165533,0.39111740026315117
0.000008279146320664584,0.000028149097490259586,0.000056298194980519186,0.00010100558511210796,0.00028811429195912746,0.00046363219395721656,0.0008279146320664583,0.001536609557115347,0.0025764703349908176,0.0038448355513166343,0.006247443813573495,0.009355435342350981,0.014210326744788693,0.02145457977537021,0.03269600464956858,0.052057616235074766,0.08605013519845939,0.14591664224318499,0.23136074393097175,0.3909197634813478
0.000011592724406162694,0.000031465966245298736,0.00006955634643697616,0.00012917607195438434,0.000236822798583038,0.000443835734407372,0.0008744226409219865,0.0014706198960960668,0.0026431411646050938,0.004006114334072508,0.00600337513890568,0.009342079767880533,0.014032164841916639,0.02146475728975353,0.0326302069963748,0.051946998064015024,0.08623827685744426,0.145246900188299,0.23096681665443916,0.3922116765232426
0.0000049663118512755145,0.000026486996540136083,0.00006125117949906467,0.00012912410813316333,0.00024500471799625853,0.0004684887513036565,0.0008310295164467688,0.0015842534805568895,0.00251460923402917,0.003961461420034102,0.0059463307232605475,0.009346598904100518,0.014306289006240999,0.021704438227357764,0.032597215554488725,0.05182843047991125,0.08578807091893323,0.14564206135050575,0.23133246146969727,0.3916814276491135
0.000009932722360544579,0.000019865444721089155,0.00006952905652381204,0.0001291253906870795,0.0002516289664671293,0.00044200614504423367,0.0008658022990941365,0.0015147401599830486,0.0024931133124966903,0.0039151480637813225,0.005987776129681623,0.009386422630714625,0.014205448429305507,0.021603671134184467,0.032564430259045395,0.05216665783758011,0.08646765905599407,0.14605240504317427,0.23163936271653338,0.3902152752026276
0.00001490335176381168,0.000024838919606352807,0.00004636598326519191,0.00010266753437292491,0.00023845362822098678,0.0004520683368356207,0.0008677062582485913,0.0014224421294571372,0.0024159989137112494,0.003977538992963961,0.006073943807740136,0.009430509810545279,0.014487713842398706,0.02150222473923274,0.03318810845003485,0.051903406409434825,0.0860469853003274,0.14594686789503408,0.2305200772987178,0.39133717839808835
0.000011589710985721476,0.00002317942197144295,0.00003642480595512464,0.00009271768788577185,0.00022020450872870813,0.0004718668044186602,0.0008841293809107527,0.0014040107022702595,0.0024288722880076294,0.0039040769291901777,0.005950488754669,0.009228721290630215,0.014439124215211,0.02205356433283001,0.03329558398897984,0.0520262126149037,0.08652878221939651,0.14454853108691623,0.23070313120877367,0.39174878804736557
0.00001656668671235759,0.000028163367411007893,0.000046386722794601236,0.00014247350572627523,0.0002832903427813148,0.0004307338545212976,0.0007604109200972139,0.0013882883464955672,0.002392229561264436,0.0038997980520889763,0.006075004017421527,0.009366804667166983,0.014237410560600114,0.021818326400174948,0.03330566696652369,0.05263402035383129,0.08648638798186277,0.1448392285887999,0.23077725924048367,0.3910715498632421
0.00000993287035120974,0.000028143132661760935,0.00007449652763407306,0.0001456820984844095,0.00024832175878024336,0.0004751222984661992,0.0008029070200561207,0.001360803238115734,0.002383888884290337,0.003757935949541018,0.0061087152659939905,0.00951403431806706,0.014116264247460913,0.021809272334472853,0.033344645769011104,0.05214094743028368,0.08641928301230849,0.1454221883768862,0.23010321907773296,0.3917341963894015
0.00000661491597402984,0.000026459663896119356,0.00006284170175328346,0.00012237594551955206,0.00022821460110402953,0.0004680053051626111,0.0007375631311043275,0.0014437054113320127,0.002373101105683204,0.003947451107502308,0.005989806414484021,0.009462637300849688,0.014367597495592811,0.021784572031473774,0.033370597359987035,0.052408325533244905,0.08622542972147891,0.1445871796313507,0.2305331291529269,0.39185439246957965
0.000009933626816818955,0.00003642329832833616,0.00004801252961462494,0.00015066000672175406,0.0002682079240541117,0.0004453576022873832,0.0008112461900402145,0.0014668655599502655,0.0023791036226281396,0.003913848965826669,0.005940308836457736,0.009372376901668684,0.014531240428536667,0.02168676294558525,0.03316010191901115,0.05199260275923041,0.08627686011301158,0.14474287634786903,0.23028133686749702,0.3924858735548641
0.000009928366833297757,0.000023166189277694766,0.000052951289777588056,0.00010259312394407687,0.0002399355318046959,0.0004335386850540023,0.0008141260803304157,0.0013866619010505861,0.002483746436129989,0.00389191979865272,0.006148968525422411,0.009311153361827747,0.014482177754170326,0.021713338264422184,0.033205422873964344,0.05176484994100895,0.08556432009716561,0.1445222718088988,0.23181578246286377,0.3920331475074009
0.000006615364514853974,0.000026461458059415898,0.00004796139273269131,0.00013230729029707947,0.00021996087011889472,0.0004779600861981999,0.0008318820877428872,0.0014140341650500372,0.0022409547294067835,0.0038352575774865923,0.006134096746398348,0.009369009994161941,0.014576955708480733,0.02155451143052296,0.03273778514288362,0.05230437953669294,0.08583270073910158,0.14484009837047032,0.2317858341891962,0.39163123312048403
0.00000827532331688199,0.000006620258653505592,0.00005296206922804473,0.00015226594903062864,0.00024163944085295417,0.000478313687715779,0.0008209120730346936,0.0014183904165135735,0.00238494817992539,0.003851335471676879,0.006175046259057341,0.009569583883642332,0.014346100502146622,0.021889885237816244,0.03274048917091189,0.05264926200666659,0.08630169180709887,0.1447883668814941,0.2315948534109228,0.39052905797029497
0.0000033113405134233465,0.000016556702567116733,0.00006788248052517862,0.00015066599336076227,0.00023344950619634593,0.0004950454067567901,0.0008245237878424131,0.0013973856966646525,0.002351051764530575,0.003971952945851303,0.006313070688841612,0.009390961696068609,0.014309958028758995,0.021939286571686378,0.033681300032285574,0.05236222753876337,0.08618425954286942,0.1453049330695299,0.23096931215179187,0.3900328650545958
0.000008278186812186154,0.00003145710988630739,0.00006125858241017756,0.0001473517252569135,0.0002549681538153335,0.00046688973620729885,0.0007880833845201219,0.0014106030327965203,0.0024271643733329794,0.004236776010476874,0.00637917075747065,0.009478523899953146,0.014423912701553153,0.021784876414949077,0.03350016639155492,0.052377743598064234,0.08601036097861413,0.14519111849893296,0.2315110836643228,0.38951021279907017
0.000028120089322636674,0.000044661318335952364,0.00005954842444793649,0.00012405921759986758,0.0002282689603837564,0.00042180133983955,0.0008502191712844259,0.001410966834835828,0.002573815234471921,0.00377470846083864,0.006318749483086591,0.009701430816309652,0.014625754693573734,0.022042841783144494,0.03327599040608717,0.05200562401786453,0.08666776941526759,0.1452733438094451,0.23082458026631378,0.38974774625754693
0.000021501357066420996,0.00004134876358927117,0.00006119617011212132,0.00012073838968067181,0.0002695939386020479,0.0004482205973076992,0.0007542014478683062,0.0014323211707323528,0.002502427172422689,0.003939710194785758,0.006156003923170693,0.009713651542391576,0.014516723920921317,0.02189334334524729,0.03327583098610185,0.052177177798029474,0.08566802235479556,0.14443123121732415,0.23081541415748583,0.3917613415523648
0.000021497090451488507,0.000051262292615087974,0.00006779851603930989,0.00011409994162713125,0.0002199317715421518,0.00042167369731765925,0.0008367329052656296,0.001407232613401286,0.0025201204498514224,0.003958771887758729,0.006258960566068001,0.009430608218833767,0.01411862755960068,0.021885691701957723,0.03296826864087126,0.05169884891348743,0.08578165901315125,0.1451483547284505,0.2309167847628623,0.3921730747288473
0.000016540244067841466,0.000029772439322114642,0.00007939317152563903,0.00011908975728845856,0.00020509902644123422,0.00045154866305207193,0.0008055098861038792,0.0014671196488175373,0.0024264538047523436,0.0039034976000105865,0.006058691402050327,0.009303887288160824,0.014702622951904285,0.021800041681415055,0.03348407009093826,0.05166014429708924,0.08602250134802991,0.1455657259678524,0.23081910596672764,0.39107918476445047
0.000014894990318256296,0.000029789980636512584,0.000047994968803270275,0.00010426493222779401,0.00024162984294060213,0.00047001969448719867,0.0008291544610496008,0.0013786141039008326,0.002401403439087764,0.003876007480595138,0.005979511113317777,0.009448388858547239,0.014698045446270461,0.02192873574632176,0.03317610843552952,0.051976896215017485,0.08623702894593119,0.14546944044486376,0.2306158250997137,0.39107624580044037
0.000011583382149015246,0.00003971445308233798,0.00005129783523135322,0.0001141790526117217,0.00023001287410187417,0.00048319251250177894,0.0007578841463212833,0.001542244594697459,0.002439129326806925,0.0037596348917946646,0.0061971094497231555,0.00966881455667087,0.01439979878010439,0.022066342993874048,0.0334081288866384,0.05176613482394916,0.0860181958385872,0.14491472975969444,0.23196219184066563,0.39016968000079433
