0.1006799475128236,0.09698198735536204,0.10246928307288558,0.09942741262078014,0.09668376476201837,0.10306572825957291,0.09656447572468092,0.09292616008588808,0.09656447572468091,0.09757843254204938,0.09895025647143028,0.10306572825957294,0.10026243588214243,0.10431826315161637,0.10509364189430992,0.09889061195276153,0.09906954550876773,0.10205177144220451,0.1012167481808422,0.10258857211022308
0.014162077104642018,0.017613944880929953,0.025066211588967307,0.03262929267184538,0.03844150663224032,0.04378275949956229,0.04890792433594485,0.0537615939539677,0.05520772154563887,0.05742954976119502,0.061817799004886924,0.06573508715550581,0.06810097405835484,0.06810097405835484,0.0665052470606487,0.06233862656663821,0.05930231269600291,0.055850444919715005,0.053318336454604875,0.054963929920989356
0.010582264426388497,0.013474567268315921,0.021743674800982833,0.031061413458803543,0.038888451007337,0.0466983540603614,0.05304154429781124,0.059350465544242975,0.06342504857629477,0.06561141020324937,0.07012120942123101,0.07307176954788921,0.07484690328262665,0.07150224975926033,0.06631735141822219,0.06048134224784019,0.054665894472069064,0.048250739353481224,0.039871971049556386,0.03726410083307918
0.009357944966711431,0.012872531931308403,0.020418893047975544,0.030042575077863815,0.039806269108780754,0.04977855244735264,0.057330628339571976,0.06406263394005202,0.06988027545218164,0.07338343286567421,0.07565791353544589,0.0777523787753236,0.07695516758579306,0.07374060633768609,0.06635140154870416,0.05719347372631942,0.04832699945709632,0.03903763179701118,0.030271166099951414,0.02785095865359888
0.0085678847923222,0.01174494085592432,0.01962403989365758,0.029416997504104755,0.04069681735231774,0.05131580953930144,0.060442856198817625,0.06902853250509602,0.0739186571981924,0.07865882484508675,0.08118776147171403,0.08119538640626665,0.07916969546011395,0.0732476629575596,0.06443323861470189,0.05295262882326926,0.04199559787111824,0.032586428633154224,0.025574030489571624,0.02426762503621844
0.008363828867461749,0.011031562010925219,0.018750419000547882,0.028998305503991195,0.04100772810389826,0.05168559585923429,0.0627287165059631,0.07153639698828186,0.07817798912101197,0.08275058544490345,0.08494672624758137,0.08383478548327811,0.07963900068658299,0.07231313731428164,0.061931170635516924,0.04922822988739578,0.038335371506113367,0.029650212563312423,0.022569392270046715,0.02252546945399316
0.007976844457955648,0.010278268986217141,0.01818874678335781,0.028867356594491134,0.04042371901640327,0.05302268027111853,0.06416585670795673,0.07546959764676665,0.08231392715081501,0.08624454615908304,0.0871586933903088,0.08580352899366733,0.07911120055148553,0.06920330034981655,0.05857178945926156,0.046503761491066185,0.0358594054403535,0.028188703966157285,0.021393614242713584,0.021254458341004753
0.007484580797026304,0.010265373393392545,0.01767343708783962,0.028697940683136632,0.04092456823211263,0.05451642197973907,0.06644704915821119,0.07781789332307737,0.08473665028260986,0.08955722774510143,0.08965992175119455,0.0864764075623061,0.0784280165357486,0.0682029153016083,0.05529770186923227,0.04386443585752515,0.0331540551043955,0.026062127860078412,0.02034146763829962,0.020391807837364908
0.007138346491000768,0.010030921958045176,0.018011896604342888,0.028741489743545443,0.04138858977828707,0.05493590075798145,0.06836804615836418,0.08102282389839321,0.08836462957951126,0.09221115992852053,0.09166220400046836,0.08706325853328956,0.07731449224455793,0.0652585755169495,0.053287113547502936,0.04103157648242093,0.03145939741530051,0.02469917790970635,0.018965851486307767,0.019044547965504074
0.007164030251821485,0.010072859240380082,0.017126076959304095,0.029010721112557827,0.04194439057724094,0.057053679437811096,0.07143529933235447,0.08376319361719808,0.09199287106038358,0.09506976572383671,0.09330045894857374,0.08670526636562592,0.07625933826449105,0.06314836874717195,0.05008357111856016,0.03868280835895874,0.029775327589550375,0.022819994274685795,0.0172516644965879,0.017340314522905877
0.006950960408106039,0.010058850386284304,0.017432224990383344,0.0284491467233241,0.04265484625920774,0.05883600622656501,0.07433231594424855,0.0871647199663507,0.0954745958305023,0.09829847966839589,0.09474660540762074,0.08656615006309251,0.0746109295628822,0.06066407106624536,0.047439810470839054,0.0366511721544562,0.02753781056430941,0.02129506799969802,0.01569403551155258,0.015142200795936193
0.007050087531094256,0.00995016104663565,0.017255878158127166,0.02871866113566526,0.04398591745456405,0.06002182547727806,0.07644029638927624,0.09112577504244332,0.09821112182600615,0.10045184732038497,0.09612201111724235,0.08730367207484835,0.07360721545342519,0.05851978132211619,0.04534516163722815,0.03422791933388221,0.026035432022805685,0.018847833407083944,0.013798708453582074,0.012980693796310824
0.007201875060856019,0.009818683840814567,0.017582173011920825,0.029217843680015575,0.04471352464147112,0.062485220681309205,0.07920149949228693,0.09445027889443741,0.10207814608226347,0.10278755337942162,0.09764782796177549,0.08684153788374063,0.07163101083584869,0.05629877175167965,0.04306867340835429,0.03206590532890069,0.023321764894075756,0.017024036388421364,0.011910392121406021,0.010653280661000684
0.007188674690485222,0.010149325792323345,0.017525950960444188,0.029659964823947303,0.04627720108976791,0.06438424664620478,0.0824516329275442,0.09690657654240097,0.10525571610856296,0.10547125564713591,0.09885677828740906,0.08623823154119391,0.07059178535710588,0.05376245818532952,0.040636962444390794,0.030470393488981617,0.021098734351829497,0.014627375245715073,0.00985446770355554,0.008592268165672311
0.007516273845764005,0.010255690281577764,0.018145209616721395,0.030618115076035932,0.04686970308150105,0.06639831799830839,0.08478665082370829,0.10015991343444061,0.109369489064592,0.10874798396071676,0.09968736409926275,0.0845743460499327,0.06885694424945128,0.05242386990511348,0.03785702300767381,0.02736163378796231,0.018775275396958554,0.012731437885444454,0.008005944533665717,0.006858813901168704
0.007628437013851142,0.010702303525574943,0.01874479240325585,0.03133844394879387,0.04822596667478868,0.06819928333245298,0.08792212417125729,0.1030392769938812,0.11106131886594088,0.11071031193610997,0.1010848840399194,0.08486188899661429,0.06688045146988411,0.05009857160626566,0.035523264432604104,0.024858447084001416,0.01668475658691767,0.010835209062112898,0.006440806770685127,0.005159461085088509
0.007490019816035196,0.011135694843246162,0.01934907635541172,0.032617499579737044,0.04916142682245546,0.06897236792281426,0.08998551578575585,0.10680112817256081,0.11445925317149956,0.11174409976278493,0.10193286999696051,0.08434465298165954,0.06581742418710958,0.04701341615202144,0.03358367987339472,0.022218750689825564,0.014912118346048768,0.009142205098511337,0.005421816656676581,0.003896983785490995
0.00782809058679313,0.01110208732127386,0.0198593080015395,0.032917994096293826,0.05050364615741974,0.07218052251699308,0.09196183784645279,0.10994932171807686,0.11709243318486465,0.11385573729355251,0.10156171848375466,0.08353015179747679,0.06367423478167984,0.04523914079203254,0.030791846035683326,0.020247575869067263,0.012648376819899658,0.007619544963623203,0.0043845445651823755,0.0030518871683404003
0.008136569925127325,0.011153120371184499,0.020463169001224194,0.03383135724479375,0.052813305287079566,0.07368736092417368,0.09542715301215413,0.11211794306430119,0.11967960987751182,0.11585819507477119,0.10127256494714275,0.08213505488633828,0.06152308743261799,0.042891153931999104,0.028491521869990735,0.01772392476209156,0.010745615518325879,0.006308716207533258,0.0034223644074101627,0.0023182122542289197
0.008205442977567404,0.011862986302340053,0.020709216031135486,0.03540684056719746,0.05397616610541615,0.07555044425070952,0.09799315707200928,0.11438549393697692,0.12160446257383804,0.11657260029577367,0.10177211262333036,0.08102411213093634,0.05979046273234842,0.04020936863955914,0.02653531662453775,0.015581235740386936,0.008977759640889614,0.005227470865281331,0.0027857360869176636,0.0018296148028484652
0.008313030937145126,0.011957353174081677,0.021355425036139943,0.03618038636892065,0.05541627493993523,0.07786348028561513,0.10057352163173981,0.11737817719864001,0.12255065489970113,0.11760226173748074,0.10123566617132192,0.07995942890454673,0.057667229405283016,0.03834878337259024,0.023845627655738753,0.014260537870287067,0.007757031705434977,0.004227279007153856,0.0021869303113932668,0.0013209193868507867
0.00860039285329889,0.012367479281024645,0.021655701754385963,0.03686867667635348,0.05756074426864707,0.08138588418900007,0.10276241793133137,0.11867499461844792,0.12484191690883653,0.1176070928855882,0.10036762727370573,0.07861606662361421,0.05599673070713594,0.03591849639436014,0.02166242869443548,0.01226825691529437,0.006765619954794967,0.0035215531159186308,0.0015539231514368746,0.0010039958023894092
0.00870428111604197,0.012378078778445482,0.02238867368852308,0.03827264347204102,0.058730390601256954,0.08298450725272812,0.10552261786627576,0.12167691736809677,0.1260441695252775,0.11761861346040513,0.10044176241543802,0.07654696601065539,0.05337752636554286,0.033896995981993694,0.019717278770385968,0.010972700056584543,0.005801175010788005,0.002762064513095879,0.0013600439243815576,0.0008025938220424499
0.009015057546313163,0.012939318306558952,0.022949708030299727,0.039655511001525735,0.06064141018260066,0.08424907810084577,0.10670028080788077,0.12325166462173182,0.12752840389337694,0.11857712817293603,0.09875776501768269,0.07438807212717427,0.05159949713065706,0.03224842685483424,0.01861757927829185,0.0100422806366769,0.004990088639953269,0.002291110324095599,0.0009970106465295135,0.0005606086800351136
0.009408931272872425,0.013271456891664792,0.02417474783728754,0.04068314543423642,0.062030182375612586,0.08671646747461602,0.10860187641930626,0.12487547002727083,0.1273929042234529,0.11801248486352857,0.09848014732273135,0.07308274157137536,0.049714713153384014,0.03018908429798639,0.017222872592001236,0.008761543131815602,0.00432877925406127,0.0018046363724796306,0.0008151052760456323,0.0004327102082711383
0.009701817208259427,0.013721093671563874,0.02469964191292126,0.041377463940296504,0.06338141293798734,0.08790535791974835,0.11205280947759447,0.125551353703022,0.1297195542317861,0.1185284963689301,0.09746996419129213,0.07092634115324117,0.04696462635119309,0.028071349687092136,0.015692245908771465,0.007862855995448614,0.0037582410227234705,0.0015176868244034672,0.0007011144205347882,0.0003965730731903217
0.00984787254158781,0.014367686260335253,0.02513592072169761,0.04234334185086456,0.06549797436708386,0.09003649653358234,0.11281796412596577,0.1279319802339728,0.1300906472821713,0.11820124466399257,0.09623136894631948,0.07000774777397918,0.045060919592162525,0.02630561705246564,0.013986154409955974,0.006857532994974824,0.003172738545259217,0.0012767929905236196,0.0005572373077907801,0.00027276180531500663
0.010500158966550094,0.014835762453774196,0.02606047422231891,0.04327236826692995,0.06646307792707618,0.09142082629139407,0.11445926272987399,0.12960124495908704,0.1312712304010977,0.11811047338565286,0.09468717056274159,0.06771305701042485,0.04304144843627114,0.025024681648566784,0.012867923896855808,0.006144475494051305,0.0027609979752681517,0.0010993791937885919,0.00046685965763625104,0.00019912652064055152
0.010713074395050464,0.015052103434967197,0.026291475152918613,0.04437939520919066,0.066696072485343,0.09359738421876591,0.11651554414966227,0.13106975360931367,0.13215743474330888,0.1181779753759685,0.09377949980034118,0.06605449098694946,0.041393702142447794,0.023121995719448445,0.011852549868759825,0.005533640423644285,0.0022288273928567246,0.0009172610484845143,0.00032246153434883657,0.00014535830822978645
0.01092790322526777,0.015044235965225751,0.027119368639723192,0.04526630084464142,0.06883209704191812,0.09535363723502675,0.11829321648403399,0.1329116249244365,0.13113817852693735,0.11736307557687108,0.09271183666926057,0.0646239191495473,0.04009625371972867,0.021784000240467304,0.010657377503615357,0.004824375369468,0.0019404375837043318,0.0007414408667510531,0.00028555492841087843,0.00008516550496464794
0.011265446785916436,0.015598310934345837,0.027478206277727398,0.04638919639145049,0.07033432346375337,0.09728657513386799,0.11951358382130228,0.13331029151242837,0.13245373686574463,0.11577346216716677,0.09187007752403945,0.06330656808774594,0.03793551963480383,0.02062743880142458,0.009856222376947495,0.004396312640776344,0.0017665396027122565,0.0005610182481203387,0.00018032729403868021,0.00009684243568743938
0.011528237264689462,0.01598653344555462,0.02826809776585196,0.0475679369338589,0.07226273114390712,0.0984991791735069,0.12076899359172007,0.13418554845376285,0.13169890250914576,0.11555570370246915,0.08993591720069,0.06179115174040215,0.037179690169248575,0.019591503404138302,0.009234923042307979,0.003764968625261456,0.0014566545278789345,0.0005199956667027776,0.00014833209723252307,0.00005499954167048607
0.011669654396131239,0.016530620752907826,0.029077416934172685,0.0479493058740151,0.07352982865718932,0.0997423604452412,0.12302330428982365,0.13451953141284861,0.13284362362946597,0.11448034351940636,0.08842122816525617,0.059542252053195494,0.035901113102930766,0.018973610705798966,0.008387876766581898,0.0034868887313961715,0.0012373368908158583,0.00046858715137366086,0.00015341643390169666,0.00006170008754742152
0.01212533741737654,0.01668651965445791,0.02966269940574502,0.04917535026342747,0.07454046172377318,0.10146378247798651,0.12412621828943987,0.13506871803085058,0.13159861596313682,0.11474693279680223,0.08666746745945152,0.05836611578796342,0.03462928299016026,0.01789938705985593,0.008248165684027189,0.003234869187161958,0.0012061941321908688,0.00041207462054100244,0.00012679219093569304,0.000015014864716068906
0.012465720102764716,0.016957511254469305,0.030364574829308606,0.05044934572463454,0.07587061775457093,0.10295631833070648,0.12502207575399116,0.1355351329376914,0.1309567048646631,0.11342272486446318,0.08601380192800469,0.05762688143737317,0.03285538631736437,0.017187432314905222,0.0076690336317864205,0.00305395147665968,0.0011079529361585855,0.00035821034778059515,0.00009330129988703878,0.00003332189281679957
0.01266204351359634,0.01735680882529277,0.03102475451989821,0.051206083376633765,0.07718966918475291,0.1045039103614586,0.1266504123532782,0.1362297986863317,0.13095214303795782,0.11165014588912424,0.0841710300171869,0.056233928880717314,0.03252694618756411,0.01618936275097592,0.007259482793077261,0.0028095314227853494,0.0010042367800471642,0.0002781219606432446,0.00007827384521097303,0.000023315613467098338
0.013090146610973352,0.01818575161005809,0.03204306801351283,0.05178312892113629,0.0780349802799088,0.10586111064884926,0.12739678154798556,0.1362483566590671,0.1309563828193906,0.11082691251601737,0.08285933001614224,0.05493168694147209,0.03172521675458887,0.01565459053768451,0.006746434574229086,0.0025161837879216515,0.000810437503120268,0.00023464412307999547,0.00007155813682581418,0.000023297998036311595
0.013618285128266598,0.018466261447766894,0.03259564847510167,0.053376019498454205,0.07986841207132783,0.10681363759712184,0.12801853951383718,0.13688540829050566,0.13031267116502934,0.1095256408335456,0.0816364583801566,0.053694001461718134,0.030576213284320815,0.015050036376470661,0.006439550962852714,0.002130978601978147,0.000710881143003648,0.00020976820613222383,0.000054939292082249104,0.00001664827032795428
0.013668411263462955,0.018547847757588668,0.03326102073885282,0.054966444516165516,0.0801488619084536,0.10735592103730866,0.12941902597597044,0.1376573381201609,0.12971348907159275,0.10903951794561252,0.08061467923486176,0.052637357884124616,0.029537809394204563,0.014495237017837477,0.006010707143974154,0.002084532535676616,0.0006238624907252444,0.00017135423078586728,0.000028281766246211076,0.000018299966394607166
0.013871794018828385,0.019345663816905632,0.03409068227936529,0.054905026446226024,0.08181863544126941,0.10784571371544524,0.12883137620172322,0.1374688134127275,0.13042480290076844,0.10885033764678488,0.07970792721466352,0.051385516117228296,0.0289078872958318,0.014114633578390604,0.005615248993712784,0.001970992315624896,0.0006420278766508103,0.00014969561890822004,0.000044908685672465974,0.000008316423272678886
0.014380657824104925,0.01941463592987331,0.034229056806340585,0.05581084607062193,0.08268753604305057,0.10834104744636541,0.1291932505804282,0.13720872644841123,0.1296652379630753,0.10840586261510922,0.07968443322458788,0.05071870050572451,0.028172993347304602,0.01371090108041901,0.005587399931196206,0.0020391849243241353,0.0005766888090794417,0.00013295419229497222,0.00003157662067005589,0.00000830963701843576
0.01445595200085143,0.020033458386547468,0.035315892401021724,0.057047214240102166,0.08330340038314173,0.10957787888463177,0.13049768518518515,0.13658904054916982,0.1284555928054491,0.10760396711366539,0.07805515644955299,0.05004456683695191,0.02800560078756917,0.01299256332481907,0.005401234567901232,0.0018442023201362275,0.0005637372286079186,0.00015797945934440186,0.00004323648361004682,0.000011640591741166453
0.014941732722843064,0.02070784320563856,0.03610960260006411,0.05779894675481906,0.08435261625637926,0.11152906554798812,0.1299683295717434,0.13659470653785916,0.12802525662679212,0.10547398524261012,0.07771959630583636,0.04911822685459671,0.027095072732375748,0.012779441291794756,0.005133366216106247,0.0018550534012910637,0.0005978685984465381,0.00014780640350483862,0.00003985790656310255,0.000011625222747571574
0.01534028631215332,0.02114624505928854,0.03617265087853323,0.0581044275417677,0.08553326468927493,0.11187597568671731,0.13161224964294013,0.13674228584714518,0.12695718603646988,0.10545388115720603,0.0762513701132627,0.04873783505497061,0.02642076593483242,0.012374198691334238,0.004920782542265917,0.001652439631979274,0.0004915800312219745,0.00016275284817484305,0.00003985784036934932,0.00000996446009233733
0.015542465958277598,0.020964217767328257,0.036368772171774644,0.05901285235986607,0.08656193142638763,0.1125408126812166,0.13189661618217624,0.13703756012860666,0.12656957471732289,0.10430599749100665,0.07595603446127258,0.047868601859313596,0.02627132021235056,0.012078061262638428,0.0047521330597256745,0.0016433075510729686,0.0004718901360007312,0.00013126521388752736,0.00002326218980285294,0.0000033231699718361344
0.01596483685755973,0.021515514176303714,0.03665372504560553,0.06005819579748658,0.08682560681485071,0.11322120212665306,0.13165927738281577,0.13717675687070607,0.1268920688722199,0.1036237092268391,0.07482459096122662,0.04673258649279856,0.025663583141477545,0.01225829904274055,0.004719071655858007,0.0016200541456621227,0.00046642952349493504,0.00011453251644537547,0.000004979674628059803,0.000004979674628059803
0.016304744828502176,0.021751834512069596,0.03751037619948867,0.06036955872098813,0.08794866686588967,0.11347079722415912,0.1327688680811502,0.1365507852707773,0.1264335757213534,0.10242886077630572,0.07437991831855763,0.046365839891091415,0.0252332569645051,0.011845469336255273,0.004598731613374507,0.0015057940697944681,0.0004382906664010359,0.00007304844440017265,0.000016601919181857425,0.000004980575754557227
0.016598984603022282,0.022438015294043424,0.038128853810062986,0.061322273984520004,0.08823959118484011,0.11457748793842536,0.13240338288567988,0.1370304453070264,0.12529261562675365,0.10200788277444438,0.07336558607797106,0.04588047004446096,0.024777280077565966,0.011591729395709302,0.004378027845386052,0.0014925472252567548,0.000398455321536842,0.00006640922025614037,0.000009961383038421055,0
0.01663265086189031,0.022816840227405745,0.0382756556815789,0.06172915240130582,0.08898435051919004,0.11557139091206016,0.13319715958358683,0.13698725526443625,0.12474985534302359,0.1013145961790663,0.07274960996500045,0.045103133377877205,0.024423403094747418,0.011164700050236174,0.0043819872635542335,0.001472268138492683,0.0003448556000072951,0.0000828979807709844,0.00001823755576961656,0
0.017055799818421126,0.0225396809589489,0.03883862551100179,0.06231939624194802,0.08958112376409352,0.11601462589606852,0.13255423714466388,0.13766964927393352,0.12478651204246355,0.10053228834193925,0.07196100203653819,0.04496483776574997,0.0241679156438332,0.010916309401105075,0.004225775237222673,0.0014058254618725856,0.000370128781579205,0.00007966897540718315,0.00001327816256786386,0.000003319540641965965
0.017319472004141148,0.023378549670500327,0.03927284431554984,0.06231957155087172,0.08967833133133797,0.11579109786770904,0.13408446871909907,0.13680209446321084,0.12454457370771752,0.09970932354678363,0.07163216819415591,0.044603571736692264,0.02377839570489041,0.010868843864271352,0.0043634650225971095,0.0013770631059907223,0.000376618463927583,0.00008295560879462187,0.000016591121758924365,0
0.01728294686190733,0.02324470070933754,0.04014933421827683,0.06255610403617208,0.09103579873065913,0.11620027377940018,0.13280955738996972,0.1367619363670303,0.12430580329364913,0.09981001368897001,0.07041108391753433,0.044645953457501955,0.023739162898743105,0.010881486705106401,0.004264321566350025,0.0014153565354461362,0.00038329116024391266,0.00007466710913842456,0.000026548305471439838,0.0000016592690919649894
0.017725895668736127,0.023640610949440387,0.03953817106717058,0.06329326037688267,0.09111150192290465,0.11623203602252404,0.13454359634598345,0.13692773263164182,0.12336121738611064,0.09996449511724904,0.07026150839342064,0.04324627447597117,0.023660520229487638,0.01058675966512591,0.004086379729698341,0.0013554901498836964,0.00037495810755656717,0.00006138694681235837,0.000023227493388459923,0.0000049773200118128395
0.01785258101010905,0.023884172215531504,0.040122688802407325,0.06331677797573432,0.09206304970256757,0.11719136201822748,0.13407683145717006,0.13636273153447262,0.12421660645028584,0.09909658840196008,0.07014295999177209,0.042970940204967945,0.02281089402248742,0.010261667545859,0.003871763991599563,0.0013187885061360996,0.000346700374569113,0.000071330699074028,0.00001824738813521646,0.0000033177069336757206
0.018010000215450447,0.023729380977714133,0.040317408230538615,0.0646351346648171,0.09207192067445936,0.11710229090119606,0.13342680568192555,0.13658729803592057,0.12365198454723089,0.09945524182655574,0.07031308264844952,0.04287961126109778,0.02228089103676413,0.010086395630001976,0.003830046056676727,0.001208179824888504,0.00030328793958106504,0.00009115211298884468,0.00001988773374302065,0
0.018307998123276843,0.02412385046561635,0.040701019100466,0.06478176461713687,0.09197104010583917,0.11752232753461245,0.1344741776487577,0.13678692394794906,0.12345091589727096,0.09798252260108521,0.06996596366915955,0.042494848129659694,0.022147654344730167,0.010023558512481373,0.003692104665447571,0.001213570101081106,0.00028515581610102475,0.0000596837754630052,0.000014920943865751295,0
0.018005675540012887,0.024357111736572776,0.041635536235821516,0.0649440149227275,0.09330183568764985,0.11734750506507986,0.1344983707257435,0.13662545577435672,0.1229600939628224,0.09799169376601734,0.06911369799699493,0.04188734069640499,0.022258189028945916,0.009825343787636066,0.003775410300459047,0.0011066143399327086,0.0002998461010895513,0.00005632468197262286,0.000006626433173249752,0.000003313216586624876
0.018520084426383077,0.024595070043058775,0.041699205310969975,0.06531770151990703,0.09340124583629704,0.11818367214973913,0.13478211128962458,0.13627101333213956,0.12277970384445121,0.09732909543397847,0.06874648706993032,0.04151516508077044,0.022035087021184525,0.009782318542136093,0.0036128257802228044,0.0010942932606457319,0.0002685992548857705,0.000056372683124174105,0.000008290100459437368,0.0000016580200918874735
0.01826265423867508,0.024583768848632823,0.04182603351714702,0.06619611688761301,0.09437940933358291,0.11899630771371442,0.13417791552300756,0.135604141854028,0.12260577017050114,0.09734947183244406,0.0683263457629814,0.04125123614564406,0.021688247795643805,0.009761616456100885,0.0035481728235140166,0.0010800227268586084,0.00028822692403895363,0.00006294610984758759,0.000006625906299746062,0.000004969429724809547
0.018578669598133677,0.024817985412303876,0.042008850775396234,0.06668258413459545,0.09358973721255291,0.11927655108263652,0.13514759306330013,0.13551900064830522,0.12250647061652,0.09707831560027921,0.06759783854050085,0.04135059715375777,0.02126805845026869,0.009706339297409598,0.003410649117658275,0.001124171172470739,0.0002702653408742337,0.000053058226429297396,0.000011606487031408811,0.0000016580695759155445
0.018861321519852314,0.025420987947131237,0.04267017400116432,0.06671620279071926,0.09421870309340932,0.11834268493532385,0.13449223537841223,0.1365571619781499,0.12262512708835402,0.09649426879207597,0.0671557253199807,0.040955206849253724,0.02118166875923619,0.009394172097119551,0.0034863258736132254,0.0010830498551234237,0.00028527500012439315,0.00005307441862779407,0.000004975726746355695,0.000001658575582118565
0.019120515886290396,0.025418395837404403,0.04282988934411298,0.06656079118462409,0.0939432379349975,0.1190668605325128,0.13475773945357655,0.13664395698297935,0.1223971357314847,0.09658460488793652,0.06660384795000115,0.04029450827517908,0.02160456004265932,0.009219115879003864,0.0036134562327979924,0.001021770162986417,0.0002749008866381608,0.00003974470650190279,0.000004968088312737848,0
0.019351409881338502,0.025532006483583246,0.04257541966962864,0.06731105139680156,0.09402520252919352,0.11876414558591494,0.13588868634589815,0.13620160698822986,0.1220390505093653,0.09557656042265811,0.0665759362370382,0.04059855592918391,0.020856409161124335,0.009596233031505641,0.0036987551056562483,0.001033134819126902,0.0002913970002665621,0.00007781624438936603,0.000004966994322725489,0.0000016556647742418298
0.019524051571841786,0.02586705034827716,0.042998610865055215,0.06738380689202994,0.0945423056990958,0.11927685509120443,0.1357560685659789,0.1360872091964376,0.12127197738971773,0.09596124330061111,0.06586055999192017,0.03987098761037331,0.021125116520109333,0.009429229452309954,0.003531614823841463,0.001160647909757555,0.00027815812958526296,0.00005960531348255633,0.000014901328370639086,0
0.01964332724584459,0.02562540254416188,0.04329512509706592,0.06723501625078025,0.094764483725212,0.12053062150335034,0.13487402540850468,0.13602308720120662,0.12057863705376581,0.09554266678367006,0.06639226055555646,0.04001185487382672,0.02103743391652911,0.00952198035998417,0.0034521525040109545,0.0010894562818413462,0.0002947161370330693,0.000074506888575776,0.000009934251810103466,0.0000033114172700344886
0.019433117851815014,0.025789822642134922,0.04356870545333998,0.06746394828443561,0.09529587270014916,0.11989391679098296,0.13572683573678104,0.13514172053704632,0.12147024697497105,0.09530416045085366,0.06618929222608984,0.039769600530416054,0.020545333996353384,0.009527598209845847,0.003533896900381238,0.0010309961876346762,0.00025526272169733126,0.000048068954085861105,0.000011602850986242333,0
0.019598263746855478,0.026214375261870485,0.04390812630728235,0.06774434483935021,0.09538462048030155,0.12074279307552305,0.13417209176770245,0.1355863994607745,0.12006379289500839,0.09580361327461911,0.06606837366207981,0.03990368134024699,0.020623388409632532,0.009327143943069974,0.0035142399586637926,0.0010433417407908529,0.00023350981817700045,0.000051339038038915,0.000013248784010042579,0.0000033121960025106447
0.01989754963215518,0.026256423836675244,0.04401393589817857,0.0688287721679259,0.09608321816632047,0.1203766995754682,0.13534372181166676,0.13470485522058273,0.12065641059591686,0.09438343581128611,0.0658661524838835,0.03931843196319071,0.020470212431417004,0.009154329314211465,0.0034310115111843035,0.0009566447918304516,0.0002201276078087373,0.000029791706319979474,0.000008275473977772076,0
0.019631879482027163,0.02663415393739202,0.04351945876907736,0.06879192129357369,0.09591144698763046,0.12083437558497234,0.13472627849074234,0.13570696135745067,0.12051631627685072,0.09328414457783427,0.06573722668848907,0.03998104896622443,0.020945530686925277,0.009139235431806928,0.003390976061067388,0.001013814044637636,0.00019050427309367352,0.000036444295722267954,0.000008282794482333628,0
0.020038185319682007,0.0266866700778444,0.043883311226914516,0.06834112439704122,0.09576136327883729,0.12178401283662615,0.1358476693873293,0.13526147670877647,0.11991614464055957,0.09406570988098964,0.06484880699854445,0.03905136140765727,0.020548206068253364,0.009168782093635173,0.0034178013800366634,0.00110449298473084,0.00021030076320962014,0.000048021434118732166,0.00001655911521335592,0
0.02026285877140367,0.02637866641922858,0.044439436769077315,0.06872703051110327,0.09576847749362902,0.12206926719667018,0.13568443691820292,0.13534973273373788,0.11963189167514478,0.09404690498046457,0.06485804897285581,0.03878923246696868,0.020435181717860944,0.008816638443261011,0.0033967503868981533,0.001000798650578773,0.00026676917672712337,0.00006793500773796305,0.000006627805632972007,0.0000033139028164860036
0.02023667972721882,0.026840925124285007,0.04489330202333675,0.0685496825391568,0.09669059077194156,0.12087193261947425,0.13570002020355917,0.13562549887886804,0.11948914803909558,0.09322286512965054,0.06491800998254545,0.03897134075455325,0.020407250759289494,0.008912750433051697,0.0033352432872846755,0.0010399864867997888,0.00024343632732415455,0.00003974470650190279,0.000004968088312737848,0.00000662411775031713
0.020403060210637872,0.027356428429489297,0.04459660859773465,0.06936808637477644,0.09718983904086902,0.120788898456647,0.1352503808703716,0.13461283698748097,0.11962475988607005,0.09320394780419948,0.0641783135722329,0.039701596343644445,0.020204345234152477,0.008880903490759755,0.003260581572497847,0.0010714049148837514,0.00026495330198052577,0.00003477512088494403,0.000008279790686891435,0
0.020767756605665835,0.027152488854024968,0.04467161160703942,0.06915303829184416,0.09722401506651175,0.1214588567059548,0.13599247998358305,0.13408434201511282,0.11901452038381209,0.09276727998490698,0.06407239339747856,0.039324522469027935,0.020554270224111052,0.008905195497257776,0.003430676503589551,0.0010591572418221478,0.00028961330831074345,0.00006785226080423133,0.000009929599142082634,0
0.02050423338291722,0.027529812380969708,0.04489023980620921,0.07002083185105641,0.09732230464141584,0.12122515772805417,0.1359762262084211,0.13478985311807645,0.11797214587921498,0.09276874990692678,0.06353631840466739,0.039103982209367553,0.0208434334994035,0.008930063554519386,0.0032133006156895767,0.0009960900981694778,0.0002845971709055651,0.00008107710101379467,0.00001158244300197067,0
0.02105873197224844,0.027264749225903672,0.04487109433212459,0.0695577302005199,0.09741195171625848,0.12327587634328485,0.1357326180186445,0.13453214776546948,0.11729670657195367,0.0928750020697763,0.06363320252347127,0.038655142152236185,0.020575232228900696,0.008860298378951205,0.003137780868643716,0.0008891758978689584,0.00030467107115063005,0.00006457702051562265,0.0000033116420777242397,0
0.02096151236641525,0.027155476271640805,0.04534186775398891,0.06938795097782881,0.09745026460454943,0.12192825394093643,0.13505588302460042,0.1354877891371476,0.11887181489927155,0.09218465061939642,0.06431595007761069,0.03854886165434934,0.01977997610450473,0.009051825423880278,0.003250052126599792,0.0009118017931550328,0.00024822190376271307,0.00005295400613604546,0.000014893314225762787,0
0.02119462733911568,0.027540433196859053,0.04473023288925385,0.0695555286985055,0.0972101963342334,0.12237488431693601,0.13554661178998745,0.13485127172730751,0.11896937358138213,0.0927285640731034,0.06340673585852144,0.03826853702106382,0.01995294865575866,0.008913597374925706,0.0034187553081763706,0.001011554234041532,0.00024336902193797903,0.00006291171995675648,0.00001655571577809381,0.0000033111431556187617
0.02124435730395875,0.027638032847694394,0.04472592146095734,0.06962499047820919,0.09753625732349912,0.12171663812889358,0.13596123720354114,0.1356880032059456,0.1186431696468492,0.09215271958905603,0.0630359112271022,0.038285878935811535,0.01993614604274373,0.008841189776742982,0.0034758676421396363,0.0011094956266000744,0.0003212569426274844,0.00005630276314089932,0.000004967890865373469,0.0000016559636217911565
0.020704656933750717,0.027442320139984468,0.04537907218901214,0.06981675873702752,0.09745276600112239,0.12197653571540905,0.1362795848804851,0.13508931956223397,0.1178263338338297,0.09301617204714045,0.06392999452047538,0.037913012960482884,0.019643516364906553,0.008636459200717797,0.0034350494233255564,0.0011290138345580872,0.0002532831622982219,0.000059596038187816926,0.000008277227526085682,0.000008277227526085682
0.020564399301330295,0.02738387927252258,0.04553439127159544,0.070385178930638,0.09665151778544874,0.12190958684116851,0.13574390940472345,0.13448564167515176,0.11945430915306991,0.09266148459035933,0.06435046067499442,0.03836888767477091,0.019455136960786747,0.00851648579068054,0.0031820928634696734,0.0010430377231976555,0.00025662039221529615,0.00003476792410658853,0.000016556154336470723,0.0000016556154336470725
0.02097547017834608,0.027364702263108005,0.04567564930178246,0.06980025173210541,0.09767933431578321,0.12187174894270865,0.1357567096860626,0.13468660014455575,0.11817681120588279,0.09279189429236319,0.06416356963402914,0.038285773828130816,0.01972838734326699,0.008413674246747082,0.003243407744814435,0.0010320685531688969,0.0002844804345273241,0.00006119637254366859,0.000004961868044081236,0.0000033079120293874905
0.020908460528950627,0.02746200680840641,0.04564975266982539,0.07024044564114705,0.09749889533026727,0.12272342876245543,0.136085381454457,0.13455787559184645,0.11826999617709802,0.09185059900405959,0.06338570102258491,0.0382108156682714,0.01985426634207857,0.008711582731074566,0.0031940263432701206,0.0010558491228012108,0.00028133910795643554,0.000047993141945509565,0.000008274679645777514,0.0000033098718583110056
0.02111780073094989,0.027697673302791603,0.0457282117206772,0.07038329370850353,0.09775503417331355,0.12225790387132107,0.13551360893684686,0.13477240126468562,0.11839303529505193,0.09257981631947376,0.06306552242732277,0.038023291789305115,0.019426920728832155,0.008565250265130648,0.003299035933681767,0.0010638315473206507,0.0002762983956493759,0.00007445166349833479,0.0000066179256442964235,0
0.02163755361009069,0.027525773366391167,0.0460620876385427,0.07080749656382677,0.09817944845905624,0.1214147605760531,0.13579789512683654,0.13453424347127094,0.11834990911301245,0.0916230150000744,0.06376975075959689,0.03768791442895019,0.01960644859302974,0.008559420572712072,0.0030913153720577504,0.0009890885995133946,0.0002993729707557267,0.0000595437952884318,0.00000496198294070265,0
0.021476601146235175,0.027753918565335895,0.04549193282790418,0.07043901502551142,0.09853551326544627,0.12056984074182565,0.13574760980340558,0.13542157987154088,0.11818005789100011,0.0919818151426836,0.06404915935581779,0.03817860151363948,0.01933009951360307,0.00842712900027969,0.003079907122843775,0.0009665049756801531,0.000289620497849361,0.00007281886803069645,0.000008274871367124598,0
0.021444144080015756,0.02815682002910206,0.045310148804547715,0.07062794559007816,0.09825669074180447,0.12178499240995828,0.13525007407946946,0.13497858730865567,0.1177590422476456,0.09215486002704935,0.06342857994209385,0.038471661912889164,0.019421236556024766,0.008450853445150567,0.0030707802430468755,0.001076014640420738,0.00027810839937028337,0.00006952709984257078,0.00000993244283465297,0
0.02119587697093033,0.028354924637249545,0.04586621664102183,0.07086745752055723,0.09846296388213296,0.12139276319054948,0.1355586439668437,0.1334441852384971,0.11906321867606424,0.0919723366588905,0.06307969755629457,0.03821743518472559,0.019504971790671895,0.008507470094803196,0.003151834019953343,0.0009447229529623929,0.00034744626991611654,0.0000545986995582469,0.000009927036283317617,0.0000033090120944392053
0.02169123063755961,0.028003423449970123,0.045758017709897375,0.07063431495408636,0.0988843989676676,0.12147122265833873,0.13503589821692558,0.13466342421147254,0.11893343310118543,0.09146306133901919,0.06303915612289325,0.037845014394050996,0.019721257008719205,0.008409635323117058,0.0030873956451994734,0.0009849868144202068,0.00028804656421700165,0.00007615024111483953,0.000003310880048471284,0.000006621760096942568
0.021765209089299575,0.02765409301425146,0.04578239092989433,0.07087343780766067,0.09846134499527599,0.12198213313609954,0.1348039824011887,0.1339055098046029,0.11833529408844741,0.09217534611050716,0.06333487215380261,0.038177639449400114,0.01988884090416457,0.008577683132045683,0.0029866354269564954,0.0009348748012356894,0.0002845990545354665,0.000051294015643020124,0.00001654645665903875,0.000008273228329519375
0.02173567695836216,0.027380168325318623,0.0459303730229387,0.07104844234543427,0.09853782686254976,0.12159568165796798,0.13488530645070546,0.13418698473951937,0.11766058917171104,0.09213544131615439,0.06398083090354884,0.038085009912196814,0.019687045966778425,0.008705854318838472,0.00316230518975486,0.0009531594920454207,0.0002366350822265543,0.00006950121296164528,0.000018202698632811853,0.000004964372354403233
0.021596217725606444,0.028018011460635494,0.04614361526143748,0.07118232468271511,0.09855021637573946,0.1214301311488427,0.1350197848153197,0.13369638579728174,0.11735406217328588,0.09241295342958857,0.06351157312441273,0.03818006167039424,0.019852639519341478,0.008655029577968052,0.0031629236531106487,0.0009015655810383389,0.00025806280851739614,0.000054590209494064556,0.00001819673649802152,0.0000016542487725474108
0.021486285015529353,0.027712922713907264,0.04629024438270573,0.07134075411317162,0.09847122227756278,0.12290121934874298,0.1348018248036284,0.13281287489306498,0.11746056435212686,0.09188220518616207,0.06411302265781291,0.03798530295082726,0.01955690432025733,0.00863588151683078,0.00323990343168321,0.0009795826514588668,0.00024820506371423976,0.0000711521182647488,0.000008273502123807994,0.000001654700424761599
0.02139793912680921,0.02800279283393227,0.04640439176444894,0.0715547878571287,0.09822569010132295,0.12241315411545922,0.13497925228820462,0.13283499116485004,0.11794428891933212,0.09202619439977233,0.06374709631306213,0.03779591134406788,0.019796361374180182,0.008441373650736921,0.003163446965936691,0.000931496151580731,0.0002614145505324252,0.00005625376403862318,0.000021508792132414744,0.000001654522471724211
0.02118462447394247,0.02818989870237762,0.0467051380285606,0.0714544590978372,0.09842633705083415,0.12271724541959657,0.13593177759867875,0.13241672858823783,0.11732386278069509,0.09205655190903242,0.0632526780734751,0.037765262908785784,0.01967037313469886,0.008711496229265927,0.00295899605963668,0.0009250999985105722,0.0002383084074875177,0.000046337745900350674,0.00001985903395729315,0.000004964758489323287
0.021556046050650417,0.02862281552273577,0.04645437127095956,0.07131795002465345,0.09891822667271143,0.12256402450122274,0.13566509700882556,0.13301443798417545,0.11680107482403397,0.09167937946119809,0.06333453567138446,0.037733008150528304,0.019681391447074512,0.008519502695333055,0.002966686411484205,0.0008587341034915234,0.00023164311076842624,0.0000645291522854902,0.000009927561890075416,0.000006618374593383611
0.0220548201374558,0.028677720279280516,0.04636030099277306,0.07145847779210185,0.09842999865953299,0.1225848838344639,0.13494862370442207,0.13318781267221283,0.11721805096091625,0.09108887296509655,0.0634785616292136,0.03846312970921794,0.01933416850498207,0.008545891137526955,0.003020188095659699,0.0008605467450646814,0.00022341117419948477,0.00005957631311986256,0.000004964692759988548,0
