0.10623348546721115,0.1000480422772039,0.09926735527263993,0.10058851789574827,0.10094883497477783,0.1046120586115782,0.10010809512370887,0.09764592841700695,0.09752582272399718,0.10857554648090317,0.10190968051885659,0.10010809512370887,0.09716550564496763,0.09632476579389862,0.09902714388662026,0.09866682680759067,0.09722555849147246,0.09866682680759067,0.09746576987749221,0.09770598126351192
0.013395499469540453,0.01652241889552739,0.025445306828968672,0.03246970796806075,0.039410352336813864,0.04542967223183873,0.049879948629180874,0.05266625718912277,0.05513429002177676,0.062225696577139986,0.06595566474956722,0.06813334077837958,0.06650287564911497,0.06366631302696968,0.06430286448154558,0.06358814004131998,0.06071807471103915,0.056893182198894415,0.05092411636607292,0.04987436484449159
0.009800590917981822,0.013582191475270323,0.021262066291251866,0.030571941347443992,0.03963474268301471,0.047544533322352284,0.05199186029353727,0.056761755733311374,0.06379649361211485,0.069715968168669,0.07400201090555955,0.07400887406446564,0.07223817906667905,0.06794527317088234,0.06638733609918639,0.06333666196540283,0.056888724173075146,0.04799063865125202,0.03822093194834787,0.034638362999337695
0.009019143138467169,0.012574133864578329,0.02038538160335233,0.029911153854960952,0.04041583659636831,0.049503675207803806,0.056573584300794566,0.06333150145405418,0.06909047193789924,0.07573962125895903,0.07756291360399349,0.07820979597444527,0.07619186645600054,0.07025829497836092,0.0659963133429507,0.05947310572233291,0.05077740376909163,0.03960007785486939,0.029146916718188278,0.02631609076961828
0.008749549842000886,0.011742149498105533,0.019624352660116758,0.03000461570455432,0.04139424710757635,0.050625656216238164,0.05931433962455556,0.06735124497217898,0.07352411578824569,0.08003682419237854,0.08211642734323088,0.08106394526078729,0.07787860189801829,0.07202274375738638,0.06407206585748124,0.05473921269268031,0.04395570952508966,0.03340045548381206,0.024980598824263386,0.02342343256252758
0.008288855888459578,0.011360513267019406,0.01930756066523323,0.029610315225951575,0.04174451662967591,0.052280532389818724,0.06230152589776693,0.07151187899979446,0.07787228833855671,0.08305484409606666,0.08553988420082637,0.08340358113679036,0.0786944763286073,0.06968736070726647,0.06089272063391618,0.049897111025402396,0.03986226041649826,0.02989669531237369,0.022998168553157006,0.021797219803644876
0.00807551396435488,0.011001765583518938,0.018414651350692774,0.02929244133602944,0.04160877576234306,0.05372845923981585,0.06476228747803706,0.07407755742421457,0.08150326825326934,0.0870458324961418,0.08745623447633134,0.08539994955475656,0.0777262875293373,0.06823787924776734,0.057689265850707716,0.046666125164053905,0.03675448984041348,0.027864584446619954,0.021163489613837384,0.021531141387757188
0.008029834834293228,0.01046263231091713,0.01832814309818963,0.029015218009915553,0.04216114177157354,0.05474395507941659,0.0668678634266774,0.07756095019378213,0.08493950069537123,0.08903557816013177,0.08953456215657274,0.0852801725001703,0.07719021911208906,0.06625265022624616,0.05483814081368457,0.04398473790314501,0.034337713971952684,0.02594917176672398,0.02098137527203645,0.02050643869711071
0.0076083139960918394,0.01045546836834392,0.018147746702491446,0.029179515754763075,0.04290005190522717,0.05689919699560333,0.06977818148510016,0.08104657730825597,0.08837055752320468,0.090362802271617,0.09100780105031754,0.08539173180263801,0.07520914753297508,0.06373465742550073,0.05236893930141671,0.04221116267708842,0.03283005617977528,0.024574835124572546,0.019071354421104046,0.018851902173913034
0.007642663667670009,0.010195118544898579,0.018197955830953617,0.02907115634107707,0.0435920335475999,0.05915116633773259,0.07204942464102082,0.08351433895277682,0.09044584348618662,0.09397591247046029,0.09245987555633961,0.084385371070708,0.07439239078102546,0.061911272331683136,0.04981054132624747,0.040618763575421456,0.030925315427559164,0.02309521446868877,0.01769812305441929,0.016867518587531376
0.007475381684509914,0.010523491373527592,0.01802928260305705,0.029956979437781184,0.04402228840770256,0.0600248642750454,0.07480211435777726,0.08623252569159354,0.09504592735696335,0.09713703077624836,0.09330542810378602,0.08530592896688044,0.07295428729864858,0.05880311608396611,0.0480792794726627,0.037514645773520434,0.028797839133506843,0.021603298541236236,0.015677014855957138,0.014709275805629344
0.007516721893595139,0.010410202772186725,0.018459564219981895,0.030741915920297434,0.045409719353449424,0.062434848338357954,0.07749114464767563,0.08940434022131788,0.09793360463378835,0.09903579935485572,0.09456901022210895,0.08498677190546086,0.07157058353036314,0.05763054503265274,0.045314793492304856,0.03505752682973992,0.026749756093273454,0.018904309458307324,0.013635924164784267,0.012742917915498397
0.007625928504099393,0.010379109156842764,0.018673369660504705,0.030913392852493046,0.0470783476055487,0.0641668156670908,0.08036996082012146,0.09273670670293598,0.10056747462508313,0.1029474309144344,0.09555932444654298,0.08479831128995016,0.069739142208898,0.05590380185431751,0.042702074953867734,0.03245663219693748,0.024059951984251676,0.016868005298050034,0.011665431265091718,0.01078878799293825
0.00766943694983397,0.010644353076114861,0.018929408507572285,0.031436093470832926,0.04793913975055415,0.06623745333422754,0.08311365383325682,0.09608807127417557,0.10387616094812123,0.10470157120281189,0.09773201336476772,0.08455812177896543,0.06922096748399478,0.05338684743151244,0.04040039275771286,0.02975603968159799,0.021130502520080682,0.014738731860319947,0.00984817610127784,0.00859286467226914
0.007874581384927462,0.010597503531931049,0.019419634457964033,0.032432192054951035,0.04933072899741048,0.06805766027099235,0.08575665422651571,0.09969452644757863,0.10732794450164714,0.10714322365247854,0.09847160601095326,0.0845371545463564,0.0673153561178519,0.05128740169601107,0.03761463810106968,0.026644272114335364,0.01851313399445153,0.012701268758573272,0.008409929771869749,0.006870589362131539
0.007754645206242559,0.011044236571192995,0.019955604996908023,0.033018570603557396,0.05084130745498746,0.07038294523196645,0.08790415040468279,0.10253439931312103,0.11024134459278744,0.1095650277766894,0.09963662877361783,0.08418355613174033,0.06518535680396864,0.0491701064560147,0.035151438749035355,0.024391698168493178,0.016400256898176,0.010318516259712475,0.006943746454447424,0.005376463152658505
0.008046595560112653,0.011451969124160324,0.020583327250288174,0.03435930256048103,0.05194467880672723,0.07213755943700995,0.09110647479327548,0.10508276619547113,0.11373540281359229,0.1107646133135507,0.10025311126540357,0.08270338449315785,0.06436767169890115,0.04650558763065106,0.03292992841246103,0.0214066603402997,0.013910085236194743,0.009182285946128552,0.005437393582076123,0.004091201540057276
0.008139202358168902,0.011542099643465711,0.0208234977587581,0.03508825365883374,0.05300126741425495,0.07418180710598052,0.09379203914939414,0.10968801980482838,0.11540069073230819,0.11272541444784569,0.09979914276093249,0.08219240668260666,0.062060994945572254,0.044396726043924625,0.030182734399721134,0.019919894004233742,0.012298487055960825,0.007365893527049733,0.0043065010398211775,0.0030949274663390693
0.00822858919402067,0.011913713019926032,0.021287884036030068,0.03608920669303646,0.05450637757903752,0.07576215828966999,0.09676618134323693,0.11199498512264318,0.11837847793065345,0.11388063307757686,0.1001894096198459,0.08085982843307048,0.06037621718068597,0.04182049510086359,0.02742975707920567,0.017741311403945997,0.010582269840277504,0.0062128382887913745,0.0034384351149552503,0.0025412316525271227
0.008677410930167901,0.012171964380491835,0.021900774227247073,0.036551276758860655,0.056165595329362494,0.0785415209900673,0.09903706012687553,0.11398074120253751,0.11981735313692615,0.11485859190052147,0.10105055644950676,0.08029722238603527,0.057885913107945296,0.03955888423659846,0.025218409590645245,0.015612599937657439,0.008842534477965276,0.005044692878625767,0.00284079899577924,0.0019460989561832871
0.008747411136742494,0.01274646820118204,0.022650659212985567,0.03762649648924885,0.05783394231254945,0.08048628533903583,0.10145144723770391,0.11625385172338316,0.12227853642930508,0.11567293606560138,0.1003738065971813,0.07860714947212445,0.05600363703716174,0.03715839633602182,0.02318611190624527,0.013824108841704692,0.007609153210190441,0.004019262826449343,0.002008789506474263,0.0014615501187088512
0.009122562791174686,0.013088675143622363,0.022974533826281257,0.03849768573393255,0.05941098439950976,0.082015639159433,0.10415962635489223,0.1192927239743842,0.12265357967279154,0.11655898142030201,0.09971939629011292,0.07711642279867313,0.05455548101931947,0.03490145244784285,0.020975505599464685,0.012328741789105048,0.006610747676907274,0.003344043013572881,0.0016728621410281625,0.0010003547476500065
0.009463494590609392,0.013322786617090385,0.02350003190885487,0.03917735613304985,0.060641938983551816,0.08448793005579013,0.10622793670626726,0.12154754587317741,0.12433705155463298,0.11718778864918061,0.0983968319545349,0.07528138571759656,0.053000607947656035,0.03316001786895872,0.019308216026306335,0.010672672249036855,0.005553820161693922,0.002485531853434233,0.001356966038901933,0.0008900891096757727
0.0098305863955691,0.013689666223152128,0.023934684234987774,0.04065121133160067,0.06256575116988843,0.08588298263246291,0.10833443792502313,0.12363317265019792,0.12576573372013616,0.1166197145287644,0.09802398334219804,0.07390809014139332,0.05039622682664509,0.031282036654546916,0.01756720251947576,0.009521860009362462,0.004676198034553864,0.0021375946523220757,0.0009983271727877826,0.0005805398349320551
0.010210269571218936,0.013910759396128307,0.0248145567118074,0.04133190830692121,0.06405080509525118,0.08812325361673047,0.11124922103767833,0.12456026320550537,0.12715680427775952,0.11635519341718212,0.09672199253536323,0.07232623277069358,0.048193477488826485,0.029729557683416306,0.01604662382653095,0.008246949483037048,0.0040439033215623485,0.0017438704878816917,0.0008074405140816286,0.00037691725242399674
0.010480561464632084,0.014415168925143636,0.025686336912279523,0.042676002077017126,0.06573256729368016,0.09023299442220399,0.11237332707994842,0.12623239141722917,0.12819215758530006,0.11659603691730457,0.09521951056096212,0.07063198271385736,0.04607628012931107,0.027748278923301124,0.01482554731076532,0.007165709117100217,0.003348352623909147,0.0014941123264266929,0.000571179712232626,0.00030150248739552096
0.01088405078888859,0.015151616618895827,0.026320283410570307,0.04444697436446921,0.06663530309930087,0.09193766574696638,0.11430178671881276,0.12708941630280463,0.12858281321154,0.11673609064852271,0.09435857598242747,0.06824756904449386,0.04441014170528517,0.02614281696177441,0.013571160697543598,0.006460783263239665,0.0028712732045752865,0.0011418124347057413,0.0004587340280196084,0.00025113176716401914
0.011179081083884086,0.015509866797811356,0.027428309521539355,0.04457581216868819,0.06811494564353734,0.09311942028694593,0.11593926528864376,0.12950370768116456,0.12945687029221514,0.11601621242763206,0.09289694268943632,0.06692059222532801,0.04277591822191889,0.024099509378350748,0.012883627488863576,0.005745943965755176,0.0023870340725276966,0.0008899103900383565,0.00033288001431885895,0.00022415036140063872
0.011378334207861395,0.01588688842915821,0.028045613601195164,0.0459812371954052,0.06956675768442792,0.0952511455203553,0.11779725877229631,0.130514122235628,0.1294095431621374,0.11459715449735802,0.09191735542714292,0.0653389436815069,0.04102817762834674,0.023147699434174787,0.011625652971668636,0.005312340203670344,0.0020336955104960077,0.0007235744914090152,0.0003007930911169116,0.00014371225464474666
0.011655953249328567,0.01624121797450479,0.02857319314363547,0.046800747129410625,0.07094057183108467,0.09759753494031809,0.11894146651688468,0.13229164754053208,0.12968437287699908,0.11404573246557709,0.09003109700831091,0.06312876298003817,0.03978681106272314,0.021951516709425748,0.01085974965489498,0.004673731791224402,0.0018511316273099514,0.0006493148809951047,0.00020197198097791165,0.00009347463582448804
0.012008068781523887,0.0164495692812344,0.029376971937792297,0.04834428135954631,0.0723754352653805,0.09862733942106994,0.12042940066438976,0.1333901729715841,0.13022172464365386,0.11374545964191028,0.0882760737936454,0.061301716701676986,0.03828166321012702,0.02083767833992662,0.00967719868456837,0.004252961973614617,0.0016267704685265804,0.0005339144101830828,0.00017519066584132395,0.00006840778380470746
0.012261628110658278,0.017206317324262515,0.029668135281625412,0.048584407546489926,0.07255213694320115,0.10040688586342714,0.12218420468744531,0.13391032495816865,0.12991153277024378,0.11353266681236036,0.0883454475994735,0.06024212961958923,0.03637616339495288,0.01970702215934778,0.009222078938193051,0.0037635691180469472,0.0014113384192676048,0.0005221618501545629,0.00012678690291292904,0.00006506170017900308
0.012631596495761406,0.017154431561486716,0.02999108102926589,0.04992623094299361,0.07440755528511536,0.10102276421408868,0.12364860922404955,0.1342030024422976,0.13023364369128693,0.11352766131250576,0.08693579174620114,0.05884353457976645,0.03513907759504537,0.018519784277605048,0.008418841534062967,0.003412548241629087,0.00137368820278572,0.0004584517667063994,0.00012503230001083618,0.00002667355733564504
0.01277448902043918,0.017620961828193536,0.03120208524992334,0.05076130288121811,0.07602695892164316,0.10193425596309479,0.12402670559844271,0.13472461101555935,0.13024645680839436,0.11201885257923017,0.08657153713851444,0.05768935909230299,0.03399697345439516,0.017694292228310867,0.007839686412543494,0.0032198712051517936,0.001113288801781262,0.00040331720064530754,0.00011166220017865951,0.00002333240003733184
0.013166798334650022,0.018546852135188016,0.03154364876982102,0.05144384777181107,0.07646743134098007,0.10340270069367359,0.12556458897922312,0.13524301909685763,0.12947796144628107,0.11146111461114613,0.0850441837751711,0.056442231088977564,0.03326033260332604,0.016920169201692023,0.00768507685076851,0.002933362666960003,0.000968343016763501,0.00030166968336350035,0.00009833431667650014,0.00002833361666950003
0.013455214499196622,0.018408718166454376,0.03173072920569112,0.05269029363037706,0.07843685739737091,0.10430163923507914,0.12629353047445407,0.13518486142677552,0.12923066676656922,0.11115995237976309,0.08342033184311963,0.05548257115978588,0.032581566306184806,0.01664543736523556,0.007044797988627754,0.0026241081612094876,0.0009340892629686055,0.000299707784909713,0.00005661147048294579,0.000018315475744482464
0.014063634365487986,0.018477877167158426,0.032709689021506734,0.05377683346765331,0.07957292908571387,0.10575699851470967,0.12702728804641034,0.13572589400488877,0.12905374353099464,0.10931037238825353,0.08262510073998093,0.05412983968189478,0.03151413023931157,0.015808683952870335,0.006840327962754514,0.00251433671464443,0.0008075849712599658,0.00021480095111863003,0.00005827932782288411,0.000011655865564576825
0.014002898758126759,0.019181392036236138,0.0334638495574485,0.05420943943475882,0.07999540724889216,0.1074454153194874,0.12747879596703207,0.13611017277729984,0.12949228467735094,0.10816927283104835,0.08184914809459073,0.05316941427447013,0.030731495456338093,0.015024619475594364,0.006356633779684398,0.002291383433148015,0.0007454900348949243,0.0002246454346223544,0.00004825716743739463,0.000009984241538771305
0.014322767193892232,0.019718136459752674,0.03399099274461753,0.055259694778154324,0.08159601777493843,0.10836656568026072,0.1288782855935488,0.1361270132812929,0.12832427450334485,0.10766282186297459,0.07985246335291508,0.05235654356972804,0.02959550535627238,0.014655506587408145,0.006147360295206391,0.0021594786639182397,0.0007603095141838487,0.00017468818159585155,0.000038265030254329356,0.000013309575740636297
0.014602133441546568,0.019982304476102723,0.03431168736133794,0.0555113906619523,0.08277979384049414,0.10954261062197104,0.12987250574605594,0.1361058538256592,0.12819276146633357,0.10750862324167365,0.07900120076769303,0.050946145070033665,0.028721964070103537,0.01402835940540379,0.005900725449955261,0.00205394473807631,0.000665245259295971,0.0002045629172335111,0.00006153518648487733,0.00000665245259295971
0.01477385330557902,0.02050649411107491,0.03460200708932146,0.056380389314144706,0.08334441732561003,0.10981964127767394,0.13025796883624732,0.13655755584669502,0.12871175191365128,0.10622510258234855,0.07868914056940687,0.050343492920654126,0.028028091270026007,0.013545192761709679,0.005569706119028776,0.001893700080469784,0.0005503202165368733,0.00014963389573510147,0.00004322756987902932,0.000008312994207505637
0.015379139194017339,0.020713435040352356,0.035771551752816017,0.05678438599876247,0.0837752243830713,0.11061303650674312,0.13057298354635027,0.1363463982275567,0.12836408274063374,0.10611872176499153,0.07715184862376166,0.04954391521014498,0.027709396477734675,0.013173565046140739,0.00541413563449345,0.0018346517987238942,0.000562205174948936,0.00013639297143731573,0.00003492990731931258,0
0.015470388605387034,0.02095087020935905,0.03651769932840823,0.05742700035084395,0.08488261692996593,0.1119092395000391,0.13008162525544265,0.13768712369493538,0.1284371482207556,0.10587505632624825,0.07578727883114099,0.04831836011220354,0.026486223140069865,0.012710194593677825,0.005104696154185101,0.0016877089890872568,0.0005038185455107771,0.00012969586320079408,0.00003325534953866516,0
0.015638862398612393,0.020965346287909255,0.036913231145476476,0.05827731609010163,0.08542643437924699,0.11243599413854172,0.13122489192520995,0.13683547710741692,0.1271943086702398,0.10563251580832633,0.07603780042465666,0.048074590711382995,0.026054248394246197,0.012156544796626674,0.004784863880591062,0.0017544500895500562,0.0004419353445268136,0.00012959006343267462,0.0000199369328357961,0.0000016614110696496748
0.015224163484247235,0.021348350037923482,0.036821464195084384,0.05878389255952825,0.08659168272398507,0.11258877166078313,0.13176627183089942,0.1380331901037129,0.1268071744264591,0.10484474606201524,0.07558474363889539,0.047028441784544815,0.025792949385008857,0.011876606769134762,0.004746659496887288,0.0015534521989812944,0.0004547498958556356,0.00011949632299856104,0.00003319342305515585,0
0.015504287925388107,0.02169703531975102,0.03709669919422873,0.05924876610047894,0.08684460505251132,0.11304379595985092,0.1322331754561941,0.1377466968692498,0.12775925175535907,0.10436498183195055,0.07417014859936628,0.04648961398707312,0.02524096745693807,0.011784321670796271,0.004723028583954988,0.0014896472010575332,0.0004184962036415812,0.00011790964467679471,0.000023249789091198962,0.000003321398441599851
0.015823540730812356,0.02169412576554818,0.03801033780331633,0.060985077201759684,0.08725922141345245,0.11314851800489684,0.132110557431872,0.1374586122925638,0.12770637453635814,0.10332992721071733,0.07351418959717074,0.04586156102157137,0.02495040110411455,0.011474099091626916,0.004540206623360248,0.0015808611297268237,0.00042631826898194535,0.00009952955696076539,0.000026541215189537453,0
0.01640272338334393,0.022223365911886835,0.038484972747904425,0.060572202696488206,0.08847177420024278,0.11427784021954417,0.1325084379394328,0.13694779849885197,0.12679072748070436,0.10253362309264388,0.07299543944522936,0.04537478064677864,0.024414822882131156,0.011342450015688838,0.004529011071838281,0.0015854859140782833,0.0004233496419790182,0.0000979514857912239,0.00001660194674427523,0.000006640778697710093
0.016428737425716274,0.02263371070017595,0.03849971780485378,0.06149530228080075,0.0889977092394011,0.11530161681219084,0.13316622954085194,0.13814614388632518,0.12569967796553896,0.10159191261910294,0.07192490289167029,0.044317917731815,0.024084525746157163,0.011261246306563529,0.00449686265396235,0.0014441751601872448,0.00038345340460144085,0.00007967862952757213,0.00003153945752133063,0.000014939743036419774
0.01678275972469439,0.022182372545083873,0.038912048518548625,0.06152074994069548,0.08950584004206888,0.1160244915157236,0.13250699627252535,0.13878083212097786,0.12532078344981343,0.10156082817287386,0.07205123909087441,0.044170657624734364,0.023431499566206212,0.011048055724667856,0.004309737052956019,0.001398425071455706,0.00039812813422226485,0.00007299015794074856,0.000018247539485187144,0.000003317734451852208
0.017061550027133197,0.0226674167708017,0.03903362690284988,0.06231672649245002,0.08958102037395678,0.11542144401684083,0.13400643562795497,0.1384539557206227,0.12514624541349492,0.10081100860794281,0.07134950703886438,0.04413997739730462,0.023231654394498348,0.010723833895081678,0.00429318450736247,0.0013591488641398774,0.0003202878275689823,0.0000730189865960374,0.0000016595224226372135,0.000008297612113186068
0.0169526939742733,0.023169621462246548,0.0390112614442707,0.0627264601653978,0.09055421694738747,0.11615157429717544,0.1345685379358607,0.13834943808858913,0.12489739333467104,0.10072119012123758,0.0703678583688069,0.04327804043241558,0.02282303894824644,0.01055501292636697,0.004086025428211816,0.0013614557128903825,0.0003515573826221205,0.00005804013392346331,0.0000165828954067038,0
0.01719445757357149,0.02318299791868786,0.03928455931739595,0.06327686426693864,0.09114157068583797,0.11693159863014836,0.13516422464903774,0.13745449720971498,0.12494506496844858,0.1003706559864673,0.06964352347073308,0.04246042604708242,0.022781661235354113,0.010496115160410295,0.003995124256822309,0.0012836140202492606,0.0003416337056477357,0.00004146040117084171,0.000004975248140501007,0.000004975248140501007
0.017287875447736082,0.023609635462852614,0.03992786497224492,0.06395850909892543,0.09105886993981566,0.117355336284814,0.1350890831127458,0.13781900936992902,0.12508266853192287,0.09925859379791258,0.0692675278006607,0.04171300800745218,0.02265656466875403,0.010381012840764243,0.003915049070714537,0.001258053448210133,0.00028011993774375803,0.00007624566352788682,0.000004972543273557838,0
0.01796913466655394,0.023862692535324033,0.04063487958408558,0.06346806454233335,0.09134766023265868,0.11820935310120517,0.13547888680555897,0.13772192022228075,0.12503792268248903,0.09879459748906246,0.06853271131844943,0.04135603223469454,0.021974433066258167,0.01013924048534402,0.0038842773801767566,0.0012168414840161071,0.0002834875936876763,0.00007957546489478635,0.000008289110926540241,0
0.017782860173353888,0.024289431379373196,0.040570775120568774,0.06398515056596893,0.09239960887651434,0.11753426473756608,0.13529392267024642,0.1388985564891695,0.12374915063226108,0.09818359601584381,0.06841014932299176,0.041855184872139066,0.021362634448698195,0.010096289298795143,0.004038847180099107,0.0011965726975919383,0.0002850560997033428,0.00006132020749432375,0.000006629211621007972,0
0.01806274269533611,0.024020732080908106,0.04069581632568574,0.06481424750991482,0.09253926593199148,0.11867460402884604,0.13543082820689029,0.1377391765124732,0.12421364641204181,0.09713940337310291,0.06835294215053941,0.04086637577724603,0.022013760670315203,0.009882512688464056,0.0039742008130552505,0.001230346335041688,0.0002881295589465057,0.00005298934417407,0.000008279585027198438,0
0.018049249328870188,0.024212043880290322,0.041490736751400276,0.0657508368408842,0.09334504358201041,0.11877009246677492,0.1355781659099195,0.13754184204421172,0.12320452059788557,0.09708845656712956,0.06746428926523713,0.041098001524541815,0.02139164153382163,0.009699068703808041,0.0037682696450468964,0.001135120803367249,0.00032147946839889953,0.00007456997978324992,0.000013256885294799986,0.000003314221323699997
0.018414285785338526,0.024563433708073807,0.042291349248059835,0.06538754221425691,0.09407582899101918,0.11922284319755688,0.13543212312222197,0.13597757194038856,0.12362953912061715,0.09698212618933538,0.06719962597795327,0.04069147657471405,0.021088477103583875,0.009675499400669463,0.0037451941648581743,0.0012616612480996338,0.000281842854371797,0.0000696317640212675,0.000008289495716817563,0.0000016578991433635127
0.018606685286604575,0.025358897646665154,0.04182362744221027,0.06599972832119061,0.09342272228793314,0.11968445500236892,0.13600837565890395,0.1364871267315382,0.12236314179977267,0.09636646158229714,0.06765630642719174,0.040942327889817665,0.020957369619020172,0.00923376636285024,0.003589804755704425,0.0011678875647307887,0.00024020382537016233,0.00007288943666404927,0.00001490920295401008,0.00000331315621200224
0.01891947871185823,0.025020505215366903,0.04211398414263346,0.06636399035633508,0.09409201249368274,0.11960298589075484,0.1358149476806323,0.13705437403169815,0.12231713076113698,0.09591304131697335,0.06704998301588222,0.040718801004134185,0.02089626432258225,0.00924433103288291,0.003388538620226843,0.001130065202442399,0.00030157165226468724,0.000049709613010662706,0.000006627948401421695,0.0000016569871003554237
0.019037996488554667,0.02497267035478849,0.04222513002285752,0.06708185642826382,0.09511710338887601,0.11949183423327925,0.13567760956703218,0.1360983204690761,0.12138006426607484,0.09665418888925698,0.06677212044920001,0.04007022890648292,0.020951071653360718,0.00941464868983337,0.0036572034319409022,0.0010584026236459404,0.0002650147414449927,0.00007122271176334186,0.000003312684268062411,0
0.01907917626203218,0.025209165161782,0.04275418744512004,0.06744644543481504,0.09395284878808466,0.11971868321211415,0.1352159578521844,0.13636077469805669,0.12264451034642723,0.09562451332858396,0.06621216388608163,0.040598750807667464,0.020790602892692057,0.009392137046670752,0.0035123179641809834,0.001121622293278549,0.00030152918371742396,0.000053016120214052595,0.00000994052254013486,0.0000016567537566891434
0.018693416046977107,0.025685635132089973,0.04356053074588089,0.06780132819024137,0.09460870083906629,0.11932503545817262,0.1351685423045824,0.13647751222809876,0.12150886122930499,0.09579340146604631,0.06636477512228098,0.04004619503983244,0.020830847947402607,0.009253920282074736,0.0034911387706949805,0.001067059026258931,0.00025185244098036876,0.00005964926233745578,0.000009941543722909294,0.0000016569239538182155
0.0191590866563668,0.025456580740564096,0.04337372141661327,0.06747409714667049,0.09463462777223043,0.11906784502501283,0.1351170989466642,0.13579934127185206,0.12167758751165358,0.09598752092678976,0.066925984987357,0.04034668508058572,0.02073884194333083,0.009337777844014898,0.0035503095757346936,0.0010250194157554926,0.0002566688359323122,0.00006458119097651729,0.000006623711895027414,0
0.01929687668255413,0.026503385402429667,0.044122056721021964,0.06766994521396703,0.09454276773008231,0.11858103014971313,0.13490087323005662,0.13606882464327782,0.12139902355948519,0.09608181292566026,0.06629491021684132,0.040199065307535684,0.02033063793340523,0.009068604306344548,0.0035154509203622814,0.001070207961618301,0.00025512697537030687,0.00007952009621931641,0.000014910018041121829,0.000004970006013707276
0.019844899582421943,0.02615993902034864,0.0440031152647975,0.0676907271160602,0.09499072048783719,0.1200023198780407,0.13483462583681316,0.13549910518989852,0.12194273215350962,0.09518956717703984,0.06602372903824485,0.039477696029694434,0.02042486909259627,0.009077351362099823,0.0033986213296215264,0.0011234837939948293,0.00025518658447670165,0.00005633989527407701,0.0000049711672300656195,0
0.01982546304961003,0.02612422963086876,0.04323342205379873,0.06770470163257802,0.09567400777449653,0.11980409726236355,0.13453820914952572,0.13666153777355244,0.12178498730474735,0.09552825666769904,0.06528324574464738,0.0395498940820082,0.020610531511223665,0.0089736306435077,0.003350619193764503,0.0010616643120133688,0.00023850181112312826,0.000051344139894562326,0.000001656262577243946,0
0.019749500756730255,0.026281887818464224,0.04353268842914719,0.06794841649638855,0.09551691134830456,0.1203747553459598,0.13441317803528316,0.13601771113105504,0.12175905840897872,0.0950367105250085,0.06539176107856416,0.039639750030633504,0.020615518103571033,0.009069172100663339,0.00331504154565054,0.0010531300814354354,0.00023182108710842925,0.00004305248760585117,0.00000662345963166941,0.000003311729815834705
0.020055322743610556,0.02646050386762295,0.043854040713564024,0.06855382372915045,0.09576135027247279,0.12036175111390854,0.13482848293111158,0.13488811223560196,0.12137213655110726,0.09552614579364949,0.06529574478657678,0.03876236065790999,0.020472727875043478,0.009144816391433257,0.003277955377403809,0.001058420154704918,0.00025011180494591945,0.00007288026104384411,0.000001656369569178275,0.000001656369569178275
0.02022434309816128,0.026632252592237955,0.044625092565135194,0.0682637845431548,0.0958171327089984,0.11974408121544854,0.13648118297828635,0.1350432136295639,0.1208639743948684,0.09497886947114864,0.06486434548373256,0.03902893996146638,0.01998247267775405,0.008853120045590919,0.0033050101966605318,0.0010287776100883154,0.00019879760581416737,0.00005466934159889602,0.000008283233575590305,0.0000016566467151180608
0.020621050503845523,0.026675149695638202,0.04449945158543173,0.06844412633085803,0.0957339642586131,0.12155584053231006,0.13479400488436902,0.13560751410800612,0.12076055656622896,0.09397936900844658,0.06532097992239354,0.03889435646615569,0.019797600230632352,0.008791201508388587,0.0032126158546485995,0.00100570284877344,0.0002551536057843652,0.00004142103990005932,0.0000066273663840094905,0.0000033136831920047452
0.020472894563020327,0.027174137968139295,0.04428978904657926,0.06861324985473467,0.09640486899631995,0.12102299910440399,0.13538895519867833,0.13570183439916436,0.12037903080287451,0.09403261558734377,0.06500768954437174,0.03856691393504361,0.01990342130922563,0.008715920584968225,0.003059263293641267,0.0010015445306563679,0.00021520791567822777,0.000044697028640862694,0.00000496633651565141,0
0.02068225794971704,0.026647752759703443,0.04472134816210121,0.06796426661987849,0.09666120988312325,0.12141039922799476,0.13585735780223487,0.13550479110009087,0.11958466649341797,0.09410717034599539,0.06497158775848687,0.03869460937099121,0.019917535807038422,0.008782717941672558,0.0032426205140852872,0.0009650065133801548,0.00022842349716374144,0.000051312524725188335,0.000003310485466141182,0.000001655242733070591
0.02048071925823184,0.02659150118011579,0.044470338211586656,0.06897636127101617,0.09677280536530623,0.12102890207852654,0.13587055470407722,0.13536242630483072,0.11990340594990222,0.09383658458268919,0.0643121729026876,0.03870548083511812,0.020139760136913296,0.00903045129084475,0.003219249956138753,0.0009848091125463027,0.000254891770306102,0.00004468881687184902,0.000013241130924992304,0.000001655141365624038
0.020622086090469914,0.026450318617762876,0.044641218041058944,0.06892331508013821,0.0972954288729052,0.1209540174946208,0.13530132656790864,0.13456535509383222,0.12002454340825909,0.09374126550708434,0.06467783468922986,0.03924795292428755,0.020097809781970514,0.008916004981451866,0.0032812750664441654,0.0009195508754752807,0.0002695805624145157,0.00004961605443211945,0.000018192553291777132,0.0000033077369621412967
0.02047217247668764,0.026707007444727277,0.04477098112170755,0.06888441638833075,0.09723330232742901,0.12106205704865722,0.13493195803941166,0.13464562237456673,0.11983064817787896,0.09372941445184099,0.06536232219879308,0.0387397258460143,0.02024211087314171,0.008844958340643446,0.0032142419718431087,0.0010195535811819546,0.0002217860062960744,0.000072825255798711,0.00001489607504973634,0
0.020459015742034615,0.027316767882805626,0.04499261574733271,0.06900799353629544,0.09767743730007883,0.1215851970568952,0.13484704994138946,0.13474605455737532,0.11918448710901539,0.09321708378312157,0.06448969184818241,0.03876898216520858,0.020235501367576837,0.008806466353636166,0.00331960237620615,0.0009917415577792936,0.0002897408557785916,0.00005298118505665675,0.000008278310165102618,0.000003311324066041047
0.020532306800778173,0.027790885384328824,0.04514590835713399,0.06908729665962998,0.0971315037874084,0.12223188045862826,0.13520758309532682,0.1353565958855913,0.11891055093339958,0.09298894821805537,0.0635903803965396,0.03861418105054017,0.019846847965561496,0.008905997764808144,0.003332919408915932,0.001018254066807401,0.00023676476675359067,0.00005960511610579907,0.00001158988368723871,0
0.021052370438363638,0.028116136181332543,0.0453943288099432,0.06873568351154002,0.09788550117012743,0.12119047028372489,0.13507818766693952,0.1347887568533082,0.11874271254558537,0.09359861734765605,0.06435122015761573,0.037819510944619494,0.0197077575727505,0.008896276265846338,0.003360705218851041,0.0009509869590744833,0.0002795074714497177,0.0000446550398174105,0.0000066155614544311855,0
0.02080036024820042,0.02789274669386187,0.04536047997774939,0.06883124623361832,0.09778520201050282,0.12181388942234471,0.13596058460866053,0.13391101074784614,0.11945969392147383,0.09261160078671848,0.06462779871131803,0.03822008251273119,0.019616640288198563,0.008570794731370065,0.003254816001907196,0.0009486315203930941,0.00027151059222420146,0.00005959988609799548,0.0000016555523916109848,0.0000016555523916109848
0.021375038680926623,0.027694716061313622,0.04554999726958165,0.07008901163820139,0.09751895985954065,0.12177831319718753,0.13523182906588252,0.13449047911395437,0.11858124152949763,0.09268363718200967,0.06356744877983395,0.03840788478627443,0.019998245913060163,0.008669491960159061,0.003120950913697269,0.000906829851912038,0.000269732236973836,0.00006288236199390042,0.000003309597999678969,0
0.021204208408211623,0.02749067537737003,0.04575104995085338,0.07001492601528346,0.09773892380451223,0.12138557107728763,0.13620402638363494,0.1346899128598708,0.11816870037761829,0.09235265110522013,0.06381616179668186,0.038561079174071755,0.019468355854737773,0.008697465225032019,0.0032317636195752547,0.0009068133453800504,0.00023663194961559718,0.0000612264485019377,0.000016547688784307496,0.000003309537756861499
0.02121929863762834,0.02759998477242219,0.045798595421464604,0.07019085782573359,0.09781070465616296,0.12210696711339745,0.13564295964526366,0.13429233970077809,0.11890586543124665,0.09232215596018982,0.06324410303773625,0.038189772033229215,0.01981902354812494,0.008558891829576925,0.003068687962103193,0.0009268960403332192,0.0002499308965898502,0.00004137928751487584,0.000009931029003570203,0.000001655171500595034
0.02117432862994993,0.027887615343236652,0.04553813050854471,0.07071461083295401,0.0972615550130343,0.12218148715190133,0.13584143666983906,0.13557661273637606,0.11837960855712334,0.09272479000289656,0.062764927380312,0.037664583936773285,0.019333802292382168,0.008514089460835022,0.003202714445317994,0.0009484007117143221,0.00022344519385939494,0.00006124053461331567,0.0000049654487524310014,0.000001655149584143667
0.021325743786610184,0.02751100373961676,0.045727570572856334,0.0705910580137009,0.09740377932951647,0.12261971737763512,0.13619320250190292,0.135041532911937,0.11791044776119401,0.09225436012840454,0.06365952940397789,0.037483866697554366,0.019297084422675966,0.008725220902141175,0.003071118906575767,0.0009216666115100768,0.0002035278154681138,0.000054605023662176923,0.000004964093060197902,0
0.021010496971422606,0.027752992572163567,0.046166147143006125,0.07047091522797516,0.09758160770362817,0.12241114158909686,0.136776812304351,0.13459994470921846,0.11804912933573256,0.092179996324984,0.0629669298220928,0.037928813946520236,0.019303766560334,0.008369766206075697,0.003223088370891887,0.0009733826204850688,0.00020030492700458063,0.000029797427157706185,0.000004966237859617699,0
0.021108585637023704,0.028198858735868707,0.046420347411793725,0.07032001417061352,0.09837319370202313,0.12251290005909944,0.13507773144369747,0.13517374728300008,0.11764257938275062,0.09262052057139354,0.06300625592856421,0.03740313574487598,0.019229654988602254,0.008513956233331732,0.003127136559355171,0.0009369821559528992,0.00029632474543386746,0.000026487128083474178,0.000011588118536519953,0
0.021375002272881315,0.027925859438408217,0.046477529882190366,0.07077339125461393,0.0978198522544503,0.12179337773303645,0.13542405353090042,0.13428843938184237,0.1183171090933435,0.0929881198560564,0.0634819880355528,0.037420717767650366,0.019183118194786755,0.008334449111427385,0.0030828535487528916,0.0009835377273501181,0.0002727457563239823,0.00005124314209723304,0.000006612018335126844,0
0.021333364210498456,0.02765380963566048,0.04643649945578996,0.07034204179665403,0.09829359552457546,0.12143161976094453,0.13600123067558129,0.1346944649373249,0.11832515639835516,0.09235194675012323,0.06346415326542564,0.03772583062331071,0.019196223281603055,0.00839307513406755,0.0031015009610517643,0.0009941344413824586,0.0002183456676580441,0.00003639094460967404,0.000006616535383577097,0
0.021801781508485187,0.028402108129416095,0.045673928958291234,0.07085123509750595,0.0971713832363298,0.12179880018152967,0.13685118872130886,0.13437834364099524,0.11780547835391,0.09153833158318399,0.06339460512324474,0.038283550694152284,0.01910699319926196,0.008452061918848277,0.0031171429612526884,0.0010633399474623934,0.0002550690839707299,0.000043063611579473897,0.00000993775651834013,0.0000016562927530566883
0.021624250927344508,0.02804534640163861,0.04576167990814243,0.07028460624671168,0.09776080633473082,0.12241609228111852,0.13616660103836115,0.13403064786719035,0.11833279837991839,0.0920114358701155,0.063061080650018,0.03801864285076123,0.01944031739833954,0.008482596366066967,0.0032659733229210438,0.0010175144851045806,0.0002200478479982264,0.000046325862736468706,0.00001158146568411718,0.0000016544950977310253
0.021324594288173317,0.02832245090493806,0.04588495245661511,0.06997525592326855,0.09843011660335825,0.1227438615655801,0.13525161995084287,0.13427013249253128,0.11790759452816607,0.09256932893070831,0.06361958671598929,0.03735279757028063,0.01933844766089856,0.008446088532485909,0.0032307985137002746,0.0010046591689631488,0.00025985418373511416,0.000049653665681868935,0.000018206344083351954,0
0.02148437823229673,0.02818190393758905,0.04608665575512245,0.07083456763971382,0.09799041130122645,0.12281610517448811,0.13519502592457133,0.13426660686831512,0.11867545547974111,0.09186218355556365,0.06277502966472653,0.037591869630767244,0.01924194004829103,0.008340877082943733,0.003318146537956782,0.0010442645712971223,0.00023500090194008143,0.00004468327008719857,0.000004964807787466508,0.000009929615574933017
0.02169321278053852,0.027826242414410715,0.04670206884222304,0.07114810976881543,0.09815164888281198,0.12211929694457596,0.13512363724247067,0.13414036609469204,0.11822759581927673,0.09206331339202059,0.06303529513032481,0.03742389580636512,0.01936249598580381,0.008510095910320373,0.003165007465577233,0.0009733391159829568,0.0002665095198524762,0.000059592190774466714,0.000004966015897872228,0.0000033106772652481518
0.021783164590897516,0.02870552100537174,0.04663116400838031,0.07110350602541231,0.09852815113673596,0.121981088049461,0.13576622525543056,0.13468062501448022,0.11826423112693911,0.09141713858282835,0.062142339402324095,0.03706431188500579,0.01916018230140631,0.008368720150130569,0.0031525433826376783,0.0009548648460797586,0.0002349927350837534,0.000047991474066400354,0.000011584148912579392,0.0000016548784160827704
0.022324344615120038,0.028518936832026675,0.04644621238554641,0.07094676718685144,0.0984668963042461,0.12189753621918206,0.13651088683872398,0.13481423664797484,0.1177352861898297,0.09123711595926057,0.06202695127174351,0.03765207426234578,0.018909546716585002,0.008114485853806959,0.0031006034187666706,0.0009806175079086052,0.00027119944569479153,0.00003968772376021339,0.000006614620626702231,0
