0.10408985194849397,0.09875772874241308,0.10272845878949456,0.10148051506041185,0.09909807703216292,0.10096999262578708,0.10335243065403596,0.09790685801803845,0.10028929604628736,0.10238811049974471,0.10023257133132911,0.09994894775653754,0.09251801009699927,0.09841738045266324,0.10471382381303533,0.09921152646207952,0.09802030744795506,0.09694253786374722,0.0964887401440808,0.10255828464461965
0.05798912053304183,0.05233075661747482,0.05551130891960128,0.053866375159418015,0.05200801644933762,0.0512844538143203,0.05144061841180603,0.05143020743864033,0.051315686733817444,0.049176231748262654,0.04940527315790845,0.04748444860883372,0.0455011582207647,0.046021706879050515,0.049587465188308484,0.051003357538845946,0.0487858202545483,0.046698420134822116,0.0438510189739986,0.04845266911324534
0.06372985955575147,0.05255720032023751,0.05421348951935199,0.055331727824037925,0.05420052443755856,0.05354254653654045,0.05292346388090275,0.052012666884912205,0.05058326661718327,0.048570437668748634,0.04725772313716084,0.04624320548682262,0.045021246527789036,0.04612003720978477,0.04749433587989148,0.0476952946476901,0.04770501845903521,0.04495642111882171,0.042233753942195196,0.04795135501311095
0.06693840726514425,0.05390242189483692,0.05600395455503153,0.056622529078405,0.055652798712068394,0.054993706206814576,0.05435622329189694,0.05254101770365687,0.05083386006709778,0.04813806367265794,0.04668481872254905,0.045272091754320544,0.04433207457469625,0.04440770814087293,0.045493590055266535,0.045296402543448785,0.04552600444077082,0.04410517387616627,0.04062332863324742,0.048362263172395885
0.07051016672130714,0.05591277941433368,0.05722175824333604,0.05757353134729099,0.056908273368383,0.055807486784578475,0.05462294469983225,0.052643921863296674,0.050583536540132056,0.048877317335234975,0.04684325516950918,0.04535001423843516,0.04424922765463058,0.04359114871866048,0.04383762919286018,0.044249227654630616,0.04333270317289768,0.04170545344031703,0.03924064869831986,0.04695572684220224
0.07265156736666695,0.05914377197497798,0.05866392133939398,0.058301852223453354,0.05744030221865483,0.056502412340013436,0.05507594726877743,0.05284900409181721,0.050085500658704055,0.04953585356703514,0.047564103682635514,0.04518011847948421,0.04336322948202304,0.042676170617436886,0.04202619112014587,0.04249077378096126,0.042045821373419764,0.03978616110766975,0.038488383252340344,0.04613545747214684
0.07569698539649644,0.06110562445358288,0.060490399248777624,0.05929637664734644,0.0581448531554577,0.05697713952660038,0.055256937473691044,0.053433523297607095,0.05158582391607033,0.04945884467182593,0.047157821455169495,0.04507738885470971,0.043168976459540855,0.041983048926593936,0.041246397694524484,0.04078902632516272,0.03954643331282583,0.038168247903377264,0.03720898228799017,0.044211216526891806
0.07884974466052126,0.06296026297206399,0.06119962922004877,0.060131828641799556,0.059364763342272926,0.05787631405138003,0.055413330186398775,0.053292956132620445,0.05173788826732704,0.04961370743786867,0.046678683388563305,0.044948503841988355,0.0431821599264531,0.041884049419561864,0.04088667419139327,0.03998066157954544,0.03794593997856785,0.036800100498877955,0.0353116512079851,0.04194115105476237
0.081600005797385,0.06458105740679343,0.06304293869446514,0.06158453402612086,0.06030910932237628,0.05861699757053332,0.056475588479871316,0.05388488205039013,0.05196449826350204,0.04846613874229355,0.04690809151896922,0.044795669353392284,0.042500267223215614,0.04055633155969586,0.03965411351642201,0.038550798680370216,0.03699999818831719,0.035563333713786734,0.03363389151280951,0.04031175437929029
0.08395821171222197,0.0661276128571304,0.06520227587588982,0.06258484433949935,0.060999050266186856,0.059219824168547264,0.05649609215031936,0.05451123561240407,0.05175787886972962,0.04882503114952645,0.046817520410563813,0.04453641662818357,0.04289485836767769,0.04039592572907317,0.038376216574162014,0.03717380128780421,0.035248194198781904,0.03354215859683364,0.03207312079045735,0.039259730415007535
0.08702064646718077,0.06861191117560601,0.06631145498344586,0.06353124263625158,0.062086888416855536,0.05973896518462137,0.056631569311202404,0.0556059421953167,0.051500043228911496,0.04902328088790491,0.04593283752879811,0.044295224646243414,0.04255589667781576,0.039492577341608416,0.037376903555450834,0.0353426018379916,0.033920285887201376,0.0322640252389033,0.03126382689448585,0.037493875904204735
0.09017850166332234,0.07048463276404097,0.06802248352887001,0.06460606443482785,0.06254623803214261,0.05950720440493627,0.05763025201701727,0.05486552941196031,0.05258791668259887,0.04872761247998776,0.04613578894343707,0.04449158530158419,0.04145255167437785,0.03899372742129353,0.03641686630413278,0.03445346438196064,0.03281923568636774,0.030569885304742923,0.029796826969594695,0.035713632592804405
0.09324078176537194,0.07331429790446184,0.06949900720392525,0.0661152956234923,0.06326326326326326,0.0596924793646105,0.057984213721918636,0.05530612579792907,0.05191256830601093,0.04914750816390163,0.04629219383317744,0.04370107812730765,0.04042074861746994,0.03752605064080474,0.035391128833751784,0.03312328722164788,0.031992648386091005,0.029593527954183695,0.028044437880503453,0.034439357390177054
0.09631475529298476,0.07538680755266959,0.07219702786055408,0.0675953518029331,0.06403795854099706,0.06085793850117765,0.05810571655367161,0.0548687652087915,0.05221413978424662,0.048635600609002294,0.04648359727770766,0.04290017827631527,0.039498939451117154,0.036642614545785775,0.034656525303525185,0.03215317448957019,0.030056475854620218,0.028076893047223706,0.026907361380405222,0.03241017866670137
0.09977475585085412,0.077886970740882,0.07358568003050651,0.06939426451483639,0.06442079614273435,0.06124087874302778,0.05803187673295802,0.055209053716043746,0.051743137647765995,0.048931625312659544,0.04574039723114509,0.04260087512360959,0.038722927075186944,0.03580153954537521,0.03373168477452964,0.030991268153644305,0.028422127571564305,0.026893569715811038,0.025833597249242186,0.03104297412762327
0.10316986944002776,0.0796767913210817,0.07528781552797126,0.06993262198700029,0.06545843897153275,0.061989058106502605,0.057894288383040234,0.0550904884624598,0.052320449894134036,0.048457186586132475,0.04533667302773415,0.04135283346168006,0.03820659696823056,0.0348047388077098,0.03267455824878259,0.030166572081290918,0.02787723086173439,0.02580974995699447,0.025038061905458577,0.029455976000501604
0.1054773007707963,0.08212585933368588,0.07778151691425093,0.07204781821386794,0.06620515039341056,0.062258224764835036,0.058415460795154084,0.055019790715189976,0.05189814592247169,0.048385494287133644,0.04418858067721104,0.04091790458792045,0.03699181129112383,0.03446308671057481,0.03164110699806098,0.028804704902007924,0.02659167027226255,0.025102959793599673,0.02392032434338093,0.027763088313061877
0.10859106309429209,0.08421579427880699,0.07865321243498465,0.07337043853099229,0.06767035107102484,0.06252828058820425,0.058919557615652624,0.055171730124442604,0.05160457861723712,0.04731632207652667,0.0441265115624635,0.040239579552595106,0.03642939486336579,0.03319801288395646,0.030542235809340464,0.02838051961133878,0.026023737306712674,0.024116246608328045,0.022368646161274902,0.026533787208460113
0.11185671264690494,0.08585884364592244,0.08091894547449821,0.07426914389985581,0.06870717266196227,0.06360138833947963,0.059227736164457,0.05434047494481093,0.05020608164150727,0.04687240802888973,0.04373492669108169,0.03982543672719386,0.03553472762770044,0.03219467377850371,0.02978613446986615,0.027340908800898345,0.025460334069187275,0.02356221368688351,0.02164176247655263,0.02505997422384422
0.11537653273387824,0.08802374045971673,0.08256146059866967,0.07493082598077454,0.07038555958517875,0.06383273419664208,0.058937219602436454,0.05432031152985229,0.049985194053422395,0.04653684133438196,0.04266341466521048,0.03844929202102762,0.03499934726472078,0.03197766053307776,0.028712392099674276,0.02684334034891089,0.024284936461792705,0.022571904363137333,0.020648723345316068,0.023958568822178984
0.12013072207246964,0.08965434984852459,0.08320571233192595,0.07689065941493128,0.07141051024546172,0.06405222521727376,0.05906506683205711,0.053801197490517885,0.049766624523906094,0.04618210443453162,0.04159410955527459,0.037693121188266836,0.03381439692119302,0.031079093215015553,0.02785397931028999,0.02544945651741768,0.02327393589529512,0.02202078512758124,0.019557421499169073,0.023504528358897287
0.12146305936935234,0.09211714248993638,0.08495797639315751,0.07893329694513686,0.07192328014204091,0.0650179851834457,0.058885410501696996,0.05430303645748216,0.049904718988450454,0.04562064353160138,0.04047657959415525,0.0369858514441301,0.03339516153344515,0.03038044176751432,0.027333988109310568,0.024327201816447992,0.022191510866478064,0.02062861667203499,0.019175204405933604,0.02197889378824926
0.12461425259358638,0.09431424973913483,0.0872637544917966,0.07989451215837766,0.07222872402845572,0.06569520166699969,0.058781085769924864,0.05344167562647282,0.049255146734666036,0.04458811850414052,0.04054748380098767,0.036456103293085566,0.03245352794349454,0.02972118351903127,0.026313285568844613,0.023536538565225813,0.021746163141419046,0.019809893528958417,0.01814479681062617,0.02119430251477178
0.1274392968866379,0.09721214157351095,0.08784955199660234,0.08097498977848631,0.0730988776936462,0.06618152774388218,0.05859066720336218,0.053904618222502525,0.049164688394382455,0.04379086624555087,0.03978149731705078,0.035864042775053825,0.03189587684739994,0.028604390972105573,0.02552842848585311,0.02293105470173782,0.02067915223241028,0.019037371121767552,0.017379742703107024,0.020091217104950387
0.1308625477759446,0.09867889815292737,0.09062150685408665,0.0812452303220107,0.07376257532528806,0.0663749180644528,0.05957308017492249,0.05341722688942581,0.048287349151511894,0.04337438291054063,0.038828741248333576,0.03527424263055064,0.030924929622510665,0.02801008242636885,0.024656662349547345,0.02185739573206838,0.020220268083610677,0.017848491277624556,0.017069509843348735,0.019111961164925566
0.13353151856800624,0.10124524632158188,0.09236327986021614,0.08283615720938324,0.07458195302061178,0.06699504273369122,0.05929744388485227,0.05350052577066911,0.04745060522924393,0.042749503878052826,0.03795352661664596,0.034601244455689,0.03018002703963442,0.026894158015828475,0.024248701385978913,0.02115732797811529,0.019323060380610525,0.017156727097350596,0.015635550003557836,0.018298400550280283
0.13660750939463798,0.10214260902516815,0.09471058199387374,0.08422963968800327,0.07566551931032306,0.06732560709887266,0.05923516594562162,0.053241544825843964,0.0472258186755929,0.04217166135093315,0.03695645308996748,0.033454384690687476,0.029573372911864078,0.02625446047936338,0.023033441753244698,0.020578204439953264,0.01829033378596015,0.01681245460574099,0.015050367890864301,0.01744086904348375
0.13956690054121645,0.1039631316033774,0.09516283857603869,0.08584785313267698,0.07599607191800285,0.06733155664458433,0.059615906837515054,0.05356116629932995,0.047016994322595304,0.04166798234257675,0.03666157236954284,0.03263876170688425,0.029179586604103646,0.025603579480508003,0.022141246755543197,0.01939885188857383,0.017720575697676617,0.015769165187846945,0.014605581412972779,0.016550676678434073
0.14151337496078706,0.10640696011867132,0.0966033321930711,0.08676187068165087,0.07683686000154487,0.06743206112646348,0.06069295365228099,0.05354240593230625,0.046650387715434664,0.04080194590743068,0.03651256311509134,0.031909476840328084,0.028523370909440585,0.024386898859790306,0.021298732417235084,0.018894723318257704,0.01680126490288591,0.01506880195221303,0.013432499365499237,0.015929516029617393
0.14367040985817517,0.10823076231443755,0.0984524040501553,0.08894220531239795,0.07739241676407169,0.06807308451284091,0.05999359571954299,0.0528905230845917,0.04628275686922175,0.040610394178729886,0.03549012463108346,0.03187943547687439,0.027536828556150233,0.024006587259898623,0.02096692015628968,0.0177426962020724,0.0161100779082295,0.014061023643783196,0.012786477188300036,0.01488127631315354
0.14589640279611013,0.11119389114827634,0.10039345894197658,0.08892676119341862,0.07820035849181425,0.06817172324935972,0.05979536354787188,0.05244281614536244,0.04634719522682954,0.04006413790279138,0.035422330448807805,0.030662390806480564,0.026469485668202914,0.023413799729713546,0.020041519526463193,0.01716854470594536,0.01535718448467589,0.01356787560523058,0.012206992795511608,0.01425776758515755
0.14843927247977007,0.11278170611812752,0.10256119387935164,0.08992065592780255,0.07823646928331948,0.0684255968136328,0.05965300360482995,0.05221173964556705,0.04562914366381811,0.0395396909425496,0.03452317930878016,0.030203055282462372,0.026155499256346262,0.022648352617913238,0.019286155436234846,0.016897640474930056,0.014617837606191234,0.01294461670321914,0.011480942297511914,0.013844248657641986
0.15117071811286947,0.11474785199087421,0.10311388502699477,0.09199320446590663,0.07953892395646196,0.06884020890441693,0.05944202933919884,0.05182145820573336,0.04495664619294216,0.039700971307919886,0.03373992124360163,0.02979265433624669,0.0256155106963533,0.021469857019821362,0.018716059723864503,0.015932346962714308,0.013663495102523444,0.012035463996737638,0.011013614685659307,0.012695178729159547
0.15407768855903506,0.11676909846368055,0.10473401859207995,0.0917302730849559,0.08080561479554065,0.06941631201428898,0.059833610019940336,0.05101324000541822,0.044653123198518156,0.03894350868018913,0.03356623310347869,0.02896861523340904,0.02499944872687409,0.020771971384199565,0.017802971834668467,0.015125359508831395,0.013107699868009462,0.011108941020075794,0.01015760111136662,0.01241467079543987
0.15670695044748684,0.11826369454421823,0.10651382125082239,0.0934732719894983,0.08089390328744615,0.06948558692702643,0.059495440136245005,0.051630186707296716,0.044304813591762325,0.038248080512996475,0.03222282733588741,0.027812493113771514,0.02417026849208123,0.020441474140834786,0.01709830858488398,0.014771943852447407,0.012343269439626268,0.010624466809165685,0.009854783213657238,0.011644415622845595
0.15924862219090516,0.11884389863351534,0.1080416236756675,0.09555483554369984,0.08169495684123107,0.07041611092936055,0.05881168684097946,0.051542013740342764,0.044082026826383486,0.0376113571734152,0.031335719858066775,0.027197574049374642,0.02337714221003096,0.019614905503686754,0.016555728917633437,0.013897626896846767,0.011906409643405391,0.010221896469285553,0.009253026146915972,0.010792837909253339
0.16000956520781517,0.12090548536350154,0.10968996455524144,0.09606111664361895,0.08295772587184196,0.07087693133030327,0.059865929768090895,0.05072706591969945,0.04351540265906484,0.03693302938626922,0.031190758247238597,0.026367250490452892,0.022847946233463444,0.01899511828291934,0.015949354741778717,0.013323642267520612,0.011207654683412073,0.009938062132946953,0.00851901321037007,0.010118983004450653
0.16267874173361216,0.1228539600888033,0.11009438097737027,0.09677074708191992,0.08337012520759259,0.07092164037815239,0.06041513803630377,0.05001390497169513,0.04268904869568225,0.03593767430314095,0.031140851864130372,0.025971658996673804,0.022027989058279903,0.018550960542875226,0.015785678036272337,0.01275643674494825,0.010916581168111896,0.009480519684569248,0.0081638681274481,0.009460094302418206
0.16572443159499078,0.12437660072592427,0.11138695536036962,0.09727071319705231,0.08384897003598196,0.07122542934808225,0.060248574077274804,0.05016576842700685,0.042373866725327225,0.03559071696808763,0.02981631915528809,0.025346071052590215,0.021069088509341184,0.017772575145734805,0.015054287195763868,0.012334427981081973,0.010719167858209075,0.009226466382791508,0.007586066024543157,0.008863504234558395
0.16884871873841148,0.12564503051520726,0.11175291167245964,0.09912256993984957,0.08484390418664878,0.0706846594301733,0.05918096052193263,0.0500452542724433,0.041765922275787085,0.034828505163386786,0.029958956889020186,0.02489770648833132,0.02049484289853615,0.01723433542215322,0.014031967115228696,0.012006524157610577,0.010262349073858746,0.008790013890547514,0.007250111564352205,0.008354755784061696
0.1703813357110564,0.12777697543577637,0.1140302406188778,0.09928982267544079,0.08484295725121817,0.07092511428140852,0.05876858642688502,0.049739099311799866,0.04143328979755865,0.03476321143316421,0.029082106796604206,0.024685098206660965,0.020055759280655044,0.016440510875571406,0.013457891696388209,0.01133552268046416,0.00983322449389662,0.008230459134977644,0.006988747676696639,0.00794004621489928
0.17232300968313177,0.12924186478781255,0.11605001067530737,0.09992558682792659,0.08417008904462281,0.07165800082890621,0.05978486115820807,0.04902006957788579,0.040710598696356584,0.034261457116662265,0.028785652386873146,0.0240037426371777,0.01917944563756704,0.015628336033558145,0.013328435251120908,0.010972018135463371,0.009193323537168906,0.007703490197555982,0.006530776283234745,0.007529231503460055
0.17492839555801212,0.13061529571378327,0.11685970554243506,0.10161392643585751,0.08517316968996531,0.07140030651726043,0.05919143510376365,0.048463330988392554,0.040668496557961904,0.03346722526506206,0.027811102457162964,0.023018629717099632,0.0191165016833325,0.015454625395708755,0.012515074619365863,0.010311981809959297,0.008817082056178082,0.007352017486558466,0.006222991306969499,0.006998706095171097
0.17695464860787208,0.13100885949490373,0.11800897398297731,0.10202455690763008,0.0871207190478356,0.071421737991691,0.05874492841358738,0.048787602666787964,0.040095919049090316,0.03306039167467822,0.02735794460972898,0.02250396395350843,0.01807970565586767,0.014673293382746174,0.012303547091454016,0.009889887566438367,0.008243141301807814,0.006957110885620141,0.005978473105496839,0.006784594610277891
0.17954160058605853,0.13366087353465758,0.11881018825718176,0.1025225929010995,0.0865016729962869,0.07189883902057949,0.059041944911126486,0.04841884987583903,0.03957149961018324,0.032750882774177655,0.026454204765960925,0.021785815689614886,0.017348022444660924,0.014274980038558132,0.011829409282501854,0.009503058139954413,0.00777594242320139,0.006411191584350229,0.0054731214675306965,0.0064253096964762765
0.18055551199992467,0.13494544918573623,0.1199851353343139,0.10323102638321359,0.08741301504969001,0.07224102083248399,0.05869034141690998,0.04807182706811718,0.03954189232838995,0.032208343656017845,0.025995916920944433,0.02104102835889701,0.017075549506549544,0.013875255976442324,0.011273939481367424,0.008887439357495211,0.007397836783461962,0.006209290729654384,0.005306121168977381,0.00605405846141302
0.18213645973235879,0.13695809231569692,0.12116729066139266,0.10386417026985095,0.08718478340931496,0.07259756806609692,0.05925938695456619,0.048333079974235735,0.038716926842952366,0.03159570783569166,0.025433596670077867,0.020225891837083315,0.016439609900124275,0.013062359248573484,0.010551753427791877,0.008432940025983673,0.0070710695776321,0.005912931187146701,0.00502904748994269,0.006027334573486937
0.18463381138417354,0.1381241887036189,0.12260060075125265,0.10380360827004954,0.08758551926103833,0.07254478983112496,0.0583631723177836,0.04824665918340471,0.038765073651601895,0.030954680278678343,0.02492051647049233,0.019679620234907533,0.016160083277417903,0.012507289909511056,0.010086726407344468,0.008202323991797674,0.0068023478211793045,0.005490164109188735,0.004922648573059003,0.005606175572375475
0.18596953169080305,0.13889881512130897,0.12276189580590557,0.1053241176101812,0.08782678201993606,0.07254090652623657,0.059258040248260285,0.048244624161494595,0.03864334524481223,0.030378973105134467,0.024398156855369574,0.01916337533696947,0.015196539401918377,0.012224938875305623,0.00981599899692809,0.007726788289135478,0.006298978120494015,0.0052880697134975885,0.004734812864397215,0.005305310011911479
0.18819285381695738,0.13921903391230864,0.12277632236995786,0.10624895155765218,0.08867588198497767,0.07297785846537827,0.05891814859583193,0.04758948406446021,0.03839924998157878,0.03010420929025745,0.02372654428698866,0.01896681199841342,0.014815372242106698,0.011814671451483188,0.009365823679824907,0.007641282995558524,0.006175423413932094,0.005030955505282581,0.0043944432163624415,0.004966677170687197
0.1888660174950499,0.14129038524199813,0.12500000000000003,0.1064083765696669,0.08870497781788104,0.07255088101862299,0.058669824798857066,0.047594430658946786,0.037709602225731255,0.029925495651302113,0.02335075318946287,0.018195290372709734,0.01457033110258917,0.011235180590019298,0.008954307341404118,0.007246785472591926,0.005940296262876908,0.004839022984184277,0.00419204451462516,0.004755996691480563
0.19092393569841312,0.14236081727830907,0.12478099661818033,0.10744564484938529,0.08915749124770023,0.07291441394851737,0.05853619549989187,0.04724047903365835,0.037460156272037436,0.02951021597886285,0.022759113518189423,0.018037416277240256,0.013947263672236171,0.010866328798121975,0.008570515171175236,0.007138178205284916,0.005420627532838755,0.0045994627952823785,0.003906800936503908,0.00442394666817109
0.19276639672175377,0.14151869899311906,0.12631507936756958,0.1077447310539147,0.08985369006642463,0.07273922442870723,0.05887225570822103,0.0467012020445111,0.03690066424647088,0.02897488916151827,0.022581869867935124,0.017274487224943284,0.013823041225953615,0.010633591355069076,0.008515658582961782,0.006771109514381548,0.005373273884790732,0.004554339879575911,0.00384365577160213,0.004242140900576391
0.19359272971219155,0.14258754784527755,0.12717674460888348,0.10849475073433294,0.09051652523377968,0.07279849026793356,0.0584613648404217,0.046538055216820216,0.036357708693185206,0.028760458562306218,0.022167920074483455,0.017191384244992898,0.01342018890459785,0.010330818158164492,0.008134872741749921,0.006471847697627249,0.005167760198371772,0.004252391088317445,0.0035721339072154286,0.004006307269347361
0.19454301896547668,0.14432093252802522,0.12835264349447328,0.10850665475938676,0.09043579077655832,0.07304019490337085,0.058279868079872774,0.04670473862737264,0.03586754717867968,0.028066712102339936,0.021893727526967638,0.016836267067753992,0.013040038228635442,0.010031883308657062,0.007771066876610812,0.006317125331954595,0.004971289354735103,0.003907467901263581,0.003392008021746453,0.003721024966119089
0.1945835030230883,0.14533222643400892,0.12863162181635912,0.11021271263431591,0.09087121330785372,0.07339369067385107,0.058261019391623085,0.04631277215626078,0.035802449797938674,0.027679270699539488,0.02162056326556185,0.016407693994549045,0.012617085930891886,0.009543873938786378,0.007532658751292251,0.006096300241220513,0.004601986153315998,0.0037232542840136586,0.00320322045048714,0.003572883055042136
0.19603702822509952,0.14578533146334743,0.1296989656640537,0.10975575396328482,0.0913966039720504,0.07377626537103359,0.05824557339277216,0.045892396503794244,0.03559599539182048,0.027624032657967902,0.02098881765133111,0.01621941446066768,0.012062035112324376,0.009446454957549652,0.007211237446467481,0.005819704976332991,0.004503305867915548,0.0035390943925467707,0.0029755941796689115,0.0034263943499711984
0.1976242137330966,0.14600221047061732,0.13026904495771613,0.1106894727119594,0.09145743904768165,0.0742370588843072,0.05818453359383071,0.04552285770643323,0.03505599754531307,0.026992163161536572,0.02064723581588595,0.01589754186900613,0.01186953839988227,0.009067312900569524,0.00701026021559916,0.005537134967077762,0.004389631452554722,0.0033861529357617185,0.0029697328336292096,0.0031904667975415574
0.1989421020829224,0.14794290669897658,0.1296715475866214,0.11070828128375401,0.09159004029341876,0.07401684997511013,0.05910484115877236,0.04535435979800067,0.03478946923517643,0.026618076623242455,0.020317338067105596,0.015566346385645897,0.01161840535742798,0.008775637352969722,0.006879936883036376,0.005181476924425574,0.004118569724520753,0.0032810802518416934,0.0026690085063884013,0.0028537258106428472
0.20056093294643254,0.14904185699811606,0.12992441029222698,0.11142865643874919,0.09198861847946775,0.07389845265816758,0.05877737914964318,0.04492004904639833,0.03442173951852473,0.026573063003950955,0.019912963000662406,0.014995795351867191,0.011062061232831016,0.008611307293224487,0.006624082533249606,0.0050095602893299035,0.00400733503607228,0.0030771447228925466,0.0024773755478961876,0.0026872164602970033
0.2011548949199024,0.14853814534332216,0.13140256024143535,0.11120833502909935,0.09117220738644366,0.07456883192506489,0.05892343381660056,0.044574122715020516,0.03459988792291099,0.02665900702203662,0.019812286529147866,0.01465924495105237,0.011220231479887174,0.008485613121159091,0.00656652777038598,0.00487911014548107,0.0037458166756933597,0.002964720762124205,0.0024340764440882474,0.0024309457991440815
0.20260648492196967,0.14986975397973948,0.132356553369578,0.1116877224547268,0.09129111745609575,0.07381546524817147,0.05850197520240933,0.04490476004224195,0.034541401024758486,0.025672155512965936,0.019423475573982087,0.014672038174208943,0.01110024641138968,0.008273164626276055,0.00610630891383424,0.004497985684671648,0.003492001408065083,0.002744162396839676,0.0021418234442836474,0.0023014041537919977
0.20372708314755805,0.15039274858302318,0.13231583212481596,0.11255246686159381,0.09202879165473796,0.07328386625428458,0.05817935492550995,0.04474564816422694,0.03390106271305496,0.025636212029479997,0.01944265839399386,0.014262851350019475,0.010756977721041346,0.008073990985790338,0.0058963131225428745,0.0044836384741862275,0.0033947995425624945,0.0026344895989286825,0.0020885057093644843,0.0022027086432847886
0.20427411521623184,0.1522248829646963,0.13327400103544768,0.11227568559304409,0.09141032037876737,0.07433794696693606,0.057645654795514735,0.04411914217384573,0.033784999147554416,0.02480538432782711,0.019163602294251698,0.014324213990430714,0.010518709225338126,0.007829986376511918,0.005959298460749183,0.004252843179731505,0.0032377290849739666,0.002394668226616012,0.002000509903227876,0.002166306658303838
0.2055407311938286,0.15399209807644781,0.13452039453309522,0.1122504840944852,0.09102540440267902,0.07338684701988622,0.05744848577747608,0.04405650845092892,0.03344084036925693,0.02477562728947755,0.018799132853044864,0.013639107952288152,0.01011358624076779,0.00770797293450413,0.005841980298371127,0.0041089376824152484,0.003028132224269479,0.0022648426966643616,0.0018910185222839868,0.002167867387829285
0.20524627896031364,0.15460042311727668,0.13576341708637005,0.11272494718852173,0.09157846511315179,0.07311516576784215,0.05700981488228239,0.04408800714264494,0.033349021717205676,0.02502271167200124,0.01811304705420623,0.01347064057078614,0.010004081064641875,0.007305262071585938,0.0054414195224998015,0.00405291936848261,0.0031694705092261783,0.0022312947294848315,0.0017637704659137284,0.0019498419955624284
0.20788337017516692,0.15433990541582776,0.1342450709381292,0.11336333869925647,0.09208893978433057,0.07300314915545375,0.056781791529976415,0.04381753358395167,0.03299338724286981,0.024946066997382742,0.018100212916074155,0.01338351957623287,0.0099308687632877,0.0072776309840602346,0.0053972112843954905,0.0038922497610365155,0.002930138184252971,0.0021667065590978986,0.0016801753389683342,0.0017787331102486002
0.20843413626419002,0.15440480788929217,0.13454552278602352,0.11371196139176075,0.09270481304998518,0.07308792413468469,0.05680828338147374,0.043489003814221314,0.032925221557935036,0.024406950358824547,0.017899785596662127,0.013363067265724084,0.009786550608414435,0.007109245616147653,0.00502776609237015,0.0038877220857331876,0.002907190409242958,0.0021612356888508696,0.0015701017594835546,0.0017687102489799805
0.20866842952151157,0.15349190686997358,0.1355433132184402,0.11463299832836324,0.09277662147982854,0.07292183026241103,0.05707177404600205,0.04399891789276816,0.033141879582731945,0.023925203246947187,0.017588933733441954,0.012882080022768031,0.009712381527241111,0.00695707380690641,0.004908576012559948,0.0036450750829172492,0.0027897099733695282,0.001957800945436463,0.0015731212069561352,0.0018123732394256075
0.20922801655981815,0.1544748889156509,0.13627285225195074,0.11397621754859012,0.09323265230794256,0.07350413448048809,0.05746357012038243,0.04366580697833367,0.03242677660667616,0.02363230572164553,0.017365287255289897,0.012530908897539644,0.009401309708326363,0.006869165236893922,0.004821866217063743,0.0035518839373829924,0.002547784647290574,0.001914357525036012,0.0014983288472095583,0.0016218862364888438
0.2085903379799983,0.15549080723166528,0.1358453876719052,0.11539651922181132,0.09338295750474408,0.07461601708188612,0.05681665421372992,0.0436238358588306,0.03195663251748362,0.023600138805956156,0.016813027751812447,0.012459710320723042,0.00931000309499767,0.006655808122649439,0.004687827280372399,0.0033857398763876686,0.0024978819586645865,0.0019382813696771511,0.0014318272053421535,0.0015006049313629562
0.20961232018340165,0.15576937812660782,0.13653785707248645,0.11548608146421024,0.0939307646476541,0.07361553534093024,0.05756164079371857,0.042824459592381826,0.03169182027019207,0.02371960573661667,0.017028137319753358,0.012414949231474142,0.008621188451079094,0.006553854670501084,0.004580348444260958,0.0032042109806386843,0.0023957302207605973,0.00170766148894946,0.0014027219373513415,0.0013417340270317183
0.21038692459553912,0.15571626572555794,0.13779202372795452,0.11521699001636299,0.09401544945138492,0.07369932701964502,0.057251824806099694,0.04277539476195393,0.03182812250682837,0.022930139570681688,0.016833894932467314,0.012104886068899921,0.008993407858633456,0.006440400096363528,0.004499050443804106,0.003081755693426318,0.002222931391045075,0.0016722826580064642,0.0012639891372022663,0.0012749395381433746
0.2109081017364102,0.15638009983537948,0.13749486049467452,0.11605980117344872,0.09352258177480606,0.07367744699079035,0.05662757776481937,0.04283259829939044,0.03164059263381865,0.02333139999343393,0.016605878499749087,0.01214252102311722,0.008756310061861667,0.006383148363253202,0.004385190095254769,0.003103245040670489,0.002210573545344116,0.0015664743227968912,0.0011553138967533962,0.0012162844542275265
0.21089038610714905,0.15680285514100542,0.13709243550284014,0.11606673673147662,0.09378675274629031,0.07370411380526987,0.05706372144233417,0.043005404999624644,0.03204057503190451,0.023107311763381117,0.01637295748567425,0.012084615769586866,0.008639241298200838,0.006108775617446139,0.004427532967995396,0.0030231088757100314,0.002166066111152817,0.0013950404123814527,0.0010994544954082525,0.0011229136951680305
0.211163746522179,0.15703563759659306,0.13748946292592068,0.11575220242442633,0.09432460287546782,0.07404650231698337,0.05673833180327459,0.04262686324402689,0.03204834464325651,0.02324646665905547,0.01636980399087282,0.011823418187732738,0.008489089143255723,0.006036824630244492,0.00417416708241517,0.0029871334310277164,0.0019690057537507305,0.0014857469944902252,0.001108836441151126,0.0010838133338755011
0.21111604448794152,0.15736968328763012,0.13791480753055652,0.11550668038284392,0.09447434001319506,0.07439723341786086,0.057023235162608606,0.04286670189514629,0.03167280038271887,0.02291935700728854,0.01600133826532048,0.011578496452658866,0.008567399481578525,0.005873671505892432,0.004177388944302522,0.00295168799657304,0.002008961374786206,0.0013648430196018348,0.0010302766894817975,0.001185052702013964
0.21235364351843178,0.1583509930048947,0.13814239008807958,0.11565522069901042,0.09320868418256036,0.07444567384930831,0.05709387443817239,0.04254730604054534,0.03164831936187637,0.022649700879545417,0.015984346967224897,0.0114272140227169,0.008257849958429446,0.005880826910213854,0.004092980514974776,0.0027724121548550035,0.0019550662940944806,0.0014158993304952828,0.001018947421062831,0.00109865036350793
0.21359780279215473,0.15905371247778327,0.1386119886638081,0.11557225728090842,0.09321407300995277,0.0738915871137574,0.05678100296848157,0.04244350271446458,0.03129489261725033,0.022705210552725338,0.01583346490110532,0.011075140569091837,0.008131669899846967,0.00566965911702133,0.004006434054845785,0.0026886720929905367,0.001900828642486334,0.0014146792117188587,0.0010488947525561926,0.0010645265670503241
0.21348065296912822,0.1588451940640875,0.13868015481999912,0.11610718644184329,0.09419362500371115,0.07366294304880393,0.05612459353499935,0.04286926397997402,0.03116557208239773,0.02273235109825632,0.01596796094810842,0.011288046764765173,0.007708185865252848,0.00524869173350584,0.0038830005828407316,0.002606376246349433,0.0018813411274608614,0.0014000678157848271,0.0009984858641590452,0.0011563060085722902
0.21455507990956815,0.15929067945803455,0.13921869674389226,0.11609479704439347,0.09375732882216642,0.07362124334347514,0.0564073058389801,0.04233284031532307,0.03124462553041129,0.022203008764880433,0.01600692935249954,0.010986588450870704,0.007792394597856779,0.005368997401492813,0.0036866907025975685,0.0024140163039909437,0.0018808689207908719,0.0012539126138605811,0.0008943117395614121,0.0009896841453538002
0.2160024504709499,0.15913370850960423,0.14035666229603505,0.11588789720524409,0.09346796337421098,0.07330471324957769,0.05622330541650974,0.04163143854209481,0.030552746856036393,0.022655916683987698,0.015910870370399302,0.01105681248114872,0.007584270101910213,0.0053010187895486185,0.0035960036069432096,0.0024832897572502205,0.0017925320022441813,0.0012252354749428408,0.0009283034083112846,0.000904861403050899
0.21663359772848437,0.15983476475711142,0.13921319380274028,0.11651836459637917,0.09354678824778404,0.07306906326564755,0.05632195230255186,0.04236889299579562,0.03035619077103005,0.022102246342481622,0.015844946550276517,0.010919785544417915,0.007540968740081271,0.005244123813857059,0.0033178386204545857,0.0023859668872826083,0.0017589860735209273,0.001289923120582013,0.0008192966244666358,0.0009131092150544191
0.2165522223977156,0.15962356149730952,0.14082352959574146,0.11721324165281401,0.0933683833567643,0.07288257251742462,0.05557128045700559,0.04218356850314403,0.030756864701384116,0.02191043478396853,0.015658352972084563,0.01052595364577062,0.007535963544639521,0.00496038106735766,0.00331056958373145,0.0024395316724709804,0.0018327763590615309,0.0012760627209848201,0.000777209770011588,0.0007975392006155126
0.2169249571773296,0.1616086945649592,0.13962065990672784,0.11683556094572461,0.09305647591302935,0.07268913867043421,0.05589765069203937,0.041872444705617594,0.030957352371188157,0.0218161188282217,0.01539271827058927,0.010741613633237893,0.00716420149785574,0.005273127367749844,0.0033179755191858062,0.0023443067728585545,0.0016457033545467046,0.0012049736812492966,0.0008251959840462109,0.0008111301434090594
0.21712226100248988,0.16135057448807172,0.1402591800083465,0.11568693955957217,0.09389218599315083,0.0731493450163883,0.05573886309037226,0.04203742808153337,0.03063988483667222,0.022146433109769346,0.015289463524579282,0.010362823877321679,0.007208649128538097,0.004825043334734845,0.0034151991209574453,0.002386731834188567,0.0016568014042173417,0.0011566349425668238,0.000804955399218803,0.0008706022473104331
0.2176845547364932,0.1609019688756338,0.14104127198494426,0.11663509212887416,0.09273535535422882,0.07336234439380011,0.05583066043929248,0.04180968994429126,0.03018963479826683,0.021977128780347494,0.01536679609100969,0.010232025959897206,0.00699798048005802,0.004920625988658176,0.003426306279268971,0.002375905814091622,0.0015302709157866432,0.001150438604718049,0.0008690813372598302,0.0009628670930792365
0.21832816679250833,0.16143368772207917,0.14066278668048576,0.11594155321380725,0.09347296281184884,0.07340083446278137,0.05546566868794877,0.0417168860687861,0.030450544245442742,0.021696344965475626,0.015438655730170565,0.010301816652675582,0.007001796174102267,0.004727267611182238,0.0034094479695729045,0.0022854713120199844,0.0015663763711655442,0.0010348714148818263,0.0008222694323683394,0.0008425916806968347
0.21939476122110071,0.16122047582372434,0.13985543132362982,0.11597363582253706,0.09346972634433712,0.07376376909629735,0.05657612507830674,0.04126628037949667,0.030185389721470182,0.021691550371732395,0.01513487504510937,0.010385698730376447,0.006794134142359681,0.004688249381747852,0.0032541231130225837,0.0023183479115340935,0.0015122377212702166,0.00101544888308434,0.0007451832572788156,0.0007545566315842094
0.21795170274767778,0.1620668911475871,0.14054797303103933,0.11712747755841839,0.0938616707943031,0.07324744724568162,0.05636294033547136,0.04108938351080868,0.03015804810975086,0.02147673028695537,0.01509855545746451,0.010357893421042354,0.00674380268595848,0.0047062867678653725,0.003089086633489324,0.0022468925538480775,0.0014328236939351092,0.0009546949585543637,0.000759380932663537,0.0007203181274853711
0.2189393489598795,0.16221942370731005,0.1400514357318967,0.11775220226804704,0.09421863623437943,0.07368340463296576,0.05561371327860604,0.04130795503904554,0.029644293477411713,0.021314892300577176,0.015216664427160317,0.009985594245197823,0.006840389861598507,0.004565468062035368,0.0028733387289811914,0.002028055285599558,0.0013780776285815166,0.0009124686338907098,0.0007109130623634811,0.0007437244344725649
0.21967637722455507,0.16126774645070982,0.14056719906018794,0.11782018596280741,0.09463107378524295,0.07376337232553493,0.055118663767246535,0.04100273695260947,0.03028300589882023,0.02146445710857829,0.014681438712257553,0.010154219156168766,0.006879874025194959,0.004438174865026993,0.0029134798040391925,0.0018355703859228157,0.0012903669266146776,0.0009107553489302137,0.000681113777244551,0.0006201884623075385
0.2191386049331973,0.16148617920230546,0.1413492449235703,0.11771940819136419,0.09477096093106561,0.07342752969748496,0.0558848764356454,0.04068957864812954,0.03014679567223916,0.021044932634648655,0.014829597933326976,0.00995047423769553,0.006670115289223263,0.004511861021552851,0.002899030895386399,0.0019378966632232538,0.0013221456266829614,0.0008689278586710719,0.0006860779315766196,0.0006657612730105693
0.2203728861198295,0.16111085086116703,0.14084883121750136,0.11835542855358289,0.09432707171967958,0.07384956512234353,0.05587045798785152,0.04109867116378569,0.02968567011758093,0.02102246998016896,0.014484470885838758,0.009990474852047905,0.006466170109773426,0.004440905045205415,0.002871597882606455,0.0018831685951187518,0.001252322730750613,0.0008369638200527786,0.0005840008744398124,0.0006480223606751927
0.22081877925467489,0.161730392041947,0.1400286002297396,0.11772979815739505,0.0948699314688484,0.0739120582006861,0.056458103789139714,0.041015542583866645,0.02934727399176376,0.02075626509130974,0.014473591673113436,0.009735018090036024,0.006682764063733189,0.004400997100905676,0.002877214368880451,0.001892616295879534,0.0012409061427979774,0.0008564440381023823,0.0005923216978846771,0.0005813817192957778
0.221204613760052,0.16177058665483654,0.1406793799166474,0.11778084639753064,0.09491043032185104,0.07367863636647651,0.05607086845410297,0.04120298919665339,0.02896096674018858,0.020497616265628613,0.014296157907562345,0.00971145254712796,0.006676330736114667,0.004419124860193822,0.002871103390963679,0.0019135482339121357,0.0013230819217335346,0.0008575820248308267,0.0005670351093143719,0.0006076491942790372
0.22101804751846627,0.1626510729774656,0.14087125520240965,0.11719794778217994,0.09475728337353609,0.07404763095074426,0.05595480621414556,0.04136774943445276,0.029250665533489144,0.02030345827448726,0.014052755246153655,0.009583057329617176,0.006495981802502155,0.004361900238717177,0.0029058504455637345,0.0019716039044631365,0.0013248178375473369,0.0007983277299371339,0.0005046181150091861,0.0005811700891127467
