0.1000355576626763,0.09766504681758917,0.09908735332464143,0.10738414128244636,0.10045039706056655,0.10104302477183834,0.10329501007467108,0.10566552091975821,0.09932440440915018,0.1014578641697286,0.09849472561336971,0.10252459405001779,0.09861325115562404,0.0995021927225317,0.09956145549365886,0.09855398838449687,0.09707241910631742,0.10317648453241672,0.09701315633519025,0.09144245584923553
0.05859164438830237,0.050516985097543834,0.05205242267002794,0.051350041652827756,0.05266768666183892,0.053718535780595766,0.052346442630716375,0.05078378098779819,0.04870386200663178,0.048888985685583766,0.048290056136033224,0.05111046983300756,0.05390365945954778,0.051796516407947246,0.04772924028509047,0.0466947256085941,0.046406150461992465,0.047097641851019,0.045627542047576776,0.04483259919090062
0.06388891751603407,0.05326023105541415,0.05172810624564151,0.05308159766952136,0.05198918580963864,0.05139488627580307,0.05105823104854364,0.051298699068014667,0.04965664602076957,0.04834781294336291,0.04890775990298832,0.0511235009395429,0.05191704540379733,0.050357438534656594,0.048117650696154916,0.04652025599538302,0.04540036207613219,0.04513241199729302,0.0413570640915977,0.04579885193696989
0.0680655918360319,0.05457759615219051,0.0543135758111451,0.05334358803643481,0.05270649547434698,0.052356381543830245,0.05132899804280574,0.05044510385756676,0.050060552491261505,0.048708883136561666,0.04880932565761155,0.050017505696525834,0.05011507843126,0.049208225955495365,0.04775611407974562,0.04610311716189613,0.044992509857715995,0.04293487306935126,0.03922136957682131,0.04500111921666312
0.07296429911839271,0.05637895070097099,0.05602916733687201,0.0546479060231674,0.0532436662402884,0.05331515481105315,0.0517270872747791,0.050593482795509494,0.05046327147018799,0.0494547719897567,0.04915605189048973,0.04837733710180228,0.04885477862798114,0.04738670976406218,0.04597481049145839,0.04451440111726425,0.043784196430167184,0.04128464961664255,0.038174896788375955,0.04369994204319442
0.07660597812789105,0.059450377623616074,0.05770032927008301,0.05621593406209291,0.05458706082757943,0.05361532958467226,0.05183731774213465,0.051007734235000456,0.05028534410238362,0.049059611167685375,0.04753793130768925,0.048535295748850564,0.04785485084974051,0.046850495536328036,0.04514938328855289,0.04313834237097763,0.04170754385024618,0.03933996844786323,0.036634500886675615,0.04289133155143766
0.07850380874607353,0.061633418452218924,0.05928724815395716,0.056945398611309136,0.054929766117498634,0.05400080366054414,0.052227133481103166,0.051669756006930495,0.050650057682087433,0.04934086873112371,0.048085689225331726,0.04695365125453137,0.04714592487934289,0.04516917918605606,0.04417108463928171,0.042766839064815654,0.04011821587359197,0.038139309802498265,0.03596813010659305,0.042298037080724694
0.08096974663107764,0.06360387476776544,0.06065885655408531,0.057977510770004625,0.05543002945018215,0.05405487631734802,0.05331253701555262,0.05190493189138319,0.05073463195385326,0.04956433201632335,0.04785857422176068,0.04655238157051411,0.0457633925311742,0.04442677613805075,0.043211854712434786,0.04168863936913328,0.03919997728360607,0.03727111204861309,0.03479259121037814,0.041023373546759265
0.08293600640611283,0.06472103501172204,0.06187301617929396,0.058716269018147416,0.057276823185497504,0.05554215588851048,0.05384800918466779,0.05200721652468382,0.05035359041398539,0.049456348708647305,0.04741681218705079,0.04606805530096187,0.044983647046338185,0.04396484356156717,0.04257170697822501,0.04054181821690094,0.03834212887478173,0.03638942219563728,0.03383855437960078,0.03915254073766776
0.0855499279773245,0.0661288973560708,0.06378328144602946,0.06016077319827147,0.057610705822220144,0.05588959620835462,0.053969611077552146,0.05226337066121459,0.050510664002602096,0.04899586450443751,0.04750894475163794,0.04525254402676456,0.04486036894196365,0.042761953440825236,0.0410222573300497,0.0392658333720552,0.037684122485014626,0.03552437154407323,0.03274569025602899,0.03851122159750941
0.0875806832671155,0.06797503259793358,0.0648928821983722,0.06147528418364493,0.05829394228497537,0.056544564937067526,0.0538880362427703,0.05173287548941988,0.050403709401370296,0.048879767278708276,0.04726024062054201,0.044966211768440144,0.04375246851571644,0.04175060371553322,0.04005713430348632,0.038107570475560126,0.036911862040856086,0.03466833067920928,0.032792709605163735,0.03806609039411487
0.09042951232068273,0.07031696413565931,0.06650992713203804,0.062248239333839286,0.05872071527007496,0.05737445357873859,0.05436172866369816,0.051885031728256786,0.049758610502256446,0.048997910729228024,0.04657251680173511,0.04430633910580625,0.04317767293094085,0.041440446937652704,0.039029205564076574,0.03772363246525105,0.035193863452621675,0.03375737923006568,0.031326678094853955,0.036869172022523794
0.09275747044132797,0.07168654709303343,0.0682198431687595,0.06406329136031014,0.059833388637594076,0.057065264849194025,0.05454339055868945,0.051686197802965496,0.05000785902652858,0.04792085087060551,0.04617614698126058,0.043657765591435395,0.041906075900731754,0.04087392374997817,0.03856860930159451,0.03679945510749403,0.035002357707958565,0.032784365776559146,0.03066766796486141,0.03577952810911821
0.0945963936767449,0.07419952176190797,0.06885867770452632,0.06496499663711827,0.06107477354579139,0.057179363490342715,0.0547293874368271,0.05219987793344434,0.0499521934806777,0.04778404247777818,0.045724817721435815,0.04350306808927802,0.04160982618483228,0.039822052550862505,0.03791843671817322,0.03568631315777187,0.03345591858541115,0.03199838166719401,0.030176028272412447,0.03456592890746975
0.09790904365636885,0.07596163578007303,0.07068321042167364,0.06553515891028047,0.06170800032250374,0.05722211071827412,0.05482220266614518,0.05233995323695961,0.04931047673941871,0.046841950873075903,0.045359806086057025,0.04312458078804128,0.0408499002468526,0.03928026774671105,0.037005587205522356,0.035127174541418574,0.03316127416419215,0.030797390464525457,0.028942994035396498,0.03401728139650976
0.09999607336323267,0.0770935376094977,0.07188818304273374,0.0666350259414112,0.06236523526529554,0.0584232333975822,0.055211927415265746,0.05196135506527605,0.049525133036160914,0.04724426924436145,0.044009061994765626,0.04213622698009196,0.03988097168894892,0.038817365295018454,0.03716305615261301,0.034170276042564736,0.032814732741150994,0.029897070899694917,0.0274796284377278,0.03328763638660641
0.10294835323104759,0.0787208102147457,0.07307372498473874,0.06751336102746004,0.06335073993650642,0.0590639883963536,0.05554412497385609,0.051934139444405725,0.049177763305338795,0.04658292679194207,0.04366331061009267,0.04118750329455815,0.039532997444273084,0.03843452798971587,0.03599102859931541,0.03353732670624103,0.0314050036473947,0.029157052224910773,0.027337605914730872,0.03184371126237267
0.10507826547159442,0.0808811056906156,0.07491366032717484,0.06881221036347476,0.06394903075660015,0.05978640684475143,0.05569841840646479,0.052312681923966826,0.04917629577359669,0.04624176465399672,0.04306975702760832,0.040884973165154735,0.039063189105934884,0.03702258740831709,0.03519401830604615,0.03251901508315071,0.030207011663489,0.02823595665714498,0.026470149203096698,0.03048350216782125
0.108379525398729,0.08219001980747334,0.07588241363620216,0.07040871731809176,0.06527332114325152,0.060418714087325416,0.05631513334945896,0.05231304265457357,0.04883700868247318,0.04514615411939626,0.042495572496874946,0.040536814667341,0.03837000224969595,0.036333435387209886,0.03404821791942029,0.031845883986731875,0.02963340104974534,0.026964212919344175,0.024934412059723514,0.029673997066937758
0.11033029049564672,0.08489230244760257,0.07806743522367303,0.07229060028116292,0.06628593223399641,0.060536099733519644,0.05655830249148157,0.052594006470460176,0.04801540489318002,0.04449833681833602,0.04207486764584273,0.040112127640543484,0.03770047203643978,0.035064358632933876,0.0329328533649262,0.030615706307939233,0.02853651827137117,0.02604216768854033,0.024032173409682736,0.028820043912721353
0.11275519318338859,0.08677663665748754,0.07984508926916241,0.07292533882509175,0.06730156697125252,0.06164746011790203,0.05651410408949499,0.0530828785892203,0.04824950200042469,0.04415596234415395,0.04146120322090283,0.03915574325804636,0.03648794857880527,0.03416732111619315,0.03176242976604973,0.029896827296106675,0.027352057892661284,0.02502300404129604,0.023715228506810213,0.027724504275549653
0.11559109926320857,0.0882163857838633,0.08144759827532236,0.07456941962106908,0.06816078142302735,0.06210892665407828,0.05715771510506597,0.05249428641631241,0.048113591765707724,0.0444144880999263,0.0405992615256194,0.03844004860332751,0.03660059441465639,0.032512731446420216,0.031294282377254734,0.02881531072134205,0.02602331209462167,0.024734179515918938,0.022436965455959114,0.026269021437298683
0.1187659674599973,0.08980939895119,0.08276690869974453,0.07519329030523059,0.06875420196315721,0.06234368697055262,0.05728620411456231,0.052386715073282235,0.04795616512034423,0.04377773295683742,0.04061113352158129,0.037896665322038454,0.03471493881941643,0.03227948097351082,0.03016673389807718,0.028533010622562867,0.02586560441038053,0.02335114965711982,0.02210232620680382,0.025438684953610333
0.12134228458394485,0.09265652654309998,0.08404391441458081,0.07608618993085058,0.0696279902337781,0.06320505371757885,0.05811540127820633,0.0521542445115378,0.04788404122769604,0.04334348689049272,0.04052914921698947,0.03681644003076293,0.03402729034359772,0.031575659673362184,0.02902495625686373,0.027051897327050888,0.02475307377393278,0.022776656445941554,0.02040730653107694,0.024578437068655735
0.12431724459455606,0.09403870889841806,0.08620704112212536,0.077994690565272,0.06995674974048166,0.06313464599016934,0.05774303744610493,0.052810931465360395,0.04720131075621711,0.04341460715046361,0.039468586962537126,0.03641138560147041,0.03324182412455539,0.030563628527394908,0.028381829859952343,0.025914938361252866,0.023743201793737016,0.0219756262399442,0.019983330454454745,0.02349668034553251
0.12621469873460153,0.096235649040476,0.08806000167602444,0.07997653565742059,0.07053716584262132,0.06371742227436522,0.05736026145981734,0.05213441716249058,0.04736947959440208,0.04276376435095953,0.03906142629682393,0.03595072488058326,0.03263722450347775,0.02994888125366631,0.02705941506745999,0.02466605212436101,0.02309058912260119,0.020972094192575223,0.019559205564401244,0.022684991200871522
0.12913355216968028,0.09746092866370752,0.08970111914851549,0.0804114659521811,0.07217242829590832,0.0639199856566682,0.05783412338951695,0.052014685158840675,0.04706824644390937,0.04229774813042381,0.03866499774628724,0.03493338561276692,0.03234119703146652,0.029212809131474393,0.026216795438284302,0.024035134460357276,0.021724450521370058,0.020499570202733613,0.018715031845212657,0.02164234500069539
0.1310989603749753,0.09985492825146665,0.09119250317449148,0.0817159341045924,0.07320930201391748,0.06490871871157526,0.0576668576387144,0.051848910956769946,0.04660723080479639,0.041883185413756026,0.03777226080751022,0.034361567042915084,0.03129596311894208,0.02856372268178362,0.02580300395680681,0.023337119270419763,0.021164393429221412,0.019465747320528148,0.017475617560047306,0.020774073366770195
0.13373269502301757,0.10146126275158533,0.09267697654794431,0.08294859262601194,0.07345581539129925,0.06540341379051053,0.05847056169636816,0.051870232515393806,0.04628585273746564,0.041171015364563766,0.03710721775237905,0.03406772439030504,0.03055701765379185,0.027539246894085597,0.025041147621792784,0.02256978386010644,0.02046269143043336,0.01884185109991561,0.01700211377630732,0.01933478707672255
0.13709421044001457,0.10340627311088876,0.09412845387526732,0.08434533231157411,0.07475462719731221,0.06568428308977314,0.05784038469904394,0.05146219769702608,0.046198352915192864,0.040830770569318435,0.03611740415151039,0.033058819198811366,0.029993541500045177,0.026724135046230134,0.024303034156429558,0.021890299199212926,0.019838972529623765,0.017839514642055215,0.016029126830884352,0.0184602668397857
0.1387123034413128,0.10581196895513603,0.09617355168822748,0.084903657617208,0.07549257728201982,0.06637904087217146,0.058171508999032145,0.051695749635174384,0.04545234198829548,0.040231950534158185,0.03565512318819986,0.032014389090501826,0.029353209713304722,0.026145418742927067,0.023624653352969004,0.021154035815596325,0.01900269293968383,0.01694663098368357,0.015569236632671993,0.017509958527725914
0.14223388748916815,0.1071262203032413,0.09774113459191325,0.08583154263694026,0.07613757223310276,0.06679923663739777,0.05873150239844787,0.05132327871918041,0.04554129120480057,0.039599017579713125,0.03524123894484989,0.03130922029155375,0.028357284419355214,0.0256591348891104,0.02261703807963883,0.020145960539563117,0.01815407168462372,0.01624232588503813,0.014681205952625433,0.016527835519736064
0.14555869337127628,0.10902139627054015,0.09878781712001893,0.08741328146763039,0.07658753922037977,0.06699449705336308,0.05856743236413192,0.05086597597652699,0.04446060614148195,0.03943305804699606,0.03453395096222333,0.031167795668702262,0.027991799792159093,0.02452055639978182,0.021958408465763798,0.01930284888831803,0.017521355402946134,0.01525278691970102,0.014053448140691283,0.016006752327367774
0.14755411652786357,0.11158102041156934,0.09984645426172865,0.08872273311414122,0.07768079176193736,0.06836623996528532,0.058020261361550154,0.0508253083432081,0.04438139426206253,0.03905736268504765,0.03424403758532638,0.03027187609526511,0.026680241000050075,0.0237712168499758,0.020581804830014847,0.018478895805864776,0.016741492397816974,0.014551796652035319,0.013455279803728494,0.015187676285528315
0.14908555083643932,0.11236423280282172,0.10195791466919141,0.0899947326661377,0.07849494269274107,0.06864702862362566,0.05848574152726014,0.05051306498823184,0.04469399457264586,0.03891826297997745,0.03349424260406317,0.02978377261119742,0.026154979630753233,0.022594528640294435,0.02018922396836933,0.01771891106206786,0.01599035877877865,0.014035111114074449,0.012543255479027345,0.014340149752301955
0.15147606979026598,0.11330503998227084,0.1042738289835222,0.09099195022503047,0.07979458160665576,0.06852722943441625,0.059064453186834426,0.04987827860452793,0.044014656555709415,0.038251011012412094,0.032615668651200296,0.02902984465317317,0.025500674008274726,0.021836535080922644,0.01963371940927216,0.01711431147013785,0.015133110385726026,0.013546816498122945,0.012125483844629843,0.013886736616895025
0.15249914258981165,0.1164496225730297,0.10547976678442875,0.0924587860403632,0.0793728752043633,0.06902068772621477,0.05889492313276039,0.050933494937117706,0.04323012223506025,0.037336467736403804,0.03254495992647915,0.02813137854909547,0.02455522887024969,0.02129873502861919,0.018916300116874164,0.01654218957588996,0.01438950729714341,0.012887790811892532,0.01197543977650729,0.013082581087695578
0.15476444290463787,0.11803505873103651,0.10669693719143718,0.09398964628125601,0.08016470008195027,0.06888487650825165,0.05854614866980697,0.05017456076646835,0.04288564937271389,0.03702920228394774,0.03186400250514687,0.027166852109720113,0.024256950783191535,0.02110719496838584,0.01827224816944387,0.01588203156751571,0.013986514847659086,0.01210932034565697,0.011143239767874154,0.01304042214389937
0.15824331414959977,0.11951660322986332,0.10849109247336906,0.09505026360282177,0.08123131251717791,0.06910974705789265,0.058397394787910076,0.05008703473893743,0.04227639567907918,0.03628807249285815,0.03095938101226814,0.026633462983167735,0.02303880333480473,0.020288672158045088,0.017591844553457647,0.015208175435381915,0.013134333330557106,0.011696802618537979,0.010555773026726745,0.012201520817543542
0.16031064045048518,0.12160205806786561,0.10955284282272129,0.09575806387198976,0.08228777007148658,0.06992405383458247,0.05859869007840892,0.04927847814800516,0.0420183309149483,0.035751607449513445,0.030075613360135253,0.02607196581424141,0.022331234441353043,0.01958226280967532,0.017082895139711656,0.014590183575393711,0.012468549900824024,0.011130672666036555,0.009975838336506076,0.011608248246116165
0.16398384146392206,0.12238742869887832,0.11037172289475483,0.09747052665043267,0.0831096027443546,0.06982891059709018,0.058697030777450615,0.04900989851813507,0.04112870070922457,0.0346356589663397,0.029400945743737066,0.025228155267086886,0.021649575480569977,0.018943170488534396,0.016449815827975174,0.014141215751743104,0.012237078414173168,0.010732410448121416,0.009810301982200311,0.010784008575275845
0.1656447533189318,0.12413960550319883,0.11216434428751271,0.0982866113552949,0.08386008850484682,0.07041473550820442,0.05830809731209352,0.0488572697202668,0.0407800799237681,0.034342607882951424,0.028839741702878487,0.024038661418239456,0.021025305867229428,0.018324594269635452,0.01603963261009474,0.01385943993494345,0.011351636308606193,0.010293968466198697,0.009114901641879654,0.010313924463225257
0.16733946052351556,0.12652459299851032,0.11377420727814426,0.09957071983400725,0.08382102575015962,0.0703607150457544,0.058270376675888504,0.048954897318578425,0.040523914662694185,0.03376549531815281,0.02812599755267078,0.02355221855713982,0.020463130453287934,0.01772152319642477,0.015247592572887846,0.012944908491168331,0.011160951798254947,0.009589806341774849,0.008575627793147479,0.00971283783783784
0.16868636776643572,0.12852920717440433,0.11470859390861253,0.09993776147668386,0.08537827376296775,0.07066069354350207,0.058747175136542,0.04787207487261074,0.04072629361272996,0.033405778530704894,0.027751059219788515,0.023455935458318495,0.01915415517029059,0.017012417750293714,0.014835733565867997,0.012466010111263848,0.010362547718974761,0.009052876118712496,0.008092672162738759,0.009164372938556934
0.1726453821735445,0.12873406571490303,0.11542821054031142,0.10047532782662166,0.08490086257042663,0.07111635559839785,0.059005467931991545,0.04785022187505193,0.039478801376123925,0.032987086373381644,0.027592281739766317,0.022619621399724118,0.01955159633698416,0.01648024730342868,0.014158453688776612,0.011929731256959562,0.010231182170220548,0.008570858747860195,0.007648456846548886,0.008595788528976715
0.1755240098898928,0.12987873423985152,0.11609498680738782,0.10055277792076464,0.0853028156969668,0.07158548796059983,0.05841280173222568,0.04818250804093445,0.03934370698286869,0.03227997230298672,0.026581162377891546,0.022820147086417008,0.018765224639714657,0.015983899865666167,0.013353679900237616,0.0116051814004925,0.009685652183298433,0.00846851125232676,0.007234765397330925,0.008343974322145491
0.17802657132841695,0.131426236071816,0.11835820622766548,0.10086605186343191,0.08546385192888842,0.07169141773005694,0.05847220676261409,0.0481071624964489,0.038659172956189036,0.03168324398141303,0.026059638461142308,0.021906310898165395,0.018372659807584648,0.01520616287357105,0.012749054287313913,0.011077755275972002,0.00930843773414384,0.007901290355807264,0.00699420361605311,0.007670365343305749
0.1791282483924111,0.13368230855077853,0.11928043790189717,0.10120170590423552,0.08584823563798694,0.0716340277408726,0.0590423553170006,0.04750524791412021,0.038454256789073715,0.031155338257958243,0.025659975022585966,0.02116271190944359,0.017691781367912,0.014827018121911036,0.012463796035499814,0.010623704628793107,0.00921042142743264,0.007607814741988629,0.006475195302120427,0.007345419035978105
0.1814034307412472,0.13429878251171676,0.11978053346433169,0.10316454015587036,0.08540009824878182,0.07184110251065468,0.05872522205552384,0.04721418234442835,0.03833030178308262,0.031054581181375218,0.025577875436476858,0.020464623800103558,0.01693961682975079,0.014501652969370277,0.012151648322468437,0.010058882884796663,0.00858017233367411,0.007323849227950451,0.006210252393154451,0.006978650805241703
0.18320073551132304,0.13586215137062002,0.1208764400720907,0.10410505597652736,0.08755605120698867,0.07087428266071888,0.05837125398706217,0.0469668455658558,0.03814635214927959,0.030213716489592986,0.02443019446574197,0.020198349082436347,0.016837765983928946,0.01359501073727044,0.011490704876081613,0.009698393890210991,0.008251268723841387,0.007084607035816348,0.005816712968033799,0.006424107246578845
0.18505538270068456,0.13704542626011196,0.12190831777639495,0.10470690728064719,0.08727981746525616,0.07117527483924496,0.0578917237087741,0.04696618958722256,0.03781788010786143,0.030018668326073417,0.024142708981539102,0.019894627670607765,0.01632026550508193,0.013310101638664178,0.010985272764986521,0.00929101846090023,0.007988384152665428,0.006576228998133173,0.005618751296411537,0.0060070524787388556
0.1865756692507146,0.13877382419737194,0.12212819819476077,0.1051325395943272,0.08742188549786749,0.07205197071670418,0.05769565743918807,0.04666050653532427,0.03737054185377929,0.029777654648880807,0.023888480609687113,0.019361281749698492,0.01595385541828896,0.012808538804680154,0.010532497457701628,0.008931637472399681,0.007390498688621951,0.006313858138921468,0.0053367529250946824,0.0058941508059873835
0.1872705465078278,0.14024761484494627,0.12302108027492115,0.1056833960692844,0.08743992528090165,0.07196524168409946,0.058391714541192546,0.04679067869294664,0.03680545993553321,0.029444699738383626,0.023865651610591402,0.019172482668122118,0.015134598890826172,0.012578157271757541,0.010171021133361312,0.008465620754125394,0.0070007680937505725,0.005960606578399477,0.004937034560900876,0.005653700868128422
0.1895295469489961,0.1407041851258992,0.12401449284988411,0.10540360129386213,0.08751004602907872,0.07208897626812436,0.05933134958852794,0.04705692860511302,0.036786731935413174,0.028832933706171092,0.0233748679901964,0.018680632584336825,0.014785098002749788,0.011912431836447324,0.009660792922281926,0.008078335779804324,0.006494218136652558,0.005632418286761821,0.004792204945635208,0.005330207164064106
0.19097486766558608,0.14134593518809,0.12431882426952563,0.10627254332717515,0.0881432680832134,0.07251378120378253,0.05860061648167238,0.04680878610874579,0.03676149595568769,0.028579917702850514,0.022614287303033772,0.01866707831840265,0.014230202954265163,0.011612562681446293,0.009534385369100557,0.007532562814237175,0.006249470911327228,0.0053448330237645895,0.0046476808902300775,0.005246899747863311
0.1926936759942654,0.14265186109488662,0.1260520097700844,0.10607543938830778,0.08892303403600067,0.0725886741358254,0.05837824563266607,0.04582547921202148,0.03642874210163011,0.028251606223118994,0.022200061063027663,0.017598762809961248,0.01424361493123772,0.011421109223172087,0.00905657622258801,0.007234641321085329,0.006139489194499018,0.005132281102320397,0.004367333935113897,0.004737362608187756
0.19395047034744453,0.1437402374063579,0.1269631009234314,0.10785705155977403,0.08901493458958513,0.07234071514058965,0.05735466703849595,0.04563042493115349,0.03626995469990555,0.02776269987898948,0.02197942655292675,0.017016169593992297,0.013882179915574831,0.011048641578149714,0.008859164678873955,0.007087995723963238,0.005829751986547747,0.004885239207406044,0.003977245375788271,0.004549928871049937
0.1949718918936851,0.14534603077709085,0.1270446594598002,0.10786744983420445,0.08997413954691953,0.07256021803065768,0.057473571413168424,0.04534785544023317,0.035172870244886384,0.027708339208195727,0.021335288487536717,0.01683168809540003,0.013676679643892105,0.010616221918848937,0.008632315447764044,0.007018317959164039,0.00556522258402159,0.004596492333926626,0.0038384277375338198,0.004422319943070511
0.19637517847992314,0.14650527604065616,0.1280378899817416,0.10794034583231758,0.09001026518675509,0.07258432295372043,0.057815057486704145,0.044957869617203064,0.03491987681775893,0.026873562417808024,0.021173813326169265,0.01647570765942133,0.0132187081784849,0.010324887356573446,0.008112648401599311,0.006948486672669893,0.005509038836899613,0.004318343507310836,0.0036367616403735273,0.004261959605909696
0.19846498135101526,0.1462594280978036,0.12797679237463738,0.10957811852465815,0.08966100290095316,0.07321176958143391,0.05761127227517612,0.0448553667633651,0.03469705760464153,0.026872772482387067,0.02078077082469955,0.016421052631578947,0.012958143389970988,0.009707418151678408,0.007714877745544969,0.006353916286779941,0.005284707832573559,0.004185661002900952,0.003476170741815167,0.00392871943638624
0.19877026086380056,0.14630912526102952,0.1291607278994995,0.1103152242367994,0.09053001425304119,0.07289104710132917,0.05739003612980212,0.04515562332195301,0.03455368093075673,0.02679737478869039,0.020640392455832143,0.016246809639033445,0.012236070138221353,0.009378832576485797,0.0072524777089064945,0.006183499618814014,0.005102920216115881,0.004037256786767875,0.0034439325135072417,0.0036046935596141727
0.20028980653590006,0.14626608815888295,0.12950771021335927,0.11117595467876736,0.09114481871341151,0.07344805118368063,0.057717591157253216,0.044666349448986266,0.03431587917653828,0.026676127932674695,0.02040748655831528,0.015655853080686583,0.011776291902162105,0.009173338461870045,0.006906945243475623,0.0056568644192844025,0.004618998907422728,0.0038082700970387675,0.003295969069618229,0.003491605060672027
0.2002286339123737,0.14863523778755272,0.1304903203359924,0.11124530927706948,0.09207153921982819,0.07339976970932013,0.057418590587903946,0.044653197147046395,0.033431910998450935,0.025865453912870606,0.019983929355434613,0.015116346496350972,0.01160068590173712,0.008875303395544954,0.006832509091511552,0.005444137942460467,0.0044981237108278034,0.003661456132939024,0.003088214584524136,0.003459330500260942
0.20145324120190738,0.1497395336965331,0.1308381164217251,0.11151571002136437,0.09115574774464194,0.07353718709651758,0.057262808262657436,0.044258553620589364,0.03361780485662338,0.02564884534616411,0.019688700088341424,0.01527991633255489,0.011278862202303508,0.00876287207400127,0.006702677258797265,0.00519938144432419,0.004332541630686461,0.003452442317031331,0.0028242735037068587,0.003450784879529155
0.20284780656258178,0.149489131407399,0.13143556891506292,0.11169512926649013,0.0918768082560872,0.07296986488412248,0.05704229786472505,0.04400628353455446,0.03378062643127717,0.02571576285622438,0.019606218578184606,0.014678151129611154,0.011196688550776993,0.008659744615415205,0.006649742660095909,0.005128570529029862,0.0041243980764960695,0.003153366628996391,0.0026844214077636113,0.0032594178451055703
0.20409858351680418,0.15082296612642246,0.1316977903923181,0.111740364465901,0.09205980264728507,0.07316672856043925,0.05704726915833312,0.04342456033316534,0.03303138014270936,0.025708573171702165,0.019491564762991066,0.014607482957107617,0.010990012997692245,0.008315870447491979,0.006459057269423592,0.004905634101700313,0.0039026234117615854,0.003106846335446563,0.0026409851720204784,0.0027819040292845964
0.20564026133995578,0.15147405748351697,0.13315506159658755,0.11142425633994754,0.09209730122231637,0.07282008093514744,0.05657005399544761,0.04378488691128466,0.033197999333553274,0.025167482041581632,0.018824633329962412,0.014297105930215393,0.010724487275343624,0.008168116989583868,0.006250010361423013,0.00476459675828375,0.0037085605248019307,0.002992378966145501,0.0024038501390088508,0.002534818525892782
0.20654942710731425,0.15271341453315626,0.1333188688557715,0.11226642905173756,0.0914773310720166,0.07297384137878493,0.05624583870230448,0.04352593171662432,0.03324069442742201,0.02508869153894312,0.018568082970893275,0.014000178873691985,0.01030676838175621,0.007913504632497377,0.0061810798008539595,0.004670590846304436,0.003448287284399232,0.0027808234152287754,0.002312108092709573,0.00241810731759024
0.20755776118587396,0.15308101054960271,0.13434474399288635,0.1127885161506121,0.09120248249322334,0.07260199798313986,0.05652838424332141,0.04307768223358154,0.03309439004883186,0.024967337794270333,0.018913445568786026,0.013526872426143673,0.010266447428337714,0.0075027860157739,0.0058055104328632295,0.004503989839528803,0.0033730247437941795,0.0024771944117408413,0.0021046217228092305,0.0022818007348789308
0.20867351505086562,0.15434719915671397,0.1340639160426549,0.11315413505172753,0.09120019093268628,0.0725163005466111,0.05626713339101093,0.04279577163655168,0.032917656964236576,0.02459087036797634,0.01866234416279664,0.013474676558040554,0.010153243369564136,0.007607474219115145,0.0055837866327230765,0.004261180003778877,0.003364525635033497,0.00242809362331235,0.0019656785237190774,0.001972308130881705
0.2104903131557895,0.1550425088239143,0.13451272614644633,0.11303719874055294,0.09095877977398194,0.0720206970685226,0.05587347227444153,0.04287983410544309,0.032827776737992274,0.024211727565891576,0.018345128917759954,0.01367768820899799,0.010032181821494414,0.007249605387597989,0.005440930705565319,0.004153989104888226,0.0031900251260026805,0.002370158855301057,0.0018152998640181398,0.0018699576153982482
0.2110845582759339,0.15592655971243502,0.13553585791217487,0.11225725946055082,0.09176395044402444,0.07233146764728274,0.055879558987564665,0.04216163615481112,0.03216239743415761,0.024312945389791576,0.018098588985280828,0.013469679567593332,0.009709621577966588,0.007180850183534522,0.005421632911099122,0.003755093124323538,0.0030335327002578424,0.0022507389374526268,0.0018419650274888039,0.0018221055662759878
0.2116289550774778,0.15656274439628318,0.13591912885566199,0.11358213703423865,0.09191454249015787,0.07263623228748292,0.055361143144974215,0.04215877308095068,0.03134900120624062,0.02391438342545831,0.017475576940920726,0.013026736124918812,0.009678092814252194,0.00711151760978778,0.005121551941252104,0.0037860712344746235,0.002889675375458967,0.002266671968823319,0.0018027332617542183,0.0018143317294309464
0.21225909753993444,0.15681862211823613,0.13610585385319748,0.11375215878740312,0.09231579313393837,0.07321911423069345,0.0553725864218689,0.04199348596767489,0.031079915287774845,0.02352105469700808,0.017354746517377104,0.012652191407239617,0.009423324342180427,0.006995878640961573,0.005003916036209673,0.00366766182005441,0.0027370857736117096,0.002205564579825045,0.001707159971321037,0.0018147888734896761
0.21311724973276375,0.15861096678326886,0.13631038465484316,0.11444333762455865,0.09219405163369929,0.07241194438836801,0.055125146028520665,0.04204297623499588,0.030996104802973188,0.022818507646433932,0.01672088613250289,0.012595683843702323,0.00923330476193628,0.006744614732912595,0.00502702148149864,0.003696631333004598,0.0026508520122978346,0.0019624909404402204,0.001634857545661836,0.0016629876856175555
0.2140738716808664,0.15836790117323657,0.13800972039378356,0.11478509981205033,0.09228743883355277,0.07169908177881551,0.05532344734510709,0.041403578495905674,0.03089992299858417,0.022522500144895135,0.01659256315358056,0.012437798587479407,0.009051392235276585,0.006489646207473278,0.004764152115055019,0.003571872127971385,0.002614736249451469,0.0019738857563940154,0.0014903499838545412,0.0016410409266665006
0.2135169027459311,0.15876868202588107,0.1375165851059958,0.11575494078993079,0.09203120812364131,0.0720380903222391,0.0557540805151061,0.04127995658920882,0.030920262449996523,0.02289323658550305,0.01690109155640259,0.012078589413987406,0.008553117007302408,0.006394158072190294,0.0046736084227522855,0.0035172005333703924,0.0025328476089323,0.001983595220842473,0.001411181587471751,0.0014806653233144403
0.21484896355983002,0.1578323348137256,0.13728071482743662,0.11612302821356066,0.09203270772685272,0.07258061845290731,0.05553292465233966,0.041643069810264714,0.03055006342172634,0.02257515391774053,0.01714539306567047,0.01209814967527414,0.008571040613087723,0.006229570090115151,0.004562058904377258,0.0033101835752632086,0.002424266510347843,0.0018678774751860435,0.0013694456311869306,0.0014224350631071017
0.21518000754582103,0.15892227142450532,0.13778404389814466,0.11500757891671133,0.09338780886567778,0.07240844072889983,0.05522515008902743,0.0414672650370341,0.030582087279996287,0.02255803332075696,0.0165693652905472,0.01204683704336199,0.008523799122301872,0.006023418521680996,0.004355394931061644,0.0031953904300456052,0.002331592499189155,0.001808680341812453,0.0013205186759069878,0.0013023160375172924
0.21544409980038592,0.15895796850534452,0.1391637397668853,0.11562054137439046,0.09279072307941855,0.07248173515225947,0.05546488878884281,0.04127342485343432,0.030246654065273448,0.022411059212203273,0.0160270521677817,0.01156139206774297,0.008459595541622669,0.006004972143417537,0.004273659888176428,0.0031812448896495326,0.002216278307617443,0.0018405537550937982,0.0013506221799968886,0.001229794460462853
0.21758012868274032,0.15937983263958563,0.13879920392869802,0.11516376749684581,0.0923893066828265,0.07286999599315194,0.055470009901219614,0.041449353109280974,0.03006626200812628,0.022132040545328715,0.015923081762880695,0.011308583595765323,0.008002106078819004,0.005756946583085803,0.004192288969908903,0.00306143061033237,0.0023759615607501093,0.0016457880079342214,0.0012268902554117289,0.001207021587307895
0.21688864010493097,0.15943831501127814,0.13904833511640768,0.11652363429199801,0.09296883539297743,0.072828927538728,0.055506056380480465,0.041429153431617724,0.030000364343370448,0.02208583267365102,0.015516059262105305,0.010882274032585546,0.008081798398876499,0.005677132153964883,0.00411376787352648,0.0029975522749931273,0.002152938098061362,0.0015269299433942891,0.0011907403788508606,0.0011427132982018001
0.21742445543408143,0.16018259704602975,0.13819486941995662,0.11610294239261673,0.09366368402772036,0.07318271282314219,0.05552504920527281,0.04135723855047055,0.030426225169944275,0.021842179256049355,0.015550520170026958,0.010760655629248606,0.0077388729925075665,0.0055804568234068255,0.0038901109806321436,0.0028233075867087885,0.001997982170324672,0.0014372901539835595,0.0011825805064421696,0.0011362696614346437
0.21856642164731105,0.1589989177668267,0.1392489897502259,0.11536539435319193,0.09368928986308264,0.07313182394349883,0.055624137440303416,0.04134660254903974,0.030746012781604024,0.021464291269654774,0.015273718943713944,0.011060621605610405,0.007648443007350578,0.005492250614754778,0.003964878720383382,0.0028131443341618315,0.001886461494673229,0.0013834050960937012,0.0012162712268287922,0.0010789235916903025
0.2184643146863567,0.1608645265963611,0.1390311739483138,0.11556379650017383,0.09335960134430409,0.07301458536827643,0.05558995414135061,0.041084052116616726,0.030202142277701443,0.021830041554227433,0.015323742198235187,0.010865354369816067,0.00773637071006407,0.005411982848534014,0.0037150472658642776,0.0026273529460457265,0.0019237455093290068,0.001283048855189312,0.0010612055692598048,0.0010479611939804314
0.21910887909715993,0.16085563232241643,0.1391652238395863,0.1158774981875002,0.0937087221793696,0.07312733183477947,0.055308555330073596,0.04101380810344657,0.02959754228338558,0.022109186973837108,0.015226653512939095,0.010742578682354039,0.007778024226252941,0.0052421797668744585,0.0035455475404626083,0.0024547371627012377,0.0017711185192787083,0.0013225455111249415,0.0010428081001360617,0.0010014268263211384
0.2189955970470421,0.16126725593405503,0.13918297083457476,0.11572814248353029,0.09365875459330619,0.07293177078160691,0.055692389181315576,0.04151521170589598,0.030102294170225443,0.02137915052802331,0.01569172708312643,0.010411494024563844,0.0074767438011057044,0.005043532955937367,0.003442910583639554,0.0022941702254444325,0.0017661469195881753,0.0013109544145396765,0.0010130102294170229,0.0010957725030622037
0.21879149077063154,0.16090555417597877,0.14006290869961097,0.11586126976243682,0.09353199238473638,0.07269596887674862,0.05577187318930552,0.041413790249151546,0.03039814584885358,0.021501531330187888,0.015447396738680574,0.01055210661369092,0.0073172750600115875,0.005077394255442431,0.003269596887674861,0.002431917887592087,0.0016538366029302221,0.0012565185001241627,0.0010413045277708804,0.001018127638440527
0.2184332483696911,0.1607997616604323,0.13982587970472374,0.11709589857327288,0.09375848257141904,0.07238736800291301,0.0560395908504088,0.04162335727763251,0.029843755172299657,0.021847793703863087,0.015324903174550628,0.010438942037141248,0.007122049720282039,0.005016716872455229,0.0033317885398391226,0.0024065675791982532,0.0016336191201297633,0.001211559469032408,0.0008921182429077434,0.0009665993578072766
0.2195075544496138,0.16039224899571816,0.14072354619034697,0.11684248492749981,0.09405339404247436,0.0731917963243615,0.0554969127019318,0.04140553132631383,0.029330986148521202,0.02131327637439363,0.015062573211650328,0.010426662607625268,0.007061408443247323,0.00485430467958942,0.003447979193000801,0.0023262278048748206,0.0015800480466966248,0.0011879314110242688,0.0008868123068370586,0.0009083208142790022
0.22005874628287522,0.1603846293790954,0.13974735129020202,0.1171799799548156,0.09430167671682371,0.07351389435592438,0.055777544762616725,0.0411306674781769,0.029837885398439377,0.021202909528739697,0.014620414994856395,0.010206174313717056,0.007047238494692661,0.004811175024891091,0.0032813239083478592,0.0022823724765726043,0.001599314626699788,0.0012106497484428598,0.000936103494014561,0.0008699477700559347
0.2198525753034703,0.16100172089155734,0.13988980342822757,0.11719585597410562,0.0947399569198521,0.07350570902881212,0.055749612758071734,0.04079389141356115,0.029734559503007827,0.021199532499392482,0.014929271522302985,0.009941826922282158,0.006881913115640275,0.0047890709334638204,0.0031508350704805106,0.002178804104351162,0.001552273940808604,0.0011373423549268583,0.000882762816178695,0.0008926814995065454
0.22024676321851253,0.1615048055283433,0.14128981439805133,0.11670781593370225,0.09433331568217322,0.0732694140697397,0.05532645820646561,0.04089332521379969,0.029802880669331993,0.02078093145171966,0.014646601710397418,0.010112459953930475,0.006951799094495486,0.004587095236834439,0.003107707379067489,0.0021131748259154343,0.0015174481717810913,0.0011500834017315793,0.0008207789456962063,0.000837326908311049
0.2201399920571882,0.16242884564469148,0.1407400052952079,0.11731532962668788,0.09420836642838233,0.07366792427852793,0.05488648398199631,0.040874040243579574,0.029380129732591995,0.02076052422557586,0.014363251257611861,0.010203203600741326,0.007049245432883244,0.004716044479745829,0.003105970346836113,0.0020469287794545946,0.001416468096372783,0.0010871723590150913,0.0008290309769658461,0.000781043155943871
0.22021753886396375,0.16334950250815355,0.14089366422197575,0.11713491051768948,0.09449530652451038,0.0729914077115375,0.055085012333824485,0.040837375627038396,0.029468734996606127,0.020553614886677812,0.014495968743274341,0.00998294786682781,0.0069218416303825974,0.004552754002284653,0.0030164064698773247,0.0021091667632402358,0.001370792841415161,0.0009767726768537984,0.0008079068920417858,0.0007383739218250746
0.22060417152660936,0.16311042947830273,0.1410268500457455,0.11730867543193517,0.09413150549855978,0.07357167319346626,0.0553049065981063,0.04049097415585899,0.029189436015029012,0.02056810454791366,0.014486351626571106,0.009926691384128213,0.006874233783508787,0.0045927492137233196,0.003163305654408858,0.002034971733746284,0.0013351399911652444,0.0008834755331874106,0.0007047950882731028,0.0006915594997609321
0.22146433807590094,0.1632727356970052,0.14198578884487212,0.1177500438513753,0.09465774415287417,0.0728478903351569,0.05507070827417535,0.03976244137981249,0.028743335418342113,0.020568777158894217,0.014219428972355428,0.009796231760310031,0.0066438970468994584,0.0045919836376453315,0.003170537171073316,0.002041984795983545,0.0012261837389171853,0.0008306939769722362,0.0006619075513722997,0.0006933481600624838
