0.10195460277427494,0.10390920554854977,0.10094577553593942,0.10239596469104663,0.10107187894073139,0.10296343001261032,0.09646910466582602,0.10466582597730137,0.10126103404791925,0.10258511979823454,0.09634300126103398,0.09571248423707437,0.09306431273644385,0.09464060529634298,0.09722572509457753,0.08972257250945771,0.1044136191677175,0.10365699873896592,0.1034047919293821,0.10113493064312735
0.05941210320489482,0.05344035889185095,0.05453253631783538,0.05369872344423436,0.05163767894681212,0.049300654132071256,0.049318269897006474,0.05140280208100903,0.051432161689234424,0.04992307782644946,0.04624138295498585,0.04560134349567238,0.04676985590304283,0.04755669340348324,0.047873777172317424,0.04726896924287441,0.05078037838663082,0.05000528472948057,0.046212023346760465,0.050968279879273284
0.06435699395720933,0.05353381379764473,0.05541468241697074,0.054628864966730084,0.05259883655360837,0.05132915928446957,0.05116180927191831,0.0523660017535371,0.052587922422355056,0.051103600571900484,0.047167237233194964,0.04529728274512228,0.04633412521418983,0.0468943839518614,0.04650875131424331,0.046497837182989936,0.04685072742684804,0.045428252320162385,0.04203031945662178,0.04824046013977365
0.06661314987043031,0.05461460275987949,0.0563360936198008,0.055273897131764275,0.05392173321164876,0.05255736013649836,0.052951105386373966,0.054037720184480345,0.053265491128522705,0.050582529309602796,0.04795145639958122,0.04620859951834883,0.04551878225887682,0.04500294545865218,0.04566223983053694,0.045463841061219756,0.04438943541814829,0.043513428544394016,0.04005213309199902,0.046141449165656885
0.06929930014138284,0.05678108455019362,0.056637259398159584,0.05708773062905866,0.055850291585143146,0.05437676219732267,0.05377703845016186,0.05374718794690952,0.053000925365600804,0.05018412333142469,0.047437877032208704,0.04624114322000093,0.04485173797770982,0.044564087673641756,0.04430357419071216,0.04342162750371095,0.0428463268955748,0.040764932714251995,0.03926969386952074,0.045568150055766185
0.07334031081980519,0.05755436624875977,0.05768302911987173,0.05760880054038408,0.056671046152856425,0.0563048518273839,0.054773268803954896,0.05332086293197941,0.052271765675220246,0.05041605118802843,0.047177210836382905,0.045954913560819176,0.04386166761926676,0.04422538765875638,0.04340639899840903,0.0425008103286594,0.04149872450557581,0.03967022716419608,0.038019878413586804,0.04374042760610356
0.07445477583828644,0.060007882206834604,0.05944421276459239,0.059382346606297515,0.05805336987255572,0.05684812545540367,0.05521669194777581,0.05369066004316881,0.051781974492812084,0.0492385879851338,0.04727032761567824,0.04530435858541883,0.04363168097226106,0.04353315338682848,0.042838877610408166,0.040714806175617395,0.040141971376590764,0.03867322295188646,0.036517072768350194,0.04325590134409958
0.0769278751430366,0.061353018609813396,0.06139603713358972,0.06099596486246977,0.05903001832589112,0.05710063753452239,0.055134690997943714,0.053151537051854506,0.051116760877233706,0.04875719484810159,0.04699558629946053,0.044956508272462115,0.04355410439735351,0.043257276583296776,0.04224203942217518,0.04042020494024727,0.03888659456762083,0.03729060733551867,0.03539779228935979,0.04203555050804876
0.07877722832972332,0.06334545751767544,0.06282847684825696,0.06189259879847971,0.060413175855163675,0.05767706077077117,0.05562344190608525,0.05248477665617719,0.050935878049777276,0.04877395888675467,0.04659364910703338,0.04526952470472842,0.04310760554170585,0.04216355388450694,0.041844783195063136,0.039525522089174044,0.03756181290612611,0.03603130491642486,0.034267849115207,0.04088234092116555
0.08091613563055622,0.06507355833530011,0.06397018330579812,0.06252655180552277,0.06070332782629219,0.05834120053496972,0.05653174415860277,0.052668948155141226,0.05068444654236488,0.04869994492958855,0.046327983636220586,0.04429234521280781,0.04281724490598694,0.04193611832271261,0.040771772480528684,0.03842144599166075,0.0365923216112029,0.03506411769333647,0.03339430414601526,0.04026630477539138
0.08365939005061218,0.06613272486428128,0.06498418848247717,0.06411321505960904,0.06171468824894144,0.059076883025397986,0.05632039570906808,0.053473939709496876,0.05094524544222479,0.04791885207617092,0.045614122403350665,0.04367501014540471,0.04262027090144791,0.04107548946792137,0.03948859503372868,0.03792658555447509,0.03555102947144355,0.03468771295778747,0.032804113291628696,0.03821754810453212
0.08685493625429165,0.06774624925811563,0.06636202453665095,0.06510176023800403,0.06192574395035571,0.06024476548941831,0.056518440051988264,0.05320531602395067,0.05020397124118189,0.04736415064572113,0.04487179487179485,0.04348381377388117,0.04192679573576146,0.04090693952985191,0.03887473987093091,0.03664157407198719,0.03491364090543697,0.033604543712952725,0.031589247748052315,0.03765955208967222
0.08851109586755408,0.07007174771501143,0.06878881699697807,0.0657520532453327,0.06330113646897421,0.06043864365301545,0.056539794953558646,0.05339550232670239,0.05065907784719775,0.047225569624946694,0.04445392016907988,0.04291699883201392,0.04085726468788816,0.0400415283931849,0.03784089434361038,0.03596470086579284,0.0339364838057806,0.03224197704814698,0.030413986169561914,0.036648806985669
0.09151930870039643,0.07248248421099039,0.07038646792782796,0.06699720408695621,0.06400840610912512,0.06038033234992631,0.057134354460050774,0.05377080861038344,0.05028602080218089,0.04727885283063233,0.04426249986222505,0.042267518544508643,0.04052604314009325,0.03916115260688581,0.03670141044811761,0.03505913300977651,0.0326342938390715,0.030778924473607836,0.029482002917155012,0.03488278107008888
0.09424076128203633,0.07410860237024929,0.0723170500321093,0.06828879385836882,0.06506326989316363,0.06054790122015295,0.05657620117928659,0.05374474575281687,0.050800178060599,0.04710396111857084,0.04402621285539142,0.041840591978515966,0.03970970284313152,0.037843350458287114,0.03609011033919084,0.03439160196158559,0.031501766010858766,0.029963804074960593,0.028024476034794788,0.03381691867592971
0.09727126980639796,0.0763169314177087,0.07382223763501577,0.06999667737290947,0.06525240164206772,0.06114904796747819,0.05737614135871846,0.053212871457907034,0.049810356065791636,0.046874460980919415,0.04382962730291647,0.04104987753486488,0.039203368381299605,0.03701551830259148,0.03522529408881037,0.0331772485379533,0.030638979318008103,0.028712581862813634,0.027274592433488457,0.03279051653233932
0.10152025377350642,0.07904379184495797,0.07511023015405095,0.07051293644449427,0.06677650497166028,0.06146484028835268,0.05643711546043468,0.0528797288645661,0.049405534837792586,0.04711231358534654,0.04329992367986053,0.0411152144740602,0.038165495339407586,0.036132702998911255,0.03429161527415569,0.03185009422462717,0.029857089634567593,0.02743365392614669,0.025950655955321984,0.03164030426777879
0.10466593963209647,0.0807585193730679,0.07646841455391024,0.07230448928825718,0.06703378908186348,0.061606265716114036,0.057220624949302856,0.052914297044694615,0.04990040828098384,0.04646832442565771,0.0430452533955819,0.040260290393229564,0.038068371292349024,0.03503465431308753,0.03272737104900274,0.030998711165989203,0.028606707344551303,0.02662568835452849,0.025425180031184377,0.0298667003145476
0.10726750615410344,0.08236339149088441,0.07823308453193749,0.07396791774629449,0.06818692650858697,0.06209665673498964,0.05792139650047741,0.052449683798659684,0.04894692456660547,0.04610048315780577,0.04256715569836713,0.039659577834798516,0.037483839297434256,0.03407278474753341,0.03197436584414159,0.029739288983031027,0.027831471968036422,0.026027946552353486,0.02403202111725073,0.029077576766708677
0.10998775719758301,0.08570679744803988,0.08046680620828559,0.07424308245760794,0.06871048464982354,0.06352793764428376,0.05748372712552644,0.05273021674427622,0.04861397833634316,0.04505782121200154,0.04191454452107665,0.03861688645070028,0.03649144978476363,0.033375100078626804,0.030738050701717222,0.029151153731541563,0.026943140978921552,0.02454843446510442,0.023634712114629967,0.028057918149146772
0.11305583276150277,0.08750172444992288,0.08220027268704237,0.07621441586386431,0.07006193686632063,0.06331821789522152,0.05790389304648042,0.05265439873582145,0.04771664913849169,0.044566952552096306,0.04197803812243683,0.038165436111145964,0.03513040424689464,0.03218316256053492,0.030391526277033554,0.02840997654748105,0.025996642473604715,0.02362093276168191,0.022157165918061293,0.026772420984360806
0.1165034652358596,0.0894236530292868,0.08450346523585958,0.07762664878157834,0.07015425888665325,0.06320769058797229,0.05771517996870109,0.05191862284820029,0.048280795886429695,0.044854012966689026,0.04140755644980997,0.03760876369327072,0.0342517326179298,0.031103957075788065,0.029424547283702213,0.027455399061032858,0.024726134585289515,0.02278381399508159,0.02123317683881065,0.025817124972054552
0.11989007827813127,0.09148410405398885,0.08601839294871452,0.07845502089620504,0.0715777662233705,0.06381248983777969,0.05796083770643824,0.05190728124201538,0.04719737131278912,0.04370960796610866,0.04040409454840433,0.03697350765003011,0.03336424435069889,0.031025370262171875,0.02836666541593186,0.026410158825452817,0.024266042013968918,0.021782440040666748,0.02054599934604438,0.024848527081088694
0.12347035808651807,0.09387929142722572,0.08672862247929106,0.07944236200439958,0.07237911390937134,0.06492157992674488,0.05744977315180721,0.051858406763876284,0.04707880543864752,0.04315913985017136,0.040058375720553,0.03639562039367929,0.033128935053442686,0.029740930978560495,0.02768743298477986,0.025228944509167597,0.02314154863364775,0.021036311767738854,0.01934676997789501,0.023867676942482433
0.1268573283002181,0.09615936692587086,0.08837789019273595,0.08051795677393239,0.07242087019163049,0.06544892380607646,0.05754441272496118,0.052113070348900434,0.04665676448194515,0.043065588006112474,0.03882892698000603,0.035601504228637046,0.032258179555257574,0.029093165531125013,0.026523709075477114,0.023959601939306623,0.02193042675087684,0.020568133390630485,0.01931639263291722,0.022757788163382475
0.1304833084915954,0.09771539213099321,0.0898314089900942,0.08126457520628151,0.07317734148237429,0.06504910106189515,0.05875903038774505,0.0519768793547329,0.04677081178996013,0.0421584498755536,0.03818258320793605,0.035023284672053415,0.03175701214511378,0.028009356658417795,0.025647014355909607,0.023092118869498864,0.021070310438522047,0.019547713965811113,0.01831751306865591,0.02216679384685604
0.1323035976701075,0.10031027280522911,0.09153581480414026,0.08256031995103952,0.074243087356739,0.06615713609661154,0.058272221688496044,0.05207566101984394,0.04662987514366128,0.04122322918556946,0.037421319869201525,0.03430969638098086,0.030860046327430318,0.027536711464082014,0.024533612294204088,0.022505452902224925,0.020592934177332285,0.018885010478823527,0.017547136914991657,0.020496863469291172
0.13429556907871912,0.10190105005131964,0.09417731156266065,0.08447549909901578,0.07441969677833656,0.06652163162641442,0.05863779722251376,0.05231045088346262,0.04601512372745983,0.0406234490708211,0.03686831043665271,0.0332963926832609,0.03011404165695714,0.02702596933629571,0.024181598575502117,0.021733909915807335,0.019864345394485228,0.017811559992386553,0.01623728349251018,0.01948900941541866
0.13729214462288142,0.1043909726297818,0.09563926087961729,0.08536698145085274,0.07609240783225739,0.06680538512155647,0.058265307937185436,0.05207099539383591,0.046074089882445005,0.040560920521439114,0.03615572035782248,0.03265041170926034,0.02906507318287716,0.025833644560635968,0.023727969553077585,0.020987390848138856,0.018728769851855807,0.016993010724003634,0.015397748492770633,0.017901794447704917
0.13932157346661575,0.1060163525474286,0.09769271059897197,0.08706799357261438,0.07691201406212549,0.06757277416261995,0.058641904068606115,0.051378248093534445,0.04531129320064272,0.03995809770691477,0.036115870493506036,0.03200909066697443,0.02795202542545919,0.025654501389345098,0.022731993998739392,0.02015038661967454,0.017776515185142443,0.016040055751356048,0.014761680708077731,0.016934918281650876
0.14161384400466484,0.10722038898543212,0.09953617827226849,0.08875449754421219,0.07745982608016501,0.06758519817595403,0.05986193626489494,0.05147480398961237,0.04432665972028693,0.039331656498563086,0.0356377681885392,0.031331486093335914,0.027204484497561965,0.02475668441129432,0.02174086690109219,0.019374719319515125,0.017255304306459596,0.015441198658768857,0.013795723183808664,0.016296774903570167
0.1441140330190771,0.1102864123891577,0.10066013330330849,0.08929619470297549,0.07902804546993937,0.06769779618672392,0.05934107241961993,0.051681185580263043,0.044313863863242646,0.0389838592708568,0.03447658326492038,0.029871785551538445,0.02684861262072744,0.02385735588508042,0.020984898320321577,0.018791546463774227,0.016474076070478048,0.014552011872824603,0.013328557724871756,0.015411976020298696
0.14655117395528255,0.11171721541068935,0.1019915756032875,0.09116147469489926,0.07888121458810514,0.06792347130528509,0.058855544288358305,0.05244860621618364,0.04399584453158794,0.03895219793077527,0.0333837993461874,0.029552755302476974,0.026099319949793996,0.023213184039030194,0.020339457803558388,0.017619966103858346,0.01573724108098909,0.014368631177359077,0.01283869549493331,0.01436863117735908
0.15013342080300707,0.11332169041054604,0.10291398125903134,0.09225272825595518,0.08010212675419544,0.06880435457132472,0.05936117587610038,0.05157578390262499,0.04442868414287107,0.03801030132711589,0.03317701084210246,0.028583079937234593,0.02492176487797095,0.022049449916224147,0.019226779904433472,0.01693424703681705,0.014936037801083324,0.013707325289669415,0.011987482380475346,0.013572574711217103
0.15353620943024632,0.1153529118752892,0.1039121039635114,0.09223198569101308,0.08072558901370451,0.06914119488549443,0.05940924021619476,0.05140918349077589,0.043685663182189645,0.03807871006397564,0.03320918739064846,0.028265212605097137,0.02407462228848065,0.0210628570820799,0.01846944183960533,0.016556731623180134,0.01447561781958126,0.012506182184318615,0.01105968400396369,0.01283767135064995
0.15483923495449448,0.11728609204475861,0.1055973068359216,0.09374745568916756,0.08152060405036583,0.06997695518119033,0.060072284976972874,0.05086320722991366,0.04359577051466762,0.03719738188202895,0.03190698530583059,0.02747324712470751,0.023759880775806826,0.020271298757845328,0.017927877858920402,0.015904818880467835,0.013391482266817228,0.01192595922730829,0.010518844714736296,0.012223311728078218
0.15740095692426298,0.11837782595011691,0.10750015029298288,0.09436807989221341,0.0821607533745195,0.06984026508145878,0.059745881088191934,0.05169371350974782,0.04303860584692748,0.03691726106067946,0.03144659648279057,0.02662484396052068,0.022998362690562664,0.019902327242636533,0.017144008968070695,0.014963876639519622,0.012815571060290474,0.011169420859251506,0.009929945788436985,0.01196155328681913
0.16058755687004267,0.12103147929329024,0.1081344503329064,0.09514366982473768,0.08313285832549124,0.07060906665911938,0.05923152033170357,0.050627604701021,0.043207081248982884,0.03666393077244201,0.03116796739568814,0.025970947633569424,0.022220885722169945,0.018548655284403272,0.016256164606491146,0.013979594002731174,0.012092180767135311,0.01068767644748852,0.009790845603583075,0.010915864177002922
0.16251429743256124,0.12197765092520076,0.10982726403269802,0.09614769269933758,0.08309747357516252,0.07123878082455748,0.0600359579324012,0.050316355555712684,0.04258734471706553,0.03604278887885147,0.030799365697829612,0.025872386464684677,0.021219422940595156,0.017961287767761968,0.015717894640075943,0.013405555624305015,0.011803889608793961,0.010149188294756053,0.008962965451038698,0.010322436936610445
0.16423493870418293,0.12402962292150492,0.11226570777168347,0.09709696076749331,0.08319640308256675,0.07116363887203671,0.060054158935782226,0.05062144814131556,0.04182725386603182,0.03586835593493146,0.03014646967577156,0.02518514325940573,0.020625321690282344,0.01767328825394917,0.014949422770454196,0.012492637603847364,0.01097328666207972,0.009722784781020665,0.00827064610443017,0.009602510201229982
0.16682726563895114,0.12553063963181876,0.1125742807081442,0.09812567738878447,0.08432595285285657,0.07104780663058641,0.06076298951008768,0.05032611905069209,0.04192251998352166,0.03495989151171074,0.029196009130272586,0.024418705389583635,0.02046708664034612,0.01678244526521815,0.014167481448608625,0.01231808851272386,0.010390900845310476,0.0089658428086727,0.007793617649502909,0.009096679402607185
0.16873103877460102,0.1273062861103057,0.11401132900068596,0.09913052394860225,0.08448485577093072,0.07162834937450055,0.06032763583132378,0.04980658666119783,0.04150784614623038,0.03460578330634267,0.028684930731859105,0.023404074762918385,0.019795696111225045,0.016629304065569596,0.01372810398353688,0.011629551578068978,0.010027792117787666,0.008659401585494352,0.007483717213433564,0.008417192925385586
0.17062843218618115,0.1277117581622023,0.11469637843660056,0.09984637931947803,0.0858280507831123,0.07210107181325376,0.0602563876185263,0.04976780322426852,0.040592940511715796,0.03447283386011689,0.02851694241873112,0.02343156816696979,0.01900482051100948,0.01610368513057758,0.013197252485300084,0.011053625977786804,0.009420302650398175,0.008058905585082902,0.007160136316282025,0.008150724842406372
0.1723909028957209,0.13004791480556896,0.11625078121965604,0.09986017492258423,0.08630491047311015,0.07274258415103933,0.060361356020776025,0.04914710233712673,0.040681682561764895,0.03383696254735868,0.027596032639975152,0.022356123173181836,0.018786346575521428,0.015580256416593987,0.012626628203000588,0.010292679309772571,0.008945627111941275,0.007840444050548883,0.006759977543245143,0.007591513041513216
0.17359669195022387,0.13098718872268594,0.11822005169710581,0.1015085384973939,0.08622363941974945,0.07179153071457828,0.060759989830077556,0.04895687670381514,0.040489003771346246,0.033401839060977156,0.027121558823113963,0.02240561040722065,0.018021596960323176,0.01467929432038081,0.012218031837507243,0.01000925180445499,0.008646199697727307,0.007434990183199853,0.0064268259954517876,0.00710128960266678
0.17547714605416886,0.13184832985644143,0.11930857503909299,0.1024712406326884,0.08766709377724594,0.0727747009343485,0.05962781372330998,0.048780616945347494,0.039419482596126376,0.033265207431018115,0.026609695057165754,0.021814408098863747,0.01738622444837434,0.014283495529458276,0.011802018362225072,0.009802364286495894,0.00802509009915319,0.006994376965679369,0.0059160109989798764,0.006726109163816321
0.17774640679730722,0.13405800298220386,0.12032045456550698,0.10328836499351504,0.08689330239370383,0.0724022622398292,0.05929644694235879,0.048562277768464536,0.03981859730542885,0.03223603525706068,0.026073990418126154,0.020889543758106206,0.01710973274865669,0.014049885741007068,0.011263554469335356,0.009174247169994442,0.007750200725257857,0.006664960869603582,0.005971466132575724,0.006430266721958018
0.18015912630452,0.13490813463122456,0.12008550701887748,0.104047649703424,0.08804683131941492,0.07247989756089816,0.05936282455363678,0.048425757225678226,0.038982593465979765,0.03146545414139347,0.025401651936342425,0.020741801608900632,0.016526418458792425,0.013674420737568586,0.011071112984614736,0.008915799926274889,0.007469517841300527,0.006321310966522094,0.005626390062278316,0.006287799552358055
0.18202651160985528,0.13605282563518134,0.12146156098834601,0.104421659498347,0.088353803325771,0.07234239987580401,0.05939355662737322,0.04798305007003664,0.038797133613009537,0.030944912727619133,0.024858603571340357,0.020319451844063467,0.016043158106434554,0.013490436555960527,0.010586649636762015,0.008526125261534874,0.006993081013185238,0.006017507400599104,0.005364772795432976,0.006022799843343697
0.1839071539438408,0.13736242415690705,0.12224319175955974,0.10418724425003531,0.08854416537321855,0.07327324678989698,0.059104698744179486,0.047767038239029204,0.03784923098631298,0.031016297446027942,0.024107520812755755,0.01990969380555948,0.015964089177367007,0.012993862000846618,0.010334062367715537,0.008208691971214896,0.006720050797234372,0.00574820093128263,0.005189078594609849,0.005570057852405814
0.18575575298598346,0.13860743988819196,0.12286196182241485,0.10551267974501279,0.08915740367042004,0.07301009339074134,0.058926579262285415,0.047358041314696314,0.037506102386143124,0.030206150500263464,0.023711625464177894,0.019032395078612832,0.015599197040540986,0.012546682152481229,0.009957684248000972,0.008015495214143084,0.0066161321534505555,0.005430022153644425,0.004837848364736755,0.0053507131640585775
0.18633679423222682,0.13888311093091715,0.12386962576460012,0.10781258262969558,0.08916074670803288,0.07305610886847999,0.05895573692467697,0.04678030636887659,0.03741825168784925,0.02956865095453825,0.023640466075552185,0.018427964533131204,0.014925346824375537,0.012156040120573251,0.00976572828711946,0.007798480494984928,0.0064147085265031985,0.0052830122159741935,0.004688959791288406,0.005057378060603923
0.18813429349598512,0.14065912756824414,0.12406723489021887,0.10815756304372737,0.0895771817404564,0.07352824517641667,0.05909231135360016,0.04642803627934035,0.036732391386741656,0.029189179660299856,0.023343587212325802,0.01832829453606339,0.014469427868809106,0.01129454487761452,0.009154451623139099,0.007589045684115887,0.006097679215181617,0.005092857835403206,0.004313680554943458,0.004750865997373361
0.18983389512151713,0.14095568011023143,0.1255380744379622,0.106610540708646,0.0903436452153443,0.07333670464977365,0.05951195789495942,0.04702105428230605,0.03657937071500687,0.028798325383722182,0.02286915474518662,0.01819101268120092,0.01399566192626684,0.011232826989796189,0.00875720002184895,0.007218963478775684,0.005587340295630385,0.004849057235438291,0.004209446851548721,0.004560087254838043
0.1915463728643959,0.14155852849879674,0.12582490953741646,0.10779229015675484,0.08975262403151306,0.07371423336704026,0.05967887984948152,0.04689960855333858,0.03586616822693337,0.028530507118973703,0.022433311370979394,0.01794277338726442,0.013626642331908719,0.011003491661939474,0.00880843072521572,0.006807155264446708,0.00545770367734366,0.0043936452457376,0.003930321789591253,0.00443240234092855
0.1941161963146954,0.14369693126167069,0.12697389282316882,0.10841701018215127,0.08943381601662964,0.07335729133636333,0.05954796885459607,0.046122679068456456,0.035771412465208055,0.027720818799985912,0.021844061586160732,0.01730261071768312,0.013298453299510269,0.010772293274142974,0.008277842370433008,0.006370010217383647,0.00499594827889934,0.00426663848078075,0.0035038579431349755,0.004210266708945496
0.19454244277230517,0.14424727298359385,0.12766137416955958,0.1094877262234127,0.09076074506141296,0.07382769133170032,0.05872204698045711,0.04531340863834212,0.03537631945301072,0.02760145910797046,0.02162052619521736,0.01664757608331718,0.013345198865138247,0.010139743070118248,0.007924647999013164,0.006241739651435319,0.005150933088973865,0.004000211464923256,0.0034504026644580324,0.003938534195640299
0.19506094553653214,0.14592404706545478,0.1285792291974917,0.10942718241386601,0.09140597477629821,0.07372472345522438,0.05827168322412456,0.04557528359050233,0.0349626576481364,0.027420207144366934,0.02121468329458184,0.0165380821531741,0.012719298245614031,0.009892200380469247,0.007730923694779115,0.006069893609525824,0.004812231381667021,0.0037553723666596214,0.0033185373071232317,0.0035968435144085116
0.19696377446992824,0.14628078219254786,0.12918044448200694,0.10973303611988545,0.09144771825292015,0.07344411929387157,0.058384482922551946,0.04566839571646401,0.035044071401657224,0.027118966373326846,0.020840156213134432,0.015897750122371653,0.012439650527694725,0.00958724658503861,0.007516612611851212,0.00596187638878618,0.004433551313338335,0.003627130939426913,0.0031446873096196443,0.0032855467635779707
0.19888310855790328,0.1456115077506138,0.12943930006727414,0.11075047637832719,0.09137306146601246,0.07384656567328725,0.05872573640516639,0.04570414176173687,0.034769454022887294,0.026634919852208255,0.02037243803559542,0.01569318770186642,0.011956127405226245,0.009215851334739868,0.007158883179002018,0.005665467942644404,0.004416846005642575,0.0035239668489995195,0.0030273358387956895,0.0032316237720710233
0.19994641868859733,0.14747374691995588,0.1304123293417606,0.11172055936069035,0.09165224318865205,0.07350862412357545,0.05836132839351244,0.04514577994296411,0.03502701978630927,0.026191391034295575,0.01980922233071654,0.015004529735865286,0.011283801171033662,0.008920230822649384,0.00697790828430526,0.005474458987383716,0.004149026547424749,0.003223691399847011,0.0026702528544386124,0.003047437086022681
0.2012301990618499,0.14869132818871508,0.1314819283687356,0.11203900562432076,0.09124680956751038,0.07291888683190273,0.05834109840711769,0.04514957381634734,0.03458437626054009,0.02608712500858708,0.019467583092161,0.014709897430567904,0.010966808933387119,0.008699818394153383,0.006947172250767553,0.005087077449345004,0.003913949477993282,0.003170616138788438,0.0025523459917246912,0.002714399705484989
0.20085483626787218,0.1504166798694509,0.13245913298196324,0.11242082730406189,0.09236139717143553,0.07393559153754344,0.05753949392847963,0.04447753942351365,0.034138879206847134,0.025588756156898377,0.01924437825448631,0.01436991032668969,0.010676651492266691,0.008212131774348574,0.006455281289718377,0.005027620224552955,0.0037847981382313906,0.0029943914572705087,0.002343054103249293,0.002698649091120336
0.2022257669230119,0.1516768077974027,0.13278719118848417,0.11173026000732414,0.09304487450350712,0.07371686526381027,0.058022761204540974,0.04435160145356205,0.03358721372433026,0.025375714808867866,0.01866249753514184,0.01379968449815488,0.010452759232654445,0.008105862136961607,0.006167427251471874,0.004887461618637143,0.003772993605453674,0.002794092791346235,0.002281754415617341,0.002556410039719429
0.20377636139289196,0.15082386778686638,0.1334628850246342,0.11318522899493584,0.09319448771635219,0.07386558659984896,0.05791629482162879,0.04411798357017001,0.03365879675346278,0.025040792940840998,0.01826749255869871,0.013493794368373897,0.010290206349793088,0.0076252435695011375,0.005900234636419164,0.00468568753047369,0.0035591510843793403,0.0026508810747157695,0.0021650622323375803,0.0023199609936755535
0.20482977345366996,0.1524734945017811,0.13331068808695776,0.11334004477422803,0.09366684031933319,0.07410451543866071,0.057630978697041826,0.04363023245990735,0.032989313321036835,0.024543105754473903,0.01820009011165397,0.013296748940484071,0.009989721639468903,0.00760493079706574,0.005684778170451824,0.004447502921588782,0.003465426692761499,0.0025326302746997444,0.0019870323697957,0.002272151274939104
0.2057936432520704,0.1541710219294078,0.13410161927788858,0.1137436254790789,0.09314279278803685,0.07323880213557449,0.05741908009812101,0.0433097885189995,0.0330172908330078,0.024542565434523243,0.017894410834134,0.01294964788360626,0.009900084113761223,0.007447059361791235,0.005581775117108175,0.004172253720890128,0.00308475781219755,0.0023879157736178425,0.0019603081590348383,0.002141557477150268
0.20621837020028244,0.15492394761031034,0.135017203793639,0.11353271186022841,0.0926927018584323,0.07349735339796934,0.05740995742193142,0.044046642178701106,0.03239666278099236,0.024271964331622927,0.017732057517371076,0.012916051826208226,0.0095756632352993,0.007133323237623662,0.0054041394757509305,0.004143349686035171,0.0029547559596969897,0.002336687222001135,0.001826032139574361,0.001970424266329518
0.2076282071584163,0.15479872892539304,0.1356974194933296,0.11421724396397917,0.09310832638324376,0.07347916204793624,0.05728281410006015,0.04307296010472638,0.032512343007154186,0.023952295992877463,0.017236222107267146,0.012666758161516557,0.00955417374871995,0.006906101650778231,0.005206408862331919,0.003969468872396354,0.0028873663207457526,0.002303206894488842,0.0017735924749004994,0.0017471997297382898
0.20939626374167933,0.15534125830308965,0.1357324143466124,0.11318778799004506,0.09335189611413647,0.07381345461329691,0.05736216079216843,0.04341191420756755,0.03182014988682806,0.02367634583094259,0.016850827756872157,0.01279212618936148,0.009483210774391812,0.006855439117716426,0.00490881121933533,0.003687328614022057,0.002819618348287988,0.002131434344429933,0.0015858153132381255,0.0017917424959782598
0.20999109132971586,0.15548446616641964,0.13619525833383214,0.11447817375780386,0.09282799223924533,0.07422189983555932,0.057714450708292106,0.04292359318715601,0.03171909166775238,0.022854436553013627,0.017058519048004706,0.01258833844496167,0.00919740979531186,0.006702629994401268,0.004690256449982919,0.0035405802255689383,0.00256344346515583,0.0019982886902141944,0.001584546097967203,0.001665534009641082
0.21082266383201714,0.15536411706469577,0.1366962265046766,0.11610984794531874,0.0929543484262596,0.0734670120296759,0.05709216303806904,0.04282395806406801,0.031225106695013168,0.02315901645398002,0.017058892833717556,0.012432364945302872,0.00898576872284267,0.006530948148069997,0.004705658924134437,0.0032250293224449027,0.002449545172391357,0.001872767845367405,0.001433150980257686,0.0015914130516971848
0.2114089296300401,0.15591582273025523,0.13701410987797005,0.11492663602284742,0.09384713624537573,0.07367182263878114,0.05637794278295836,0.04303855808692501,0.0316359612783152,0.022908981523993486,0.017190091949048934,0.012194199487393292,0.008960942323828826,0.006134041202039872,0.004373165021012653,0.003321213016762626,0.002402953909373807,0.0017520805957074023,0.0014583080460255388,0.001467103631345355
0.21115279954547297,0.15679072933652066,0.1378779003804729,0.11552445633532278,0.0928790173490729,0.07346311277161247,0.05661183845995535,0.04277198185409753,0.03164978900726997,0.022925120887664626,0.016962091668821448,0.012244438463825173,0.008793269340707083,0.006198735978526058,0.0043887191448418045,0.0031327890969792592,0.0022339371999795955,0.0017431746182517954,0.001340362319987758,0.0013157362406179044
0.21154110107305876,0.15745703717520523,0.13764117110871013,0.11553770839125643,0.09351519140145209,0.07367996874791038,0.05654938921169421,0.04272350699124731,0.03141222139712325,0.022911160304215156,0.016256013739657422,0.01208554907598692,0.008761495173171064,0.006113162127253722,0.004260208839977336,0.0029052477467173,0.0022453640974023463,0.0016734649346627202,0.001347922334334011,0.001383116128964141
0.21117334729547857,0.15787356059301635,0.13797047568513493,0.11498213149951331,0.09435868423179503,0.07443802951025902,0.05577888740912014,0.042077946721297076,0.03125845547282126,0.023000643055179758,0.016870535071105034,0.011958015173291075,0.00851081773426711,0.006021175139416472,0.004223783202555354,0.002834010942479944,0.002154059154048612,0.0016638613530864889,0.0014372107569427114,0.0014143699991917883
0.21208913521678038,0.15859428987408322,0.13769432170055337,0.11574284915484015,0.09335178448028777,0.07390071196341186,0.056106022588001944,0.04205841651881717,0.03148007153043119,0.02270405427028586,0.016702742527373398,0.011863712373111733,0.008645897990008951,0.005792065889585005,0.004016113689074729,0.0028538321004239415,0.002157518168342684,0.0015315389768756958,0.0012836090162103998,0.001431311971500363
0.21299291049566738,0.1592614674623233,0.13874569766807895,0.1154106583513165,0.09293916322392176,0.07357713067657191,0.05619368715781403,0.04244205372264929,0.030874782575050073,0.022765205676527952,0.01606790165796967,0.0117449044737217,0.008144751814585984,0.005763409997062891,0.004083807755013746,0.0027928883354702092,0.0020999424890122357,0.0015793537312671585,0.0012557445034796783,0.0012645382324956425
0.2153879155735918,0.1584014966627515,0.13862416744617853,0.11610389427709364,0.09259897456095313,0.0730326410330349,0.05628134165125226,0.041763079974399195,0.03075262162143154,0.02273654374995604,0.016447113930638694,0.011409591864006245,0.008051243819584619,0.005746115921031349,0.004007159787035018,0.002785143090242856,0.001969293094111111,0.001487519605016071,0.001220258399386706,0.001193883938304861
0.21492324734926416,0.1591303124615358,0.13868931441332139,0.11668161277276647,0.09291906243955617,0.07374057076541644,0.055494012765732965,0.041769970635297415,0.030632484042833783,0.022649505020133284,0.016229712858926347,0.011281672557190838,0.007837034692549805,0.005841289936874682,0.003907087971022139,0.0029294367955548517,0.0018515587909479342,0.0013275658947442454,0.001035677234442862,0.001128870601888485
0.21578076623515913,0.15850564628565303,0.14021565417972823,0.11649650744311085,0.09331886965281894,0.07306327039756955,0.05563476979716272,0.04229220033721239,0.03085546106497932,0.02177112104658911,0.01583386224223383,0.01088116515847048,0.00788704264031323,0.005597936639936989,0.003964619071312157,0.002867536011224003,0.0018284717668135889,0.001216636983302888,0.0009634639694363912,0.0010249990769733868
0.21641615203905074,0.1594999788990955,0.1398937217775402,0.11680581540928721,0.09263824609281589,0.07279460379534937,0.05608796263733171,0.04209630452825412,0.03049080703926175,0.022089130220715462,0.01545992938230619,0.011216889163982165,0.007663145160155865,0.00529456862717515,0.0037524441881075297,0.0026938821444145904,0.0018779805027642183,0.0011992347405292108,0.0009935009214061643,0.0010357027304570457
0.2161563946603983,0.1606085611684206,0.13935783319286998,0.11714996032423285,0.09329875412812724,0.07327084913179568,0.056230503011311564,0.04208270506037579,0.030092002033932898,0.021848943533729678,0.015395253335491604,0.010866409668570984,0.0073351784177902255,0.005079553871950202,0.0036438365323203537,0.0026303889984639946,0.0018403925701627674,0.0012615310447482834,0.0009342719452738335,0.0009166773700332718
0.21766630853175825,0.16043799137311035,0.13971833363519828,0.1164401507331801,0.09333253617543569,0.07349385514351481,0.05634734045265673,0.04149910231814689,0.030250383778774623,0.02163052786506462,0.015356426294253255,0.010773940673868049,0.007376641280704501,0.004948240420477346,0.003485221220108777,0.00248115395639429,0.0017953637062215247,0.0011640849887547982,0.0008581170309854102,0.0009442804213917324
0.21788025989609083,0.1605314041109748,0.1401032054203078,0.11607178987334199,0.09372762284453565,0.07299153208851106,0.05619997853552458,0.0424028952410443,0.030345841961641928,0.02157003840733592,0.015340062387729359,0.010466570838926704,0.007104389485222059,0.004947385644488467,0.003367459503396489,0.0022748825171847757,0.0017241955660023825,0.0012157338123547404,0.0008515414836175029,0.0008832103817685673
0.21692400501603132,0.16036878030592167,0.14132826336626353,0.11693754759689541,0.0940646561503543,0.07315807709421941,0.05616653505154094,0.04176918869387964,0.030458495507204822,0.021140496361970327,0.01520286610256834,0.010461204023377661,0.007195155625359448,0.00480673681840806,0.0032467018539265578,0.0022723395424014683,0.001649732577997352,0.0011062705666954522,0.0008582830469751679,0.0008846646980092411
0.21698892599753913,0.16115661803480394,0.140729477939884,0.11785199507822111,0.09441729653717702,0.07321497626999472,0.05572684127263142,0.04098435577430128,0.030390226753383726,0.021485322552293906,0.014999121110915802,0.010425382316751622,0.007134821585515909,0.004835647741255053,0.0032852873967305326,0.0021954649323255395,0.0015362981191773591,0.001023026894005976,0.000761117946915099,0.0008577957461768322
0.2180873890225544,0.16162079833410722,0.14125969074050623,0.11718057490186146,0.09475644759613354,0.07347375233914429,0.055643493309695646,0.04078201286001716,0.03005888312017221,0.021289730277320496,0.014882585510672126,0.01006183782871133,0.006896078679667384,0.004549899399209265,0.003155206618547129,0.0021632687518466933,0.0015353931872863116,0.00103590674377049,0.0007791285016813698,0.000787922277095381
0.21794135267279113,0.16186781775793702,0.1412159894869809,0.11813618787102581,0.09494219069253461,0.07383885073585864,0.05571513653397141,0.04060794203784618,0.02966449343726886,0.02111739479514195,0.014434319104566242,0.009961366762766623,0.006818353510810805,0.004622285000500704,0.0030604410759681577,0.0021029552054729534,0.0014740011841201403,0.0009504584512622123,0.0007396358742724424,0.0007888278089033885
0.21924242530780436,0.16195321234451573,0.1408446247635655,0.11754220662789966,0.09384250827960088,0.07441269327858135,0.055942679145249856,0.041285500326965124,0.029180758980993832,0.021048819761350604,0.014755619932919406,0.009877511127361707,0.006843415344157171,0.00445270256017213,0.002986633102934248,0.00206550553028119,0.0014344276703910225,0.0008824542776180061,0.0006820562942545543,0.0007242453433837022
0.21925771797219473,0.1630655028126862,0.14134429000982376,0.11747907400150076,0.0941709473506623,0.07370274625722066,0.05556483061495987,0.041120927052927005,0.029139112417820533,0.02088821483615071,0.014658303882578922,0.009848355707705585,0.006660468974340499,0.004486590314377651,0.002845197696426719,0.0021106129916049965,0.0013865725648429163,0.0008734176992736748,0.000659017378727622,0.0007380994641749366
0.22051626304144972,0.161897615503707,0.14197497236627288,0.11717227454129767,0.09452228359145314,0.07303036107484215,0.05596686412992861,0.040880342886665685,0.028800582021646558,0.02068531643033752,0.01460501782792755,0.01017834956796491,0.006797281790208612,0.004477630300271856,0.002932953285382154,0.0019892768837942464,0.0013109545541612265,0.000876898555665485,0.0007011673821854279,0.0006835942648374223
0.22107809612886103,0.16286948465099266,0.14129595867784578,0.11832299283226588,0.09411233142111715,0.07283592270731838,0.05492449881241001,0.0410408597764764,0.02914386277050417,0.020167053739545953,0.014460292651710007,0.009992985219734915,0.00690929484756478,0.004539389133947141,0.002900848981802006,0.0020165295649253955,0.0012535183781968678,0.0008227862566565691,0.0006786228527124691,0.0006346705954124392
0.22171838296316104,0.1629450156836819,0.1423979857369924,0.11746585458483959,0.0942515437525495,0.07261087589495448,0.055058163250952974,0.04033273318048188,0.028907557706103273,0.020782636827817082,0.014349162364789787,0.00984801597906967,0.006797434346560141,0.004487080303264737,0.0028606895193619628,0.0019147454742379699,0.001258914379756094,0.0008281406045602243,0.0006294571898780471,0.0005556102569873266
0.22299386377977812,0.16325580005519258,0.1419310725466105,0.11725260450997248,0.0939978942446789,0.07276984164649676,0.05440160867050906,0.04032398399063484,0.029245039258802247,0.020431802881615415,0.01418308821849233,0.00989951082495338,0.00664771838422828,0.004596452558106014,0.0029635254351689263,0.0019053745977005434,0.0012163461453955496,0.0008085537960721865,0.0006028998957668692,0.0005730185598250711
0.2227132164318094,0.1644709561794989,0.1410777664546509,0.11822047299434232,0.09332501669185089,0.07215623572407494,0.055271110798749,0.04000773096250484,0.02910531679375901,0.020202410654671963,0.01435850581579225,0.00991847348631268,0.0067733773763924525,0.004468144920406226,0.0028745124222511157,0.0019239554415433808,0.0011543732649260288,0.0008293214323365079,0.0005886073725269702,0.0005604947816003089
0.2233798777637587,0.16390656905574438,0.14198804348208108,0.11733870826025987,0.0940354478070931,0.07247892145319845,0.0544879116862486,0.04050525250324217,0.0291462090246757,0.02024559714055763,0.014139056904168614,0.009807367211305627,0.00657924795540732,0.004296544137545644,0.0029293820357008554,0.0017326758771451975,0.0011018131591988215,0.0008575515497432617,0.0005025814410380593,0.0005412415518871407
