0.10098965362123255,0.0987966711650922,0.09879667116509219,0.09649122807017542,0.09969635627530361,0.09817813765182185,0.10453216374269002,0.10110211426000898,0.10037112010796219,0.09986504723346831,0.10093342330184435,0.1003711201079622,0.09626630679262259,0.10093342330184434,0.10053981106612683,0.10323886639676114,0.10188933873144398,0.10065227170490325,0.10239541160593786,0.09424201529464686
0.062008733624454165,0.05183845378672386,0.05090824526498024,0.051316503449523286,0.052463760626340394,0.0512958321490401,0.05129066432391927,0.050179581922947726,0.049213198625358515,0.051931474638898203,0.05190046768817345,0.04756466241182397,0.046153846153846156,0.047957417121004625,0.04917185602439215,0.047998759721971006,0.04716157205240175,0.04740962765820003,0.04530115500891449,0.04992635849202864
0.06591324333572209,0.052875210629273105,0.05328194301872905,0.0536079745372612,0.05260728373780609,0.05206820192003514,0.050560709651178565,0.04977952522063617,0.05102554666769966,0.05063172641759151,0.04974724487226668,0.04842052255427942,0.047055063818248734,0.04580258630151137,0.04684524155384685,0.046871065832542476,0.04659991090623851,0.044611441446676094,0.04279405783347212,0.04915974253194141
0.06945879425526735,0.05539718172720634,0.05485895112649772,0.05497254753468748,0.05341735861304194,0.05120763800611258,0.05126984556297838,0.05168366104995538,0.05185405566224,0.050477375382035526,0.049192654098937055,0.049049306250507116,0.0461012089903443,0.044643388418575715,0.04435669272171584,0.045408811835663865,0.044232277607984205,0.04276634300705922,0.04086495550807346,0.04882481811051307
0.07217950729640668,0.058030875448104376,0.056671776364228904,0.05535854385689627,0.054554671752223935,0.05283105408634987,0.05202718198167751,0.051445400668686414,0.05135608154594503,0.051295730787335986,0.0490241282332919,0.04728119832466294,0.0457748433897814,0.044097092300450225,0.04414295887699309,0.04378085432533888,0.04319183092131468,0.04104092988448863,0.038752429118034004,0.047172566959166676
0.07516959396529516,0.05950595918295452,0.058554779786557105,0.057634425648376286,0.05621206016209683,0.05392218383743638,0.05282128175827272,0.05135488018882672,0.05085066703656974,0.0498466443403725,0.04883601623170024,0.0464316460908068,0.045454045044509464,0.043633153005572765,0.04276564216719181,0.04295499732480795,0.041537035446845144,0.039687519953850205,0.0377631431194721,0.045068729316802184
0.07851140799878938,0.06145615839705194,0.059981717754024035,0.05848682717142569,0.05682424708434986,0.054901952764729575,0.05330072249636501,0.051388653146529975,0.0503027613553402,0.04927208440099059,0.04833956715657905,0.046685167045331384,0.04479968261693786,0.04343158165967621,0.042288430037689236,0.04158699711042354,0.04034364078454146,0.03893054996022486,0.03596530872251273,0.04320254233648739
0.08051723706763057,0.06402366886670682,0.06163639126729624,0.05989354396264998,0.05739276968445999,0.05535175313895264,0.05360505848926304,0.05136013265645711,0.049830813001717864,0.04899978647235011,0.04750124557795781,0.04637782082529399,0.04400785627857857,0.04348269368015866,0.04141859306439109,0.04097230103936026,0.03938911855401385,0.037426972581895535,0.03495697706405253,0.041855266726813486
0.08327574796988743,0.06515189739202286,0.06294171629976562,0.060921658312218706,0.058746211248706624,0.056340422731410905,0.05362751227573702,0.05170068773376916,0.0501687342554304,0.048280299955759824,0.04696589118377227,0.04543393770543351,0.04365153359877444,0.043161600982790205,0.04107755925808114,0.03983079043680784,0.03732628415360483,0.036446964794319726,0.034256892876599124,0.04069365683510842
0.0851335341824305,0.06710633166818417,0.06431858369747485,0.06251340263447458,0.05930028580568727,0.05664085158142298,0.05381091826941671,0.05202331443195681,0.04957832235928552,0.0480069183959727,0.046734327266846905,0.04460748297645706,0.0434561747035601,0.04212733645270497,0.04001103849763938,0.03865056124081152,0.037467613961941794,0.035235306318309505,0.03364456740690223,0.03963312814852051
0.08796611296700824,0.06895922540026839,0.06588974777420238,0.06211429029414121,0.0600799087341986,0.056984852127915375,0.05370221633337255,0.05178379281708131,0.049410063452923585,0.04831698836497451,0.046074564432598546,0.04440852018778382,0.04332738195726946,0.04139872684889133,0.039490534924686946,0.037672722063916746,0.03668366816218438,0.03455890753880757,0.03275814733151552,0.03841962828625948
0.0899801519288747,0.07059191395936414,0.06685639661362144,0.06268612792056759,0.0605608626804427,0.057308588178442005,0.05473352250590678,0.051529739500336944,0.04961181721046813,0.048367759508931615,0.04592980772285605,0.04423762170947575,0.04234812546923885,0.040552267980730486,0.039057392194206765,0.03717291231566962,0.03561282382704923,0.03360795126771821,0.031544554488556836,0.03770966301754223
0.09222596267130677,0.07166667490554132,0.06811407216265516,0.06480698788391095,0.0609726156284861,0.057485923882685024,0.05508841136371502,0.051609958492549596,0.04933108576833275,0.048243554316428815,0.045979511566556115,0.043590237922221726,0.042204459208507794,0.03950210832801926,0.0383816213775728,0.03625928727143302,0.03479771091107124,0.03265395573087881,0.03065355696934646,0.036432303638781395
0.095019892362573,0.0733716493852787,0.06912881569456818,0.06578350451535415,0.06207918433154157,0.05869307667453223,0.054998547645390486,0.05214279419971997,0.04942248506032982,0.04741693021191322,0.04527593105721626,0.04306476196071137,0.041594456900968996,0.03886435660690799,0.037201492171971835,0.035775247308248395,0.03339762858233871,0.03190610935414281,0.029544809219351226,0.0353183267569411
0.09744865645870086,0.07426449030631999,0.07017612061662466,0.06654291411346036,0.06367749177547659,0.059726804900212364,0.05525616292574361,0.0519193794230604,0.048976206789868505,0.04726408049747231,0.04514700475086699,0.04273998519504794,0.04041071593443707,0.038653235303169456,0.036617149447405975,0.03449359450953332,0.032611389446369314,0.030912221536507817,0.02865260358202089,0.03450979248770168
0.09977548459521099,0.07631910864803661,0.0714610598030329,0.06839816645752757,0.06405140628578618,0.05952077573943311,0.05548369198809034,0.05177725233144408,0.04975790400676125,0.04713855761755607,0.04477082331992479,0.04189018745100824,0.03974664597856135,0.038361166576882016,0.03553053054667564,0.03395956787236169,0.03144667275266854,0.029553130473772664,0.02767087848103715,0.03338698907422881
0.10198124988950201,0.07802849001017385,0.07289334488406145,0.06969332173974538,0.06507892372501337,0.060040213249156586,0.05622943731988819,0.052609923446960125,0.04940507857013131,0.046532933236684386,0.0441767132821051,0.04176423978154338,0.039258546119067865,0.03704054916318832,0.03465861330187421,0.03265598706489891,0.03060192901445394,0.02869573742773428,0.02663685764477653,0.0320179111290408
0.10368765156845805,0.0801740041962324,0.07476442274556695,0.07096409159904023,0.06525638210398259,0.060566475341124186,0.0560945546752408,0.052234918487625286,0.049663964814479426,0.04669871276004059,0.044033191588942346,0.04141094706944941,0.03866207827303719,0.03639886967797365,0.034124441210271625,0.03207441019533798,0.029455371353741752,0.027663397409491697,0.025491550634483797,0.030580564295480152
0.10743578433252783,0.08224016467850613,0.07706199736616674,0.07148428010688758,0.06647392377226292,0.06096492910385742,0.05648197869919324,0.051784869522969325,0.048423855369312006,0.04598500249319167,0.0433287944459361,0.04113606433713065,0.038308848912584854,0.035511999284006494,0.033109905003004605,0.03059913313643512,0.028547044608952476,0.02690089882756063,0.02467460652321226,0.029545919476301898
0.10936101721681897,0.08400397519808195,0.07891533880906766,0.07304346716393864,0.06758634331227158,0.06181018269640301,0.056024450977608414,0.05192163818997683,0.048354807166203786,0.04484380757616603,0.043714417430892646,0.040626141553421924,0.03740706060262856,0.03498557156233899,0.03225302167695294,0.029957552158522985,0.02736856881702763,0.02580209830479815,0.024208509667611552,0.027812029919267747
0.11214950295172169,0.08618581517828144,0.0800562960509976,0.0746193329809523,0.06827488266349101,0.06175848739388767,0.05649983760754522,0.0523349487667726,0.04814617868264695,0.04573576518687871,0.042850910989829794,0.039690626452775636,0.03685194265954262,0.03373305227763377,0.031354480439669624,0.028835805307367523,0.026403102651136427,0.024129608283925696,0.02288937571245709,0.0275000477624867
0.11465688512360277,0.08790504352860896,0.08210228944735451,0.07565372446780252,0.06946125691343748,0.06269137715197394,0.057138357826957704,0.05209117068336656,0.048489900058377486,0.04549467365075628,0.042249712486896865,0.039141548705435465,0.03554186874768359,0.03285364111683927,0.030256081518514572,0.028005287377896405,0.02552861848959782,0.023155342971716352,0.021682385110082133,0.02590083462309936
0.11730944181682218,0.09018221885632544,0.08341073308279633,0.07734418041206831,0.0699090414021183,0.06391234696680304,0.05688206818481313,0.0518300476147382,0.048408581766683036,0.044648938551743525,0.041802215458674886,0.03799176625434431,0.034970397572743846,0.0324983686514344,0.02937697567822026,0.027035137104725434,0.02462820335732329,0.022272075599312227,0.02108448559729584,0.02450277607101407
0.1201814562498513,0.09263627062994187,0.08585545360097072,0.07825142159234204,0.0707393866334631,0.06357154753313084,0.05763615166823962,0.051623034157870104,0.04728806972741909,0.04467249843367094,0.04074676225900341,0.037284183645145186,0.03458137376973773,0.03161208968126194,0.02842391606062288,0.025947926497529552,0.023800271232681164,0.02186516087587536,0.020026806036909844,0.023256219714333295
0.12297008394625031,0.09475767790440237,0.08707620772774602,0.07909679730078811,0.07115542179940063,0.06375445919882601,0.05784319784975889,0.05242163616741073,0.047621311602712504,0.04385268439411157,0.04021084027074528,0.03709356116253751,0.033375647188030405,0.030513519038857437,0.027741723837914165,0.024925554557138765,0.0227211136626207,0.021182283965584723,0.019465957949220205,0.022220320475943703
0.12531185006486484,0.09614881999895458,0.08870085044977692,0.08048464074080526,0.07213695900448754,0.06439119739336906,0.05827695612160688,0.052400314899265485,0.04766890591513243,0.04347764104334933,0.03971880826151214,0.0361706475234947,0.032560710772627836,0.0293309341008343,0.02677910957005479,0.02386771696448513,0.022123732601736387,0.020715556308835714,0.018688035887111466,0.02104661237769538
0.12765768972199154,0.09793174358365957,0.08972831889903905,0.08126230869616799,0.07288329971922332,0.0643983074306956,0.058604025783999696,0.05209949776565033,0.048040495116067554,0.043480049037054616,0.0391220785383794,0.03582235931506307,0.032011705619488275,0.028335508363981486,0.026127259065923197,0.023121762170285137,0.02117768023094871,0.019475619883734727,0.018134219163997302,0.020586071894649425
0.1312838607990161,0.09899723817608955,0.09129669766802152,0.0822444917659074,0.07309427036153493,0.06530203793199936,0.05874606554707668,0.052759215433331286,0.04785211673962497,0.04259089752163061,0.03813119216887755,0.03506109369491569,0.03093179543848499,0.027751034300683097,0.02548403058716028,0.02242499837958242,0.020494725343172822,0.01865298243783525,0.01727128003503263,0.01962997567002291
0.13486252583611097,0.10152545557609988,0.09251262002245314,0.08333872819226962,0.07409378212243752,0.0654662184459964,0.05844448058561326,0.052439607843756446,0.04723212156906709,0.04236095869538101,0.037380845987567086,0.033959189602712055,0.03014910337444479,0.02729272294057182,0.02455792420565307,0.021960497000721592,0.019457808781988217,0.017774612793868487,0.01633615918676054,0.01885463723652694
0.13742597267679324,0.10372271981635067,0.09394029817755825,0.08409314456859299,0.07449544586907404,0.06582294069446351,0.05875452531730505,0.05225764587191596,0.046829633348647974,0.04177738201809022,0.03700774099633553,0.032964361103348536,0.029713553137842783,0.02660168208392736,0.023838732137528594,0.02077580476837796,0.018890683490663605,0.01727080540780352,0.015759866494258593,0.01805706202112157
0.13990938654374382,0.10611877624475105,0.09529883496984815,0.08562655889874658,0.07553752407413254,0.06644618444732105,0.058532504025510676,0.052206927035645494,0.04593818078489564,0.04115019101442868,0.036504278091750074,0.03220566413033183,0.02932308275187067,0.025752217977457133,0.022558646165503734,0.020195434597291066,0.018346856944400598,0.016327787074164112,0.014900704069712369,0.01712026015849462
0.142685357459037,0.10713908102026098,0.09710879764424053,0.08632103534743822,0.07612189729532681,0.06650349308248155,0.05911649552377299,0.05178788696520805,0.04594267462650765,0.04036415799116589,0.03572933384463161,0.03184094205128446,0.02833286779941328,0.025224048062037534,0.021910077783616675,0.019828588832551394,0.017605072583839504,0.015765030038773453,0.014641436306280292,0.016031725742132078
0.14435429450754583,0.10892042910388926,0.0988928690804286,0.08799814584739188,0.07662727117927892,0.06719095879871095,0.0593297301388092,0.05175072368711489,0.045340022577776674,0.03993050081040345,0.034787434647427215,0.031069669468917708,0.027769719291385764,0.02440670269861191,0.021642817050636025,0.01901452419543021,0.016682643491861285,0.015115443073100282,0.01373901856044601,0.01543708179083393
0.14548138299548202,0.1103897945166637,0.10095526751901397,0.08893565806967908,0.07786438477873207,0.0676500797106472,0.05953093592272164,0.05130782172540472,0.04509322680042092,0.03915273568201438,0.034097568352667626,0.030419221293139842,0.026822790313738586,0.023949426272377262,0.021054007901751114,0.01850358225319631,0.01629972463594604,0.01477009937050643,0.013145955551074675,0.014576336334822524
0.1484734381225502,0.11183343333506562,0.1017245968040391,0.09090708657945253,0.0792470420747446,0.06816338550746547,0.0587726716525798,0.050997733819011036,0.044816524380737306,0.03887153950698358,0.033543888161842166,0.02964618284726192,0.026187855222688898,0.023283867909522853,0.020156254675277836,0.01786330156900356,0.015401841606705,0.01389157922420703,0.012371867859128272,0.013845909141733163
0.15030988239109247,0.11347346912431663,0.10328048724814677,0.09159830678435428,0.07951942648538116,0.06924301170736777,0.059830835855997966,0.05089721853595721,0.044176934423313365,0.038445251487230846,0.03288830538331122,0.028907139180248113,0.02573511470449797,0.02229862367196073,0.01959728669906382,0.016659818871892718,0.01494078625277651,0.013048591007192547,0.011649122144194094,0.013500388041703858
0.15271746396244074,0.11506539057400575,0.10472872545395927,0.09316053130332894,0.08041900298052047,0.06966081834553588,0.059429533104223844,0.050766363371841546,0.04363985246816978,0.03736109909640685,0.03247273099033493,0.027966561548926936,0.02473753332442062,0.021810489230019117,0.018952649832099978,0.016376347722143147,0.014139777758554248,0.0123687666622103,0.01136687139722709,0.012859490873630652
0.155496358209331,0.11720130471930125,0.10536253479330149,0.09353163220510474,0.08120980773799878,0.06968887825924132,0.059774459159862715,0.05029274363965078,0.043432425075408454,0.03720936087321154,0.031832822218620715,0.027886565576620784,0.024321088084287505,0.02092711855606029,0.018109038155014877,0.01556946151219673,0.01359003932095434,0.011786845496499818,0.010787693595514986,0.011989822811818
0.15759301961856886,0.11856336934498403,0.10693621175039256,0.09452626052566637,0.08208172805623545,0.07004431114946487,0.05920937843356392,0.050326714168721885,0.04284301843966282,0.03676457874542388,0.03119699834795962,0.0274920895402738,0.023519962023505814,0.02029604689216783,0.017229319236760493,0.014957960209562344,0.013496116683407132,0.0115815732265716,0.009857226615612174,0.011484116991494589
0.1601057301991882,0.12070549734101135,0.1077094936908021,0.0959769029862488,0.08231693885899494,0.07025866138015673,0.0597690298624878,0.050073948204789324,0.04229679977343529,0.035823971805280214,0.030921363164353823,0.026470310582460126,0.02276346014663772,0.0196371817867145,0.01664149280971711,0.014396299443028414,0.012730104786179553,0.011174045753485002,0.009591239497781557,0.010637527927247552
0.16299799747877236,0.12203119154728559,0.10955394389796888,0.09594654494355533,0.08298674312085232,0.07038689213106612,0.05911052848327091,0.05029409083335692,0.04121201261242569,0.03546851766274021,0.03055023750467621,0.026243402211261275,0.02223050056743341,0.019313169799339197,0.01619935931895416,0.0137865884520228,0.011969544072757224,0.010139924991905035,0.009157526430450896,0.0104212839399055
0.16527050007386845,0.12373284129593602,0.11095988155897063,0.09674098568837565,0.08285056878726821,0.07073928199840947,0.05935567828549693,0.04958146435610264,0.041520370411117356,0.035172396450541134,0.029366648540076007,0.025668509711347133,0.021630890225157403,0.018665149481506167,0.015631826940304842,0.013258605677499664,0.01137103035522879,0.00973806552605357,0.008890935552111852,0.009854369084628127
0.16758196483308824,0.12615262433432264,0.11250869127795923,0.09716181707743908,0.08361676447460734,0.07083293441086871,0.059678277533890094,0.04900860573851927,0.04099144134741097,0.034333490809611164,0.028819728376963682,0.02478760321628293,0.020731935090475613,0.017776508201584287,0.01516794766555805,0.012735174602477037,0.010917657694704246,0.00953803993828604,0.008332640123804606,0.009326153252146727
0.17052557498755064,0.12703686423837415,0.11337006090367417,0.09841669297919034,0.08429118773946363,0.07087729881130231,0.05913955691281052,0.0490543985899629,0.040749066494496354,0.03359048916159661,0.028294995593634093,0.02389648417556972,0.020242577904706245,0.017033235466454282,0.014207191880347924,0.012378667847981166,0.010634972250105642,0.009166183615859146,0.008162380474379456,0.00893211997254072
0.17181659038991423,0.12920313689779964,0.11462237119957296,0.099333526969,0.08423622504651182,0.07085966385894948,0.05871399750366993,0.04877420772920313,0.040811071773414864,0.03304104814463013,0.02781759520202219,0.023421542229583866,0.019658206881392925,0.01656526961149882,0.014089349776664812,0.012004364652594067,0.010169012536601066,0.008594283561116915,0.007748043363922536,0.008520492671936693
0.1743260828274932,0.130223417297299,0.11542729951229007,0.1003737487422672,0.08447098306436292,0.07119748720291215,0.05845926358469152,0.04853710566839177,0.03980322073779668,0.032850960429096826,0.02786398120111324,0.02273729748735988,0.019619846827373912,0.01600793647056238,0.013362969520876407,0.01122658968792529,0.009696119197750914,0.008084023614767236,0.007314864086371908,0.008416802839297459
0.17640330258991593,0.13150577890472262,0.1170059530720927,0.10073464110538224,0.08526983389767745,0.07047345281319531,0.058931334122055236,0.04800115483949929,0.03921433256239428,0.032588127120213146,0.02739762567509468,0.022693537606030274,0.018767710938652295,0.015405182342253004,0.01293388857681722,0.010934886508775837,0.009086515679770537,0.007663364285960855,0.006947865900539445,0.008041511458957696
0.17837566556621162,0.13322145808991318,0.11882876030206319,0.1018184954870886,0.08526775562055468,0.07048140335468893,0.05772292057119109,0.04710836476557169,0.03922900182712139,0.03199579683664908,0.026964547571810583,0.022162276608925446,0.018371587870423374,0.014918093206715654,0.012328756381201822,0.010523591822651602,0.008931722120715477,0.007319463939838302,0.006754859907624506,0.007675478149039785
0.18068622372902635,0.1338842586052644,0.11978465257176937,0.10246268305316192,0.08605107438275966,0.07077113842193658,0.05761956334071038,0.04708606049190879,0.038746841204815495,0.03186576886251981,0.0264805135690854,0.021691701589992313,0.017659430867511105,0.014510838002856649,0.011922587936149177,0.010002982216571699,0.008320384235061448,0.0070474486352435205,0.006399208927814667,0.007006639355841219
0.18242045729019948,0.13545394945277622,0.1199641771568206,0.10296871618082062,0.08613637147849218,0.07095401062137889,0.05805370916995775,0.046670075378539566,0.03878716776822433,0.03179826281168541,0.025670423569046804,0.021340000188211094,0.017207198446631173,0.013987220467328119,0.011501265719546662,0.00957523894965667,0.008099350358071588,0.006817946554325563,0.005969428246092267,0.006625030192194885
0.18486758311739637,0.13672568592635356,0.12092412616151031,0.10274464654323236,0.08645683667643353,0.0713987690029677,0.05758299191256283,0.04721959054604318,0.03829768544951471,0.031170200084074225,0.025354021445198053,0.020744056768915133,0.01679445110206233,0.013197768896306378,0.011197869283424205,0.009304630983229076,0.007676477416035588,0.006296154545967888,0.005653049572413621,0.006393404566359021
0.18714362779844304,0.1369472898462542,0.12135473187010332,0.1041453653579561,0.08657531410935958,0.07162257949177954,0.058190993545311404,0.0462962382150183,0.03784523802056215,0.031089456087417436,0.025069157377727858,0.020160708573005726,0.016130448691812144,0.013089719544094498,0.0106009948625948,0.009065732440926115,0.007110193891568759,0.006144186075687341,0.005345975071980129,0.0060720491283974935
0.18805888254844175,0.1385574089170377,0.12254969586756129,0.10406973098388413,0.08689565435505113,0.07199159716561106,0.05814573273970027,0.046457013858405984,0.037629334671098025,0.030689157835329536,0.02457672289458833,0.01947858531385213,0.015766288330093435,0.012649714679877097,0.010635229196714122,0.008470245187182545,0.006897849125227317,0.00574716247570076,0.005049539098262996,0.005684454756380509
0.18819307318602096,0.14005014887948594,0.1232204983544899,0.10444287729196051,0.08793762733113937,0.07275818837172858,0.057992477668077094,0.04655853314527504,0.03740322833411691,0.030053283184453855,0.02389123961761479,0.01902993261244319,0.015535182573264375,0.012283341169095751,0.010162983858329415,0.008031656480175519,0.006729352766024133,0.005456824949067545,0.0047265318915530475,0.005543018335684065
0.18872457599227688,0.140757086124267,0.12513673876861447,0.10590398039111208,0.08784349248837917,0.07227486294779008,0.05805873263143378,0.04670275420873309,0.036984506596372216,0.029812969574252682,0.02302383094229859,0.01861371180325917,0.015015405640062816,0.012202269941919324,0.00977466704697545,0.0077498362269189675,0.006260990035700965,0.005218797701848365,0.0045621381711953716,0.005378652766589665
0.18997967285362105,0.14128698890234975,0.12515065126797822,0.10652866566467577,0.0882781167376889,0.07298182154426755,0.05839235310619798,0.04661765374265551,0.03689761042404902,0.029092738491340198,0.02283630299829328,0.018311671418026122,0.014567527031029853,0.011806044230742104,0.009431670540369837,0.0074130610927134145,0.0058395487592917935,0.0049963718316216425,0.004516795363467243,0.005074733999620726
0.19089314242085517,0.14293821892015196,0.12631829790436294,0.1067823262245453,0.08869497326169673,0.07309723774749198,0.05879761510953218,0.04673676685234282,0.035674587559124504,0.02862119404435846,0.022422234729536302,0.01767502967003163,0.014443857401986997,0.011639118349327193,0.008986452906565662,0.007054961283940243,0.005749009561824196,0.004751908367027305,0.00410755523642743,0.004615512448871128
0.19221699776101978,0.143531321437021,0.12652666642642152,0.10830459531490652,0.08905312603311939,0.07284127996339919,0.05870546521119896,0.04604559121454881,0.036417506349522184,0.02867743487137224,0.022029434207042207,0.017408893561482647,0.014099777982160229,0.010994348494368082,0.008457673246771968,0.006742009629651678,0.0053459764946250385,0.004446624059714494,0.003851233946010651,0.004304043795643311
0.19298064354536992,0.14428816305445316,0.12744890850885637,0.10874836608980833,0.0896392482839051,0.0734652984870187,0.05835896713394542,0.04601247642081699,0.03634912062366449,0.028182309155376062,0.02166075719507518,0.017142946595596467,0.01341097831106519,0.010583824484780176,0.008234124654628562,0.0060941914981880235,0.00511893300772536,0.004336221538654206,0.003688136442263289,0.004256384968808947
0.19453186713979417,0.14518419369804272,0.12814721703258808,0.10949431369352874,0.09036964126741316,0.07303016814414506,0.05806364650859529,0.045379170689503846,0.03639988464383783,0.02817605607312578,0.021481950522237413,0.016422579714869663,0.013033992451694613,0.00992595889809788,0.007759896179454064,0.006231740498790011,0.004730229583840105,0.004208305643674846,0.0035484558574599067,0.00388073175930686
0.19602824622619214,0.14582560413017315,0.1298067816615556,0.10979303737725238,0.0909815266174189,0.07317970416915173,0.05761015386397541,0.045021140838213514,0.03552693989302,0.02753083462870865,0.02116275392878332,0.01618475574152605,0.012567097310472113,0.00973057758867646,0.007468562689120883,0.0058608884317896855,0.004653958682615045,0.0039056935462914695,0.0034298094428555554,0.003731933232207961
0.19666708393315385,0.1467484508981661,0.13040933842398444,0.11213306628278148,0.09055986730925708,0.07256212054828813,0.05729173186455533,0.04511328785128623,0.03570445014708644,0.027159354071477744,0.0205889716467422,0.01598234962758966,0.012092382800275397,0.009232021030230955,0.007080490705388996,0.0055501658634286785,0.004406334105276336,0.0038414595981723725,0.0033626463040620906,0.0035144269887963956
0.19694458975620002,0.14763639553059332,0.13202886883412637,0.1114892697275065,0.09168736706584761,0.07323712476937197,0.057010935449211736,0.04532369368212332,0.034844018707104754,0.026729357812534254,0.020387674361054643,0.015375723991893174,0.01172013269138602,0.009173435410055851,0.006770831701839069,0.005286041404974986,0.004238230530922167,0.0035898094519119022,0.00308078324254394,0.003445715878798509
0.19699743970152808,0.14833768396276611,0.13284756521249227,0.1126374830200254,0.09272631097923589,0.07296537650159315,0.05732815013740477,0.04483652275160097,0.034640713127633074,0.026410511621501504,0.019693640569149965,0.014984631949269788,0.011344500992193909,0.008821761911021804,0.006662096940787622,0.005239535014742061,0.004095538570364388,0.003430424358516905,0.0027637451720533084,0.0032363675061190516
0.19945344927971756,0.14866273500741875,0.13217230434047672,0.11305398518741118,0.09242686049496335,0.07361844123484151,0.05734400140237528,0.044678799717020705,0.034065510959187126,0.026103587952093856,0.01924040092907361,0.014823544879139039,0.011172047655716874,0.008370427411428108,0.006661282547314518,0.004978745249766795,0.004005221343650812,0.0033149897639126293,0.0028204020559823213,0.0030332625885092887
0.20036002754993426,0.1489199173501972,0.13192818233047401,0.11324118715171246,0.09294659069563585,0.0744818733955294,0.057688936196856805,0.044209817794753,0.03399442739966189,0.02561987352075637,0.019197295097363964,0.01454354768017031,0.011168680733830065,0.008028614363533906,0.00626447936885605,0.004863502598459708,0.0038350760753866385,0.003138501033122534,0.0026595078579926116,0.0029099618057729626
0.20079058555577978,0.14998443544463794,0.1330182879614812,0.113313091589978,0.0926005008814701,0.07427656103104621,0.057907967331640796,0.04450054984333768,0.03355999705915939,0.025220836794296028,0.01878540154206419,0.014360062133079296,0.010705911246056066,0.008005969280729828,0.0060897300527317745,0.004730373408543767,0.003751136056113742,0.0030362615033014077,0.002531000057878248,0.002831341226674677
0.20159887359199,0.1507525031289111,0.13381570713391744,0.11282384230287859,0.09339643304130162,0.07337922403003755,0.05790050062578223,0.044067584480600774,0.033751564455569455,0.02526908635794743,0.018607634543178972,0.013549749687108885,0.01058510638297872,0.007905193992490614,0.006242177722152691,0.004588548185231539,0.003648310387984982,0.002999061326658325,0.0024436795994993753,0.002675219023779726
0.20260458972468856,0.15246600276391387,0.13358186647134593,0.1134315884366358,0.0934331222053716,0.07371323845878154,0.05769005037960774,0.04358876843065722,0.03343772351157917,0.024693676647118943,0.018355142585714974,0.013602024574731314,0.010221473075315872,0.007676669029922577,0.005797019793442043,0.004498011578388884,0.003504192040366287,0.00287190370436451,0.002341344927372919,0.002491591660680272
0.20433604166405844,0.15181466504751057,0.13459130913779932,0.11388290747023548,0.09349061682336592,0.07434555629280021,0.05703613055072172,0.04341831816417744,0.03334501796512138,0.02448921466755136,0.018364172415088188,0.013339259110882982,0.00971493671519962,0.007350363684164402,0.005765113862563691,0.004347308987568386,0.0033363796837637873,0.002525758353468458,0.0022237314871615104,0.002283197916797076
0.2053748059297841,0.15233103370561424,0.1342793734662193,0.11388634997746283,0.09438855361346224,0.07437741022687437,0.056886049481644704,0.04401168177492864,0.03326426103070066,0.023961411328692346,0.017860720188310718,0.013220250914008112,0.00945153252867231,0.007310499824710774,0.005371362748535083,0.004208506535784045,0.003220939550257926,0.0025088270646566827,0.0019234862523163213,0.0021629438573646516
0.20597912048198433,0.15376155171146028,0.1340600853266082,0.11412707625733153,0.09437554658936062,0.07436587811780833,0.05778867349508989,0.04363484467084172,0.032761725368473577,0.024155534104829388,0.017600372971459236,0.01303209838686715,0.009369656331206167,0.006877443518447537,0.005240999951501194,0.003872082053721031,0.0029568626592051507,0.002277879381906192,0.0019070981913074498,0.0018554704305911692
0.2068592492312695,0.1543291995666658,0.13572021491626426,0.1139331333409412,0.09412669554519293,0.07436559213745386,0.05756529324314398,0.04363044032196793,0.032279647517316955,0.024020972625845915,0.01741465801457266,0.012471646466809753,0.009134097556476485,0.006750134049095577,0.005033680323781325,0.00380652533801476,0.0028935845587947946,0.0021932464267904344,0.001685188630135488,0.0017868001894664775
0.20892849882244013,0.15467630399494572,0.13587600749384635,0.11449540079254622,0.09389357862439751,0.07342937300025962,0.057332928824097906,0.043205339521907624,0.03147352914499467,0.023996884861867386,0.01745853519699496,0.012532488451157077,0.009337595275999361,0.006629051477970406,0.004841600230194948,0.003695316971560291,0.002797681786763166,0.0020705034576156676,0.0016373241088546864,0.0016920579615862187
0.2097511466831807,0.1550043552849076,0.13621173096380818,0.11511088383352644,0.09321560771471864,0.07372238460058832,0.05703624816835641,0.043232262574419075,0.03182720231197601,0.023660847630709365,0.017089606272861338,0.012487235183821173,0.009062433048245923,0.006705731304724509,0.004678999082027922,0.003409163769659381,0.002591277232259448,0.0019313381906097865,0.0016561029504904982,0.0016154431991092391
0.21068322554118846,0.1559648374050468,0.13658882807504646,0.11543999362158155,0.09331094633530158,0.07319860487730143,0.05701180476411578,0.04272133346465369,0.03193742896583638,0.023140526876122672,0.016885612132752397,0.012430099256320186,0.008987629307582033,0.006267421446181314,0.004663436810665717,0.003368993069723305,0.0023215567092988902,0.001885385448763947,0.0015883512570017998,0.0016039846355155958
0.21135226628031825,0.15624604391430938,0.13698488833874878,0.11548878855083403,0.0934316083627549,0.07403916935094408,0.05605021278856959,0.04250770118014432,0.03174402230568098,0.023468477127768478,0.016632361054456056,0.012296881862099252,0.008756917777496456,0.006120308766138876,0.004538655938934448,0.003310218071165,0.002355287362250073,0.0017301281420111683,0.0014394291046000772,0.0015066337207757603
0.21237252080335356,0.1575376963023212,0.1366576988049803,0.11556966777200775,0.09363855346305447,0.07368766814740663,0.05611743727710692,0.042396608896953014,0.031389601451542265,0.023163673903522492,0.016861665519614596,0.011904836388662956,0.008444910217105677,0.00608458987674404,0.0044046799724707505,0.003090783957955327,0.0022508290058186825,0.0017518613526872296,0.0013170243383595073,0.0013576925483326035
0.21352766489527983,0.1571491090965927,0.13775711159737414,0.11550640825257892,0.09392466395748673,0.073579243513598,0.05597061581744295,0.042347608627696154,0.031048765239137226,0.02296655204751485,0.016794310722100653,0.011798999687402313,0.008210378243200998,0.0058361988121287895,0.004180994060643952,0.003013441700531416,0.0021272272585182873,0.001623944982807127,0.001295717411691154,0.0013410440762738358
0.21342547631446837,0.1579895565032583,0.13809718175719105,0.11686770163314524,0.09427453041015511,0.07318423435469415,0.055944176241435856,0.041414297800735335,0.03076906235289886,0.02313739656981645,0.01660825627383918,0.011581991145391057,0.007981971753453406,0.005579873670909434,0.004003496804239953,0.002990111675666716,0.0021925400466970366,0.0015278970225556384,0.0012370179578725792,0.001193229711576205
0.215046604527297,0.15730512681057496,0.1391759344348381,0.11658789845151687,0.09398423385407878,0.07271994148646874,0.055608171889749515,0.042011277607946845,0.030955595981570726,0.022670867638141322,0.016414733407100396,0.011349499571775976,0.008053424854497606,0.005521589367541244,0.003975919431368503,0.002831904878003037,0.0020364084194469966,0.0014784668954695775,0.0011127573251314366,0.0011596431674824805
0.21534820138265046,0.15859079014178026,0.13906182869195016,0.1167519431316643,0.09404210444088583,0.07328359957817443,0.0553560129672304,0.04167011678318946,0.030879193844471343,0.0225629809006757,0.015880951451001834,0.01144553372651643,0.007872514939655507,0.005285318126782019,0.0038292387610826856,0.0027090575323204303,0.001965394680310902,0.0013810881537319843,0.000962387220247627,0.0011217435456782406
0.21592220696807404,0.15975310145986882,0.13946768749716906,0.1162491038838727,0.0935974747877044,0.07389931949839364,0.055769269815685134,0.04165319563991673,0.03053120358352739,0.022042504408344703,0.015606086873675349,0.011047022864041809,0.007631239037707943,0.005196302144587457,0.0037187843120717588,0.0024739833474681497,0.001958570150078952,0.0013431980295597287,0.0010542542673869961,0.0010854914308651292
0.2160533956762129,0.1595056743063782,0.1399698703864029,0.11674131351363178,0.09453635087872833,0.07369878512647247,0.0555413172642061,0.041736078336995344,0.030178058515210143,0.021823654247056574,0.015302343171298107,0.010995433675781598,0.007401133298536337,0.00524455307218918,0.0036646236454957164,0.0025847707930276836,0.001792461970739269,0.001240814999796844,0.0010032786270397654,0.0009860884948007665
0.21518486857835842,0.16026579692977042,0.1401012991356286,0.11706598196244027,0.09466046348808461,0.0738614786673272,0.05577859840878155,0.0415323330525546,0.030074059951210146,0.02166319990873389,0.015502737202037235,0.010889422663689054,0.007484133917394788,0.005402516381798662,0.0033552799166102765,0.0024504326545155626,0.001692486329617573,0.0011533286345870443,0.0009501677639958306,0.000931414452864334
0.2150384100491699,0.1603025260550252,0.14026862011585572,0.11802644913483554,0.09522282833085192,0.07354992680821248,0.05591821286924317,0.04155354260762946,0.030102468502508542,0.02144300424137025,0.01504810639708734,0.01085209003215434,0.007505286073542108,0.004924806385827068,0.003435947802369661,0.002352146333529345,0.001634303802219525,0.0011307192813442266,0.0008210617188184217,0.0008695434584057953
0.21621215911933958,0.16119433324993743,0.14073680260195143,0.11765386539904935,0.09478827870903178,0.07304853640230172,0.05601544908681512,0.04173286214660995,0.029936514886164618,0.021120527895921937,0.015203590192644485,0.01044846134600951,0.007216349762321742,0.0047488741556167115,0.003225856892669502,0.002328308731548661,0.001648111083312484,0.0010992619464598443,0.0008725293970477852,0.0007693269952464343
0.2179433717383461,0.1597392394901614,0.14115052609713544,0.11837146502863588,0.09502234175307403,0.07349429391157945,0.05549282268254095,0.041286560119697446,0.029633863881639456,0.02111729068955662,0.014916888053838851,0.010426672039307739,0.007129682123942457,0.004827567895970674,0.003108010389188498,0.0021646745725704803,0.0015649378944557158,0.0010448537439030675,0.0008105816040144872,0.000754356290441228
0.21821783168844652,0.16061682865401725,0.1414488031904499,0.11738285555272417,0.09493026753316997,0.07358451925166379,0.055384196892406735,0.041418943530850016,0.029789309616530053,0.020754808421362007,0.014922013135123556,0.010386784208461071,0.007114728316180966,0.004580565582599479,0.003192325911149534,0.0021792861509022784,0.0014773496503605824,0.0010661930810009705,0.0007566531542587534,0.0007957364783423669
0.21824660949824787,0.1615817602644599,0.14125827804223423,0.117810269381047,0.09402012507479335,0.07370132964222609,0.055922774204534634,0.041287492364438495,0.029639257799989688,0.02079528571450889,0.01479307042526367,0.010292190089939495,0.007039558066980474,0.004600865181370948,0.0030714094894992478,0.0020918704508847887,0.0014122859504106407,0.0009842258282729028,0.0007451995556923407,0.0007061429752053207
0.21871341189858737,0.16185755397257873,0.14130334535416106,0.1178447546828862,0.09375151432729477,0.07383820809944304,0.05542398819489062,0.041219402772762585,0.029962968347237783,0.021110699474616346,0.014398419315860148,0.010230990600619326,0.006846713343118816,0.0047895729870584625,0.0030138044122221663,0.0020461981201238665,0.0013709058451861192,0.0008753788749193008,0.0007190612186837116,0.0006831081577495257
0.22127222821935227,0.16109454306295218,0.14134358972756708,0.11767150273151483,0.09398848030294271,0.07327520890581624,0.05549419562863896,0.041153156981258265,0.02943505993398124,0.02079763044799343,0.014583180367461762,0.009984049890567556,0.006856516189907841,0.004571010793271894,0.002926009301366457,0.0019137006909631141,0.0013153763116660754,0.0008638991690633486,0.0007467338206370354,0.0007139275230776678
0.22053219458364462,0.16176070625822564,0.14164710222174987,0.11771960373011382,0.0940171875341922,0.07327522875551375,0.05569223747432656,0.0410087438219599,0.029682727747332622,0.020493430410493837,0.014474042071632442,0.010022414445281555,0.006683693725518393,0.0044688214128290665,0.002958894345745162,0.0019585285870146268,0.0012238849829468896,0.0009190860408336795,0.0006814991731351772,0.0007799726775102145
0.22171011105347682,0.16183372600976167,0.14103229112634597,0.1180482210820371,0.09376425665414681,0.07363464218532245,0.055518926587214766,0.04102635410872866,0.029391361951841416,0.020598326385981143,0.014541006043258982,0.00974452075768844,0.006613525151081472,0.004385581171529812,0.0029325742283439465,0.0018061032541106035,0.0011967777618068528,0.000828057720310225,0.0006749451607056929,0.0007186916063069877
0.22256856979103062,0.16288556110648678,0.14063463853963482,0.11730458995553873,0.09403544718138844,0.07345865354432772,0.05470122576846736,0.04099273346836726,0.029453425014796995,0.020893816186265585,0.014648628135673152,0.00958876084787134,0.006657473533302202,0.004232172947513248,0.002778241945987478,0.0018178041737658373,0.0012009376371356786,0.00076991190521182,0.0006262366612372004,0.0007511716559977393
0.22264903724486126,0.16272795723448855,0.14094685241711988,0.1181581586585476,0.09405881819971199,0.07313845990420877,0.054894070378134846,0.04032855210250227,0.029559066582102105,0.020773515876164973,0.014562393968838159,0.009693161829719032,0.006521990433372596,0.004220938479274908,0.0026775309228264984,0.0017449253446891468,0.0012684685585385744,0.0008045089995657214,0.0005779967569695472,0.0006935961083634568
0.22220382973274325,0.16286670893468969,0.141726971475331,0.1171735185630538,0.09451431855305939,0.073185624291412,0.055379959335246844,0.04082247742668945,0.029016581349807464,0.0206977971697082,0.014359155347477505,0.009878849018830092,0.006488557962889509,0.00418672055319056,0.002665696376089625,0.0017318437499023985,0.001202452378200944,0.0007511423297592913,0.0004856658306759659,0.000662129621243117
