0.09960859946678764,0.10142379034545349,0.09926825117703783,0.09921152646207956,0.10193431278007829,0.09932497589199617,0.09705598729366384,0.10261500935957797,0.09904135231720458,0.10023257133132912,0.09563786941970617,0.10182086335016167,0.10148051506041186,0.09699926257870557,0.10494072267286858,0.10414657666345233,0.10017584661637079,0.09938170060695446,0.09779340858812183,0.0980203074479551
0.07374612841935399,0.06237214023580856,0.06465214335910048,0.06275734624294006,0.060066109679602304,0.05673980375315581,0.05277842846360065,0.05119075505582883,0.04787486010254807,0.04636006350693631,0.045818692902319026,0.04738033887717654,0.04618307696311912,0.04468910231383877,0.046328830587439154,0.044980609562478846,0.04134197444106085,0.037823065511048644,0.0340178548189792,0.03604278909971109
0.08255515831985503,0.06602143776274548,0.06552876465459401,0.06329228804522222,0.060213081119275515,0.057354280583817634,0.05328324490067127,0.04965950453939926,0.0474846120685464,0.04641175155013758,0.04545557676786993,0.04582832286943192,0.044982351282408656,0.044275754324665115,0.043650189128130665,0.04336495732867454,0.03908323906638445,0.03446118740701606,0.03174176150083786,0.03569611144784309
0.08729464136183637,0.06918310346131615,0.06755968298730976,0.06449922475594667,0.06101737951302785,0.05781105654689552,0.0532892497690475,0.05045028983863038,0.04790846177533589,0.04682257986094228,0.04523967736881627,0.04478047357417221,0.04331642382889526,0.04264652652847335,0.041795648908985794,0.04032619676612481,0.03746292604657947,0.033551590195728856,0.030699124271351633,0.03443218100192865
0.09159262281547707,0.07121849895784228,0.06944048932356663,0.0657839634538854,0.06194317548213254,0.05763335670510645,0.054165878966122114,0.050808479885518225,0.049595221629020574,0.04634311517817187,0.04448852908589245,0.04316040614238914,0.041918431714140086,0.04177485085538296,0.040875077473838395,0.03854428153334785,0.035768384930710266,0.03212621714690476,0.029240241885886715,0.033595527934852584
0.09541611774662144,0.0735436533210026,0.07057730393739259,0.06703731493033442,0.06284298414747991,0.05823423690662106,0.05419040473219972,0.05144216927385509,0.048733194322058304,0.04722602709847406,0.04446688594386619,0.04205018365192508,0.041136286305062844,0.04043177832645549,0.039986825918913976,0.037018295396051275,0.034276603355464626,0.031218646123243102,0.028014552561093725,0.032163079419642464
0.09843603276883724,0.07583864909497137,0.07265526341352847,0.06828190266489653,0.06354831136871418,0.05913649904478192,0.055220509665511765,0.051826652203477645,0.048540054398860215,0.04712948871547453,0.04346849399345919,0.04162079461192241,0.04055224557199755,0.039617265162063285,0.03827146002655183,0.03559603989249749,0.03283157400511609,0.02988092154259625,0.026665155587216265,0.030886733801767968
0.10232422689144412,0.07863656522243946,0.07411792249024038,0.06891786691131545,0.06438019030071626,0.05964836813043536,0.056132810789925,0.05132104633036341,0.04842599342569841,0.04590400453767661,0.04329255642117404,0.04121976706339614,0.04016909697570706,0.03917933529889852,0.037140806922240886,0.0343047590406164,0.0311451352261891,0.028857263042489326,0.025707156167262102,0.029175128811772068
0.10542001148606904,0.08037168484690375,0.07627546999581497,0.07106144684613196,0.06559741146758989,0.060569991648142175,0.05575635040119715,0.05148621399959784,0.047828426390421265,0.04533736251592015,0.04253831256238984,0.04121216073974632,0.03902364789582099,0.037873229306505926,0.03574087862993298,0.03326611990079225,0.0303982260001848,0.02752670873394171,0.02467693166151243,0.028039414971384465
0.1094703273532051,0.08330472514354924,0.07722817137031776,0.07273741167039878,0.06689611306188954,0.06062438463348115,0.054573970322996636,0.051188038581847006,0.04801470780437226,0.04486925912049417,0.04225182758410373,0.040043914297414815,0.03924927462990878,0.036708518850909214,0.03411025625386647,0.032243898613737165,0.029513196072110073,0.026503672594515935,0.023734632174193384,0.026733699866688748
0.11256130452988133,0.08575768415092484,0.08059564354287205,0.07449273839049438,0.06761171283118851,0.061310463261358604,0.05506854749162123,0.050688017793359026,0.04699576017617052,0.04430370090339949,0.041526879059067635,0.040345288811510095,0.038021099099312915,0.035452793181020646,0.03250644619356721,0.030921386105380227,0.028231022084040387,0.025176179004989127,0.022882503818553848,0.025550829571287872
0.11589557561258641,0.08907128262846481,0.08227668173437716,0.07652945019758706,0.06835331924649254,0.06103503367375609,0.05577158703057488,0.05060622735895009,0.04715489595299805,0.04395626318563209,0.04114665332240524,0.039008689840683466,0.036687852344195505,0.034516639041607164,0.031612267188910526,0.02946266626988548,0.026875830206464762,0.024018008102981346,0.021439484494777287,0.024581592566670044
0.12004135282823807,0.09185414923119842,0.08539194932637556,0.07779582861550075,0.0692741922250119,0.06180770934869297,0.056323536651405506,0.05012881734193209,0.045698157173567004,0.04341390570898767,0.040673460345591474,0.03791824611496742,0.03589491130474738,0.033405536684225204,0.030860368565286598,0.027790085167134354,0.025686342079784697,0.022745696516188314,0.020384318744974494,0.022911436026190123
0.12408421929288063,0.09556488867489944,0.0881524327559957,0.07888726950954492,0.07035082696787122,0.06285866722188245,0.05559260608742045,0.049997072104311174,0.045519018309107706,0.043188088019050844,0.03987631267323384,0.03714035681288794,0.03488750374120004,0.031970994313375925,0.029413965411792274,0.026660116855570164,0.02409170169297435,0.02146472861660181,0.018857274844821525,0.021441956094577535
0.1284424867988185,0.0990637987086433,0.09039173738535818,0.08053367028393044,0.07123467402615032,0.0629875711765048,0.05558715365076492,0.050112783655741636,0.045245958854971194,0.04189153379308563,0.0393627885031767,0.03619902922033854,0.03320816178799258,0.030674569063023138,0.02834456861059584,0.02555406182741839,0.02260358968724349,0.02022188326083725,0.01804861654203372,0.020291363163371486
0.1341386755582279,0.1022020440087265,0.09205595381447014,0.08192272508773937,0.07225411687537073,0.06378644819320496,0.055275372058140246,0.050150077249189316,0.04453926204114703,0.041458940568766256,0.03826125820521436,0.03509251414359505,0.03213598429614815,0.029269484721380416,0.026753460136685243,0.02425029701951566,0.021372543660663042,0.019084810124547245,0.017007683119163106,0.018988349118105246
0.13877858436293122,0.10527057994006696,0.09444577985032773,0.0834543211063571,0.07333301283592135,0.06362835120106403,0.05630178036312358,0.049888627149335764,0.04391615787702516,0.040748040959569264,0.03741166290082207,0.03413617935035174,0.03076294408922648,0.02808038075092543,0.02542505969264297,0.02318959024405878,0.02023620659263176,0.017487941284874128,0.015853404483758785,0.01765139496498566
0.1429466813978885,0.10790353501356664,0.09659289863437734,0.08523269627727524,0.0753994458203889,0.0647923265470581,0.056330934446595864,0.04910229618389938,0.043179961274581125,0.04001893100575766,0.03609362533556966,0.032718342129962,0.03002738920005309,0.02712058443084667,0.02414182904854108,0.021382123310559633,0.01908130259389955,0.016666959798794106,0.01440771054748021,0.016860427002905215
0.14712825551571448,0.11154567611367029,0.09960665841489398,0.08798505748593156,0.074961399568696,0.06452492758431484,0.05602485740171246,0.048607832378424594,0.04304586114053111,0.038905087600648244,0.03510565671775108,0.03199369632625977,0.029061977618130085,0.02598989370525858,0.022869958018043306,0.020233325251700334,0.01792686972832953,0.01558372784462848,0.01337457092909005,0.015524710656271134
0.15199020578673703,0.11345175967879055,0.1017789424414847,0.0889089131798397,0.07627928154542242,0.06469561839503539,0.055425185392739676,0.04826101769390215,0.042921324702368646,0.03843337164836354,0.03451218386119983,0.03104313465769606,0.028355775751998807,0.025090507318595315,0.02179817425166287,0.019131511830428924,0.01657788405510997,0.014452514304454833,0.012951223162231776,0.013941470341937757
0.15610791727296588,0.11601186358467912,0.10336744511501794,0.09051310798883618,0.0767888806723758,0.06522904192807105,0.055537797285370116,0.04817633167147729,0.04218251791067325,0.037815573737903854,0.03348043542218299,0.03080874343010265,0.027139937819549476,0.02390051127915206,0.020670626495869215,0.017986212160969448,0.015829775053076024,0.0136399417952816,0.011979676057345963,0.012833663319100214
0.1594374215577851,0.11999219346250088,0.10465044324314031,0.091447557362977,0.07784641113478812,0.06569233039424599,0.0556390333221736,0.047886443439890465,0.04204899395628021,0.03728573672610954,0.03253517305284804,0.028922269417572,0.025828214920958808,0.022705599921299946,0.019760694718369644,0.0171299550489416,0.015265588877905443,0.012771304945251102,0.011065608235579723,0.012089026261382555
0.16395335191898436,0.12079563078621107,0.1069340970576948,0.09240493883544722,0.0785434051069309,0.06664668550604666,0.0564150626234947,0.04806103451666207,0.04090270443423185,0.03595974589038273,0.03193179763841711,0.028014855834340328,0.024771881749588477,0.021830210880534853,0.018712515501257552,0.016286231711687707,0.014037558238739978,0.011863417666517601,0.010453635778329638,0.011481238324500391
0.1671336340095908,0.12287527217751523,0.10943833970923357,0.09357835384503235,0.07925238739695288,0.0670356976460409,0.05631182431040439,0.04764017736307136,0.04102392626564523,0.034995610295679075,0.030813505709785083,0.02716704013489229,0.023702818602204044,0.0207821597345259,0.017953415253350914,0.015260957621128895,0.013215070156032595,0.0111089629204687,0.00964467165962518,0.01106617518882067
0.1702327761188358,0.12559492332099415,0.11128826429636757,0.09457499596259622,0.07991684531518664,0.06707473471882253,0.056485653758585434,0.047172709050434296,0.0402758734250167,0.03413268650430499,0.02987520464095605,0.026366621595518648,0.02292295366960421,0.019984357039490565,0.01713600825846984,0.014477654949223706,0.012498535451571733,0.010582747777844629,0.00907228377723664,0.01033417036893954
0.1733414504945406,0.12840347562084425,0.11236470299886939,0.09688569824716754,0.08028873902008997,0.0671784694934417,0.056051106490302864,0.04687660597243854,0.03936401514852034,0.033785311627833436,0.02884227670559215,0.025867916920327957,0.021789834046220376,0.018692135577675698,0.016434088914540523,0.013877183134225689,0.011734568828519695,0.00964888006894316,0.008679564519572112,0.009893976170333885
0.17742444816370345,0.130593362175135,0.114980894937948,0.0977073925537626,0.08125019736634354,0.06683298070546626,0.05605204155745727,0.04603372596077935,0.039016957716234556,0.032800707360975165,0.028139703792591658,0.024317112451447888,0.021085041210092522,0.017905074683424383,0.015298260018315598,0.01293775854991,0.010897780023368176,0.009299902106293619,0.008257807812549344,0.009168850854201532
0.17955502788180386,0.13332743910525616,0.11623523022223348,0.0991698611277763,0.08196713546830696,0.06774994158398959,0.05543521506564695,0.04537503078681632,0.03855930330224128,0.03223458606730788,0.02715870840622178,0.023363246540824893,0.02058927545201362,0.017392182990520814,0.014507695125262872,0.012201052119711776,0.010336476219947334,0.008572944230076984,0.007527771287109954,0.008741877016931174
0.18325012571785287,0.13500599819975195,0.1177822582552096,0.09950075430711731,0.08262855143081892,0.06753767988687757,0.05550975239494479,0.045040883918676694,0.037958121373296114,0.031441286215805934,0.02672154638476441,0.022744290675439854,0.019536317877788062,0.016372484263592894,0.014045718735664622,0.011670084826052207,0.009748453946279463,0.008148408545976477,0.0073018820632546055,0.008055400980835712
0.18654911814950995,0.13712574000198754,0.11951870097215714,0.1010078065970398,0.08307424390844086,0.0677165900834607,0.055326042549029814,0.045058687501084445,0.03689875084982909,0.030735813966694586,0.025820607586390747,0.021714612012600342,0.018840572851845015,0.015777244613542688,0.012988385537683509,0.011065523991601878,0.009229419939395949,0.007617307962287306,0.006440560863536773,0.00749427006188175
0.18704105644828486,0.13865568719856602,0.1220872540094065,0.1019764302657817,0.08410066752561894,0.06859384893570775,0.05515985647726662,0.04486030474954401,0.036231929712923036,0.029747260120778354,0.02504559902470064,0.021211815738987717,0.018069499529046337,0.015051615890826955,0.01242435602206394,0.010619296184172806,0.00871185511638383,0.007232840118321197,0.006251555407146526,0.006927271524472262
0.190387960372079,0.14120282840505188,0.12286041997529557,0.10331272530187302,0.08367364944919203,0.06839408606216443,0.05514696614484862,0.044341929466333925,0.0363019612291714,0.029007222264236555,0.02411045148604703,0.02049616829262145,0.017225352290201418,0.014372053744737701,0.011536086112581619,0.009965275151881824,0.008356651289419951,0.006891401346139304,0.0058342156343744464,0.006582595981748972
0.19418128457007539,0.14366508534567315,0.12375555601041058,0.10400662548829125,0.08430020641670982,0.06814113171779328,0.05450597758229509,0.04382143301376269,0.03551438067901808,0.028230752153519865,0.023335637348985944,0.019796165467161477,0.016248821094496657,0.013901244325902225,0.011138000040936952,0.00934149763116751,0.0080157701736514,0.0065971473242190885,0.005441465668854697,0.006061817947074821
0.19709431810664454,0.14408861951758878,0.12539416028502395,0.10452138467208698,0.08437156438712604,0.06817673501403383,0.05438073127167687,0.04358207826818334,0.0352641543312742,0.02783614272618738,0.022888860187684875,0.01889764275611362,0.01586721562969567,0.013307733259410233,0.010729350096236536,0.009240912656285936,0.007571342617822816,0.00627978843712494,0.0049583080010206435,0.005548957778778819
0.1997179400811552,0.14555834327573564,0.12623440564371677,0.10470844889080567,0.08501304841923675,0.06802177149998584,0.05423987055464439,0.04357762786349054,0.034275316923909935,0.027485102136540925,0.02224055052052018,0.0181025174477355,0.015396819900334634,0.012763526126744374,0.010470215291047429,0.009033157780415095,0.007218341449901312,0.005712028155624042,0.004758187135423392,0.005472780903032457
0.2014904245413594,0.14647243123537257,0.12691257518182045,0.10643260689030373,0.08632697485970253,0.06820784155824547,0.05401923899640135,0.04226067644764325,0.03386484888139518,0.026787062435513508,0.022033935626745854,0.017957130633918014,0.014649445101542643,0.012250861917104963,0.009921483755693686,0.008359652213302465,0.0067569267936683705,0.005487643757706923,0.00459112414122858,0.0052171150313310025
0.2030435610261832,0.1496498787830161,0.12771440303191914,0.10744182607368671,0.08626936443284454,0.06856429062499508,0.05325995812075132,0.04163067914548713,0.033207632658262494,0.02660638068583169,0.021004126569095255,0.01744077201295708,0.01427701659909666,0.011692207974048085,0.00937956726873986,0.00809581569354836,0.006510004924194154,0.0050767969768908995,0.004285464817183392,0.004850252581268868
0.20542121065953559,0.15037637694571404,0.12980016120340068,0.10734166793670646,0.08688171975432975,0.06794110576734234,0.05360720104703652,0.041703916802704945,0.032589482813612104,0.02624033133112215,0.020961155636698432,0.01677866584546156,0.013598590962868225,0.011046989377230101,0.008954173298369266,0.007486688149978868,0.005797666164411757,0.004876952784372382,0.003946812304878681,0.004649131214226124
0.20594095187216188,0.15207956884496326,0.13138601260154298,0.10838426849771382,0.0870166396932891,0.06859041842779251,0.05322344955454646,0.04140911019279419,0.032292632339770276,0.02542306302342755,0.020324309036343358,0.01631129896453655,0.013079207454079783,0.010562041387112487,0.008659239822132835,0.007153968229027545,0.005686406988985433,0.004380686014172809,0.003822887041779928,0.004273840013827129
0.2082340777242129,0.15211406590781956,0.13248973922225507,0.10904394064147932,0.08763929830736451,0.06881792069188755,0.05332933168239044,0.04074927247471732,0.03190740473032853,0.02534082123933853,0.019512762333360575,0.015490160338401391,0.01284247113468803,0.010069075618632189,0.008318615219263237,0.0069248464811660524,0.005386515483875023,0.00426458664621844,0.0034930641542165047,0.004032029968384863
0.2091930602300698,0.15354209574521524,0.13319906314361785,0.10968503541467826,0.08824471291505498,0.06915595016828252,0.05354900286331436,0.0406797860049229,0.03146506254081479,0.024696086803636916,0.019106030542020397,0.015066936253579147,0.011988559300748481,0.009944680263223987,0.008016966393730849,0.00623053448535691,0.005211734565730647,0.004101886271160897,0.0033091374893253625,0.0036136786055156493
0.2108451703653467,0.1544308805244716,0.1338856235007473,0.11108913253708098,0.08867255692450675,0.06939734750009421,0.05290556748678145,0.04020823128995391,0.030851638345704136,0.024167012044258567,0.018604862916493974,0.01471308541501827,0.0117287090413574,0.009639174610351279,0.0074507365962096376,0.005979742034336811,0.004877673536540948,0.004047197417831532,0.003161774864046821,0.00334388304886779
0.21293527963418926,0.15610867544344503,0.1345315562032059,0.11112820963770667,0.08917265464047033,0.06848430983367669,0.05276430832621478,0.04006080096477562,0.03076321541631074,0.02358549821617004,0.01833921662228028,0.014185844932415459,0.011557208180493448,0.009146839354806289,0.006989284458067436,0.005662403899301542,0.004648007637807146,0.0037325385659012105,0.003018064418873425,0.0031860836138887494
0.21463847646172252,0.1568690491687068,0.1352292349216854,0.1118375963150524,0.08921600762835603,0.06835878993947815,0.05279939023338316,0.04008023575133189,0.030500877480509583,0.02346221344654583,0.017497855309031543,0.013671130655985292,0.010882640314544223,0.008804603361558042,0.007019844076653686,0.005340162886730519,0.0043881867127964725,0.0034707137939308775,0.002888863447094748,0.003044128094902771
0.21677733697894366,0.15968996625771198,0.13613154315671572,0.11154877258701859,0.08866958754719761,0.06822499250955719,0.05264487143890231,0.039781702612948826,0.029899024124716258,0.022672119395305567,0.017231940189402314,0.013305536339236273,0.010652899938664645,0.00818066163748139,0.006481782144980464,0.005057421499374882,0.003989151015170696,0.0031640257953595343,0.0028502899703362785,0.0030463748609758116
0.21816405698749056,0.15935141135923886,0.1371484929925959,0.1126139545969136,0.0885858810764025,0.0684809503350822,0.05283228329418553,0.03909501155617996,0.030014707865415192,0.022460070811002368,0.016954813297917377,0.013097526632526021,0.009919185140351925,0.007824333520448324,0.006090122523731724,0.004857672394057896,0.0038855107141625147,0.0030952373485701383,0.002609156508622447,0.002919621045105166
0.22008233909477146,0.1606380261184497,0.1369674953337523,0.11266069366064192,0.08913120814677486,0.06843986691595116,0.0521522724743885,0.03957103431631441,0.029291968412128007,0.02214254035070123,0.016738939308219965,0.01258280532775003,0.009730556517623605,0.0076133102854913015,0.005880020623952935,0.00469837468832913,0.0036593411932116476,0.0029227714455416372,0.002397769604117267,0.0026986661818888466
0.22149880539547376,0.1612465274947168,0.13784356638050507,0.11294970119209617,0.08946992167658512,0.06854866524108437,0.05196216145033141,0.03875566731674893,0.02933679068396596,0.02191519248496553,0.016036233201853677,0.012251751146005133,0.009696363510945839,0.007449817203559359,0.005588930625145013,0.004464873610214025,0.0035132660675876518,0.0027921137288592626,0.002194811465695097,0.00248484012366195
0.22125415334461784,0.16183624851106515,0.1389756128142436,0.11357438405115672,0.08939408187574445,0.06927308632687607,0.052175412199862096,0.038713873738323606,0.029281863206068588,0.021296470440724722,0.015856372641213715,0.012025891793617956,0.009327001441915872,0.007198608237728044,0.005411886402106449,0.004225440411259481,0.0033038680960441346,0.0025311892671305877,0.002115854805341358,0.002228700394959564
0.22316497112962125,0.1626665161612978,0.13926449907580296,0.11358765605133488,0.08994733879855953,0.06884366411591424,0.051961978581204694,0.03886017267355542,0.029013045366394347,0.021070751633218417,0.01540641936753254,0.011628107504730732,0.008955069444117827,0.0067821481819421775,0.00517989310983286,0.003988392273430629,0.0031276896955558585,0.002414356957972943,0.001972247437097379,0.0021650824408835294
0.22414279269117982,0.16362759104694588,0.1399071358748778,0.11474390305035467,0.09003183196731582,0.06848415920996566,0.05158752537784793,0.03825788906434069,0.028404391307617106,0.020913226558387857,0.014958831491089555,0.011321339950372208,0.008974672281123895,0.006537145650048875,0.005050505050505051,0.003961764042409204,0.0029043537108053236,0.002263641376544602,0.0018767075218688127,0.0020505927763992283
0.22468885065144698,0.16470151288633128,0.14190008744464191,0.11471389304172583,0.08991753876242325,0.0689590326554023,0.05099056914238433,0.03799924151959355,0.02783497722991672,0.020369273394575924,0.014862454906459306,0.011317655982122428,0.00844984783378623,0.00630917792633964,0.004753039406504753,0.003692107102448137,0.0027753487599472197,0.00203410654455759,0.001805308736001806,0.0019259760733908147
0.22562259379304506,0.16632675153040252,0.14177912628213368,0.11503198862905425,0.08998547255002246,0.06862415949445726,0.0513904620858657,0.03809455079430323,0.027553520945570682,0.0197516841487636,0.014375272585791963,0.01096147872497309,0.008250524776675754,0.006187501372734204,0.004510412385043316,0.003468703228984616,0.0025101425447197592,0.0019783060930572607,0.0017304295167661834,0.0018669185176353204
0.226814045273153,0.16592005567450474,0.14246372222936268,0.1155747546215169,0.09075633940131098,0.06808371238600991,0.05169170869945486,0.03778562180835557,0.027415618328699022,0.01947667219440935,0.014293237867440755,0.010706997244488193,0.007824524995532874,0.006003191252582313,0.004448317695777705,0.0032053592980498245,0.002365226005260237,0.0018197663300908782,0.001637946438367759,0.001713182255632498
0.227754929378863,0.16698706650059145,0.14259907718580841,0.11619311727887321,0.09105778947615804,0.06826631571525936,0.0509756919148003,0.03740922657516861,0.026869717123765208,0.01931642812938199,0.014108559924169426,0.010561443914361588,0.007769500129256659,0.005795398463020848,0.0041800819408866225,0.0029846537096660476,0.002273350410879494,0.0017077546160293926,0.0014837097443851698,0.001706187868675237
0.22882115221954197,0.16743836345979135,0.14478399799505023,0.11745246076250745,0.09121111494000815,0.06799912283449765,0.05045581278781992,0.03649008489708969,0.02639171705147082,0.018691457034554052,0.0138529494690016,0.010070173240186709,0.00733216377933022,0.00547601892171298,0.003919050155070328,0.00278969957081545,0.0022195419942984246,0.0016650480874659318,0.001300084583816297,0.001639986215970678
0.23063594129580006,0.1683769941646423,0.1440885697112374,0.11740839990983998,0.09131677477522604,0.0681130882316111,0.05073536777780559,0.0359998372110496,0.025662738861479118,0.018828733501965986,0.013431653685291397,0.00993169125197225,0.0071314082496431175,0.005339164517017706,0.003611097197525607,0.0027533246512559794,0.0020739938390643385,0.0016341506173457884,0.001386836635027173,0.001540233915199479
0.23181136482471226,0.16908221635685639,0.1444993409290865,0.11682462451743798,0.09126175290946151,0.06919774945286156,0.05012226469915995,0.035726026882578914,0.025916672145878544,0.018560438837906125,0.013095316369693383,0.009527566697663348,0.006957033586003277,0.004951642041523032,0.0036522860837411436,0.0026738553926403228,0.0019333790456152217,0.0015075660088481441,0.001268046175666664,0.00143085704266584
0.23156975269796845,0.16938733340221096,0.14550401212246444,0.11790912534791034,0.09155560147398148,0.06853168527928317,0.049919068774322416,0.035825764620061554,0.02601852808485725,0.018089772609867664,0.013031962355239549,0.009145071961478617,0.006634168944324951,0.004985801813986543,0.003595725829427658,0.0025735190524941542,0.0017829916063204629,0.0014605190243169375,0.0012491899050427822,0.0012304050944406352
0.23358112308735496,0.17017471604922807,0.145203647473531,0.1176408870319882,0.09226423042411355,0.06872133283430869,0.05034929116052987,0.03579353533392109,0.024784717317669392,0.017620372733835602,0.012712600946789667,0.008963652108822873,0.006321848980314104,0.0045021837548682294,0.0034373194232820052,0.00251809094880978,0.0017272725849111859,0.001298194898360265,0.0011603889260373423,0.0012245939813241586
0.2345901829235841,0.1711648816772743,0.14545289475084755,0.11732561524999764,0.09166841461009383,0.06928743390425865,0.05038773037633483,0.03510392175892154,0.024970024074659616,0.017592659263734923,0.012508491874411045,0.008704758267250636,0.006129802800674967,0.004393860179135502,0.0032605667093477918,0.0023933780598141027,0.0016576764979353402,0.001307044264188866,0.001003371704604866,0.0010972910529298144
0.23528611100246408,0.1714819885008018,0.14540618766378535,0.11759377322329563,0.09244573082489146,0.06951304415848554,0.049246294050925,0.035242304533187316,0.02489928423358235,0.017398990886689867,0.012048343567880473,0.008731568036922596,0.006173583134509329,0.004418195329917472,0.0031681464387687238,0.0022122266984785075,0.0016380490476004224,0.0012109359721516018,0.0009480971564907885,0.000937145539171588
0.23699611866467046,0.17216170509673617,0.14629552277566316,0.11768064792174127,0.09132323654243575,0.06908651732677526,0.049897295580659334,0.03483815254070239,0.02476482799943055,0.016980255407821804,0.011700325243698111,0.0082429487510423,0.00605588434528084,0.004294343200153939,0.003092865758362236,0.0020900701331168173,0.001587890108617941,0.0011717533904973775,0.0008807705725634487,0.0008588686400307877
0.23793554885764473,0.17252716485984704,0.1461451472384673,0.11746700097131874,0.09143847454472369,0.06856477882556462,0.05011441540220572,0.03584181738269488,0.024024888282705364,0.016950372026020708,0.011566669847044672,0.008224144699900052,0.005857630639240339,0.004151175358222661,0.0029155202968074766,0.0020943571230821944,0.0015093761193236126,0.0011355513602372463,0.0007977013687617019,0.0007382647961873007
0.23822453850701822,0.17199509492631432,0.14759798416487047,0.11821133735207354,0.09133666386168193,0.06899167576461904,0.049959489346793104,0.03547888597267799,0.02440649546875049,0.01641541719716332,0.011263212885828778,0.00786907707660111,0.005554182607634774,0.004005705902042426,0.0027262574725731925,0.0020583791359187155,0.0013498337342688837,0.0010761131044924588,0.0007867512958716669,0.0006929042228054638
0.23820126685002785,0.1737610997921941,0.147653231468292,0.11854007339661855,0.09102963228200311,0.06886053860671515,0.04968422566880203,0.03519253712439743,0.02386562821032025,0.016644801958911024,0.011398835723857335,0.00755075140061826,0.0054758193010903174,0.003733939603370552,0.002725400640148607,0.0018278791441960535,0.0013384641124309852,0.0010007208317241011,0.0008302855650710902,0.0006848683192111817
0.24023222088204518,0.17387781026533944,0.14725938997432805,0.11881217548289401,0.09085931425692917,0.06866504281005414,0.049951581539347235,0.03489257985134986,0.023832207741008957,0.016474791894483736,0.011143285790941763,0.007369931119068738,0.005198531332767017,0.0036043984925354217,0.002499925690569272,0.0017443161107539038,0.0013313121168175529,0.00091205048660944,0.0005929110367495334,0.0007462231254077239
0.2404961146236838,0.17435635992862603,0.14892196250209164,0.1188757821186678,0.09070465353765508,0.06806328573506253,0.049775666237651464,0.034706442577906914,0.023790794887473436,0.01639223769213807,0.010854657681847965,0.0072218425550747605,0.00496208454466267,0.003413876634414942,0.0024427280361686387,0.0017327417823782654,0.0012463855600681206,0.0008366578100833682,0.000569240080131488,0.0006364854742129549
0.24005735793824168,0.17420988189081035,0.1479891101231757,0.11907088896985579,0.09207450277016326,0.06827127114761225,0.04960804887621913,0.035055895842487715,0.024003390185662707,0.016220662305920473,0.010930534032428815,0.00713534002717778,0.004756893351451852,0.0032729052546314036,0.0023502993777883415,0.0017232401292899217,0.0011602941705382232,0.0008303452891587557,0.0006489515913387638,0.0006301867260470407
0.2406506938764019,0.1753294994048913,0.14907902824459357,0.11917188396866336,0.09153725724492048,0.0681489382666619,0.04935257492035243,0.03450222794305098,0.023683918301977386,0.01585601028497965,0.010768261078327564,0.007092819751665287,0.004773381671903519,0.0030701665209523607,0.002258441393915033,0.0016156301661455885,0.0011386048024723992,0.0008351853908245346,0.0005865065946801507,0.000548970172620621
0.24175839635352994,0.17550981489412923,0.1490772842802254,0.11910113764611362,0.09145092865561429,0.06796177208937351,0.049412106755535826,0.034290385811780365,0.02373300486758724,0.015962684957373442,0.010510487040088036,0.006971560410290397,0.004570592520109669,0.0029933942120417296,0.002150867068286903,0.0015021680614997932,0.0011692213423536372,0.0007503024656814783,0.0005893000615873274,0.0005345905067980531
0.24082874751161495,0.1762941556380195,0.149600216428892,0.1190968785136464,0.09209956354549308,0.06767781494391459,0.049035843689549656,0.03496327433143957,0.023481909265627373,0.015925663556283238,0.010321030977167066,0.0068916338661174645,0.0045459450076704025,0.0029289834879142294,0.0020313665514151537,0.0014418167516587932,0.0010868358377471381,0.0007725135307152319,0.0004910308677015848,0.00048477569741239265
0.2422322548752749,0.1755896790906787,0.14913351041696,0.11948295335442069,0.09172994434067638,0.0683821251912409,0.04890605494598324,0.03455164365518126,0.0235308472794511,0.01604859475069066,0.010434167753885048,0.0066422003422782466,0.004486535699871412,0.0028799554475115994,0.0019804582273490953,0.0013703644606301798,0.0009636352828175696,0.000699261317239373,0.0005240549021816329,0.0004317586656780021
0.24246896364122425,0.17576248372164283,0.14891980495674997,0.11944913882995942,0.0926533604938928,0.06822449046592449,0.048809276279482776,0.03426388995283379,0.023311076474275893,0.015816387947840474,0.010458795628254693,0.00686465943253608,0.004508694557830574,0.002771815343631625,0.0018525669386370424,0.001308521964252493,0.0008989248858365395,0.0007238299515518569,0.0005315381933642146,0.0004017803402782446
0.24151402547356302,0.1775157645822385,0.14904098791382026,0.11947770437654828,0.09210081825688764,0.06840389860621071,0.04927213922878662,0.03386257287991393,0.023244939068638486,0.015623827040012007,0.010422140479943946,0.006815679503540775,0.004476015314165604,0.0028276155443785495,0.0017093936891624754,0.0012089307609538821,0.0009180366839326383,0.0006333983935140008,0.0005114105547631561,0.0004207016490253486
0.24161217624400025,0.17673977063194293,0.1496913556111972,0.12009683942515667,0.09265743835322933,0.06853829082793643,0.04921263229013041,0.033763991435841544,0.023065049131307195,0.015487739459407044,0.010104643506738254,0.006642071037473667,0.004411886601533607,0.00289955255556303,0.0017406698998606541,0.0010806854454660484,0.0008601693125996043,0.0005724035789299183,0.0004144452142525366,0.00040818943743363016
0.2418711325539293,0.17606787631676868,0.15066428613863556,0.12030160998320916,0.09233092674873444,0.06853450567043028,0.04904523524390512,0.033717719821022646,0.023314895705981862,0.015583912049703426,0.009982271111291774,0.006513099678878858,0.004219600584084021,0.0028406870178883546,0.0017619451123611315,0.0011819259138820014,0.0007660630923309271,0.0005440611349615562,0.00040804585122116707,0.0003502002707798522
0.24264857566153442,0.17700929555101302,0.14982902937444126,0.12046083928761198,0.09300239421387896,0.06842263188492768,0.048442198175896595,0.033769042752033206,0.023112290506285604,0.015156061486913095,0.010023817114565943,0.006351230550919239,0.004053910445148747,0.0027411560989941803,0.0018425444929955175,0.0011674136864017403,0.0007532709462458348,0.0005172877244966213,0.00038444948708812334,0.0003125605586082303
0.24268704638428315,0.17680989056166668,0.1508595153199598,0.12073700878976927,0.09279201401861122,0.06868775606866118,0.04829449087961783,0.033492725735125156,0.02276461144780302,0.015201939595542434,0.009858985401448443,0.006388722583751353,0.004025192232238742,0.0026902352744399504,0.0018086009369709607,0.0010629633856009102,0.0007096843780335492,0.0005064707896098457,0.00034702628176970914,0.0002751199350967063
0.2419757832019989,0.17606634071337837,0.15137920743035996,0.121373066507909,0.093231078380359,0.06814080057002762,0.04905081339877399,0.03413602846387871,0.0227448517037544,0.015080417957744834,0.009464520937732916,0.006195612599985313,0.0039580042158292045,0.002593875640851354,0.0017844614348507509,0.0010984907081436756,0.0006469063345255786,0.00046877270617795547,0.00032657831863730903,0.00028438877508129293
0.2414813679842652,0.17690486837044517,0.15133411924364987,0.12057886359869796,0.09372293221679864,0.06919971607165752,0.04886194140694624,0.03422149537678356,0.022739283112204856,0.014839008252058326,0.009495026563560239,0.005852113358703436,0.003899324263052731,0.0024781190685399263,0.001704195447765628,0.00103815208928108,0.0006488450558006746,0.00043308453122117325,0.0003220773048070818,0.0002454666837607372
0.2416448786251107,0.1767902268717269,0.15038984054748022,0.12192343215961822,0.09409777191553999,0.06889136505922235,0.04891408817632139,0.033690849960226726,0.02293096954570955,0.014713765301768936,0.009594031352900635,0.005887068921058267,0.003750720841661757,0.002523922566368224,0.001672196375240867,0.0010236342297035212,0.0005985525343151887,0.0004094536918814084,0.0002938064659301709,0.00025942485821493815
0.2425149279284773,0.17685236868973522,0.15094289471256603,0.12109485547388649,0.09367968941778344,0.0689631988842556,0.04909994637046905,0.03386478165901311,0.022688575033655258,0.014565968231929738,0.00947507164936606,0.005933646354677262,0.0037790838575111852,0.002484470107399782,0.0015510348310513423,0.001042883298700852,0.0006207266410558295,0.0003471065851747963,0.000237658562822383,0.0002611117104693287
0.24192960700083038,0.17803107900798634,0.1508334284646432,0.1220907411954018,0.09275380903158413,0.06867438038241225,0.049023640000187635,0.0341174759604483,0.02262665626216833,0.014663774674846397,0.009420345381387937,0.005854876013930351,0.003820369151183719,0.0023222464959098744,0.001484048434086513,0.0009492280289678752,0.0006161381275343374,0.0003377813084959818,0.00023300655076806154,0.0002173685272265809
0.24394856278366117,0.1774280766682087,0.15079362598617174,0.1210787562045986,0.09270170415473676,0.06829903352046113,0.04885066453282654,0.0340393343419062,0.02284761380827947,0.014683174754004078,0.009596029056901021,0.005982670884335029,0.003889986371763294,0.0022989835085832876,0.0013909553518960747,0.0008548905365024193,0.000561070754304147,0.00032038859229066894,0.000253185131468724,0.00018129305710106155
0.24370141937863693,0.1774825058964937,0.15149729519355662,0.12083240203380183,0.09244014023417169,0.06874631713367103,0.048750599808998915,0.03426765470383114,0.02267785997527302,0.014625179942699696,0.009299970146314326,0.006014501701347484,0.003846592694131018,0.0023804797534179357,0.0014098442137773983,0.0007940142578701977,0.0004626539770267295,0.00036105766450396777,0.00022351188755007526,0.00018599940292628644
0.24427594270315559,0.17809289791733102,0.15089033944191216,0.12077885944016158,0.0932558662990265,0.06836981599234705,0.04897023240110292,0.033772250670568146,0.02251170758851812,0.014811897035744872,0.009216013605186976,0.005797522805569621,0.0037232945060304244,0.002207091453616691,0.0012989327180987745,0.0007924896366739819,0.0004892490261912354,0.00030167751455242305,0.00022977510175754509,0.0002141441424543108
0.24398578693216902,0.17874668004808555,0.1510865368231323,0.12153642450362905,0.0928804911105796,0.0683828023755145,0.048601438502531666,0.03347855924638851,0.022510798148486857,0.014650777794973525,0.008998066259909048,0.00587000326719223,0.003750236441543053,0.0021307095747491373,0.0013819128863376653,0.0008472814303111028,0.0004752279609125004,0.00029232772595604446,0.000201659233413528,0.00019227973418499192
0.24529964334310772,0.17977507026125158,0.1515205956466925,0.1205947093550962,0.09291201057316624,0.06807881758007596,0.04835255135437447,0.03284274133704936,0.02218521475181648,0.014225657737486155,0.0092343359198639,0.005770874114020845,0.0037415385769030674,0.0022293008556328515,0.0013263324642132379,0.0008248569388746638,0.00043117521804811966,0.00027963900011091804,0.00019527863136237304,0.0001796563408533832
0.24526754115266533,0.17920608754755896,0.15226212704786754,0.12103688310064924,0.0928304127375995,0.0680927194743709,0.04815818873584948,0.033279947499589825,0.02182673302135173,0.014136047937874515,0.009181321729076007,0.005768795068711471,0.0035890905397698396,0.0022281424073625584,0.0013156352784006121,0.000790631176806069,0.0003843780029531482,0.00030625239259681733,0.00017812639161243445,0.00016093875733404168
0.24535562840027372,0.17876885482061558,0.15133229795225797,0.12168331713597347,0.09334210386517965,0.06837889947533052,0.04858426741580756,0.032973866523338266,0.02193362103177704,0.013929208683451507,0.009209058438616177,0.0058232373262169105,0.003632687626362842,0.002149926096290441,0.0012374574623997305,0.0006812265828362148,0.00041873560596354507,0.00026405342316357887,0.0001640568605454188,0.00013749527359997
0.24547590481903617,0.17900169966006793,0.15160405418916217,0.12167722705458905,0.09321573185362927,0.06834570585882822,0.04834033193361328,0.03327303289342132,0.02177845680863827,0.013834733053389319,0.008906031293741255,0.005923815236952611,0.0035867826434713064,0.002160505398920216,0.0012106953609278145,0.0007045465906818638,0.00039054689062187554,0.00023901469706058784,0.0001734028194361128,0.00015778094381123774
0.24578780969229644,0.17926638108737886,0.15142630757233122,0.12187338345817661,0.09369574084695459,0.06820302280623064,0.04810203338495848,0.03294268045490561,0.02139500428994059,0.014196655878000024,0.008920575930385753,0.005832443828346117,0.003544475509830919,0.002106681211310441,0.001151798258706079,0.0006720125525693538,0.00037195113374768895,0.0002094178652192871,0.00013127687073447844,0.0001703473679768828
0.246214144063959,0.17960212988554208,0.152002623319436,0.12230133820521229,0.09272497306413077,0.06785496791118191,0.04783341921581489,0.03282740744210739,0.02168923033681549,0.014144063959026244,0.008883371590075106,0.005622960291063535,0.003493074748988927,0.0020580565575178404,0.0011695632485439016,0.0006339688636966947,0.000413797411033557,0.00022329445199169295,0.00016395746474914512,0.00014365796911353665
0.24713411632322949,0.17922498065968065,0.15246891873940185,0.12199013839072914,0.09227559368919523,0.06771065319486448,0.04796242898781756,0.03242765939158091,0.021704917520375712,0.014093818130670227,0.009095810769627496,0.005718483093825945,0.003253862203155404,0.002055153120628892,0.001229966164209078,0.0006829672347641261,0.0003813363965273384,0.0002578709238811919,0.00016409967883348578,0.00016722538700174262
0.2467071349574801,0.17935179920396396,0.15220596964565777,0.12188755521953477,0.0921486725442537,0.06836287747667814,0.047737170635391755,0.03283180145335942,0.021573889517192264,0.014466424648375751,0.00909599295189418,0.005551632998631616,0.0031928919102991054,0.0019963384840324156,0.0012215467093218697,0.0007060602463088043,0.00041395125060140087,0.0002389982692151484,0.00014995969833107357,0.00015933217947676563
0.2460130482058717,0.18057673319918513,0.1528430465810951,0.1210505430503306,0.09269662921348314,0.0678156753446401,0.04803714489257727,0.03268300608666308,0.021606404119433577,0.014216795190661288,0.008983139818274989,0.005500806139155866,0.00319018634937696,0.002026283885965679,0.0011764007448975768,0.0006655334891452425,0.0004202547149766907,0.0002577770556548474,0.00014685480746397375,0.00009373711114721727
