0.10453216374269002,0.0991340530814215,0.10273279352226719,0.10363247863247863,0.09992127755285647,0.09508547008547005,0.09969635627530359,0.10278902384165536,0.09677237966711649,0.0984592892487629,0.09845928924876293,0.09733468286099867,0.09649122807017545,0.099527665317139,0.09902159244264504,0.09761583445793968,0.10605038236617181,0.10509446693657218,0.1019455690508322,0.09598515519568149
0.08244231415208911,0.0644272757809876,0.06268571871527868,0.0596263662437663,0.05613291646210692,0.05452572284953878,0.052468928451461186,0.050686028784785925,0.04807110927366218,0.0453114906591561,0.046128007028242185,0.04568357406785354,0.045316658484276885,0.04484121857316347,0.04388000310069507,0.041957572155758266,0.04248469031807965,0.04118756621275936,0.03730652954704013,0.03782847988424072
0.08986526182590562,0.06838268998599034,0.06574538552420059,0.060596669959262224,0.05780441982529875,0.05490241650687892,0.052820334037044926,0.050505833058950386,0.04797182571194309,0.04613184585488048,0.045318381075968577,0.044546880749937054,0.0433073153725475,0.042290484398907625,0.04168684188439762,0.03979198543510683,0.038132775528913504,0.037806744010381345,0.03512424706087428,0.03752590497956652
0.09360344034836232,0.07190382170773266,0.06793335677386199,0.0631974684229032,0.058082925377978524,0.05571633354069187,0.05290347009980256,0.05059908581938171,0.04793768425607878,0.04577935250047331,0.044697481946285124,0.04317745381765072,0.042836664593081435,0.04131393178806154,0.04033483893652123,0.03835501582235684,0.03698104021853784,0.03565574878965732,0.033370297243934754,0.03565845346604278
0.09695228669024372,0.07467802870282078,0.07004309044164683,0.06369419063597628,0.059807601781554386,0.056307257782230315,0.053313860155222145,0.050194932950307164,0.04806334415623602,0.046185228548322826,0.043957078540477236,0.0430783714951297,0.042115173387729465,0.04111093676447514,0.03954905913167327,0.03681154872116742,0.03579765597653562,0.03359123224178928,0.03049885937066229,0.034259918647177395
0.10040006781556805,0.07648627285197489,0.07206725190621195,0.0658427515506206,0.06041530430034371,0.05646086403198782,0.05337173279785456,0.05040810440074597,0.0481864840049937,0.04686980511831397,0.044251859974062745,0.0429924279954995,0.04111428904844631,0.03949155938375905,0.038205705755295895,0.03586518793499393,0.03377347398458296,0.03165313658011374,0.029347847626345038,0.0328002765466023
0.10310859531410081,0.07880179714068948,0.07398583637185352,0.06746639563680089,0.06194900194069927,0.05734572054339579,0.0539530755686617,0.05058906050932618,0.048223002501027595,0.04616778357419953,0.04353792134544242,0.04227411507998994,0.04019231123172031,0.03895917987562347,0.036617661794809395,0.03449700306135595,0.032237284738823584,0.03000210634377576,0.027668768238789856,0.0324233791889145
0.10537300972031725,0.08050569503250044,0.0750770911763065,0.06867318535161851,0.06290409145908638,0.057775580516275224,0.05404173215168541,0.05121585721733077,0.048370745557759214,0.04579879539626693,0.04399439057092677,0.04147245589499826,0.039298705945494665,0.03788288296953481,0.03604000469376095,0.033608482626351605,0.030973051271643723,0.02889740862074604,0.026881399818020575,0.03121543400937598
0.10815993740562399,0.08212038448741715,0.07623388066850209,0.06991045933010855,0.06361445959335592,0.05899848998380298,0.05482126600050456,0.05124000482620188,0.047742836563598,0.04512864387383139,0.042934915742558706,0.04178320847364052,0.0391233131144724,0.03730617497906818,0.035503661697872446,0.03250373847835704,0.029591564384092543,0.02761355285239501,0.025416168507570187,0.030253339037026476
0.11184564383619429,0.08473453116266312,0.07793566032363186,0.07065693122734736,0.06540134079076422,0.05902783880981094,0.05518369958412286,0.0509862581250725,0.047439174011017396,0.04469009593649701,0.042405056616243476,0.04112367687434743,0.03878063270981056,0.036296970740950354,0.034219342682073675,0.03139644026028354,0.028297575397508955,0.02631310663399647,0.02469951732938666,0.028566506948277254
0.11461941035334802,0.08733175425762127,0.07996841848575849,0.07206792412933416,0.06592555834650649,0.06010207718372018,0.05473049133810469,0.051154549903737745,0.04686069175794101,0.04402483548452557,0.04184550637001871,0.04031929388372479,0.038243985955434594,0.03533650853741096,0.033036105583209276,0.03018490192166352,0.028109593993373337,0.025604559197433912,0.023242766690710903,0.027291066626422392
0.11761027217106461,0.08996008648207571,0.08161954909596798,0.07385923754646408,0.0664734810038743,0.06099728614832042,0.0553120762219439,0.051297314741582126,0.04728422538178694,0.04420919565984387,0.0414468524838515,0.03906909703817286,0.03699733965617859,0.03441892974251016,0.031200097651841088,0.0293808304754006,0.02665861819300618,0.024014995577241096,0.022530152514116882,0.025660362214757138
0.1211065138190644,0.091334516435731,0.08354383658027384,0.07528354087058539,0.06846010489735185,0.06129228396434874,0.05600457422319769,0.05105795389196199,0.0468478889531521,0.043970873930388094,0.041421766118122406,0.03862384429186049,0.03589348123761078,0.033339430100563686,0.03020206663931361,0.02816871237923868,0.025237320783879483,0.022917253686484455,0.020928389349441984,0.024365647847429225
0.12547201524809154,0.09335702792763681,0.08610667789385738,0.07660762600400131,0.06901295369762957,0.06213303568223134,0.05614900831921776,0.05135623810782672,0.04684577952277914,0.04363754450895727,0.040497847577831515,0.03803374031899582,0.03457419900195496,0.03201707577374599,0.029348986125933837,0.026855505403085508,0.024195575050832408,0.021168476398421662,0.019641056269765894,0.02298963116720355
0.12937811102418198,0.09704856639794222,0.08759380654106756,0.07814552587546024,0.07010970890613434,0.06235735655475484,0.05680954903208981,0.05093616214824063,0.046872089425797875,0.04272054762124591,0.04027303312000595,0.03658799308670292,0.033615664092807945,0.030824752454398648,0.02810673171774698,0.025260746953565255,0.022722523774582455,0.020419171279040953,0.01872810235826364,0.021489857635969875
0.1329044099857743,0.10034645049532098,0.0896448721133158,0.07982877474588791,0.07038686971977512,0.06311592543249861,0.056320786061980446,0.050754674984919416,0.046348237586330374,0.042351476285560366,0.039043422440572774,0.03604665791400672,0.03257247557265944,0.030135386660043034,0.026870881061674005,0.024325727981522636,0.02146928558294973,0.019388647133396348,0.017745104048051463,0.020399934193760672
0.13654985751780427,0.10284434000928987,0.09185078988014779,0.08208517429759413,0.07163969443073821,0.0632659523002075,0.05599477967093281,0.05092713879999939,0.045383753654471434,0.04203586404643007,0.038178478036204784,0.035097390960537336,0.03156627551701028,0.028536620254812493,0.02609843084751593,0.02343683450046046,0.02019180851935845,0.018279187955955078,0.016559436693062975,0.019478192107466784
0.14050806788984646,0.10496511421028927,0.09420685918899552,0.08278663168203522,0.07285544155808768,0.06441328881715296,0.05653212970813905,0.05026663225905724,0.045235320800201304,0.041463840754744796,0.03735736736908413,0.03398178854386889,0.0302952589626747,0.027448616990413423,0.025070003991068984,0.021944468041795624,0.019615543049849898,0.017092674545154386,0.015557154832639565,0.018403796804900844
0.14312838019255114,0.10822529502768076,0.09629633181184713,0.08432581540153174,0.07422998734225769,0.06466316341273189,0.056360515515323534,0.04999168936110364,0.04461055067571887,0.04114725173564498,0.03665471213225423,0.03284780023781212,0.029239065117052158,0.026060245739199375,0.023953818418932914,0.021040300205848135,0.018607840128878825,0.01645506501476737,0.014772160638257073,0.017390011890606426
0.1471078519733221,0.11049519291355539,0.09914226965944418,0.08691199530377886,0.07545857546894412,0.06479158125786626,0.05567829608844974,0.05002496462679879,0.04413076040817564,0.03973602898129966,0.035743283877317594,0.031557521530993615,0.028446913080028776,0.025117764445585892,0.02277762978016772,0.019896727799427964,0.01754861721490476,0.015487639718162924,0.013691462735708346,0.016254923136067575
0.15084666968101026,0.11226572500270655,0.10114184184885398,0.0881090513096474,0.07571468600941242,0.06592337623466028,0.05657466550338478,0.04924949212555802,0.04402586816280002,0.039177975762130085,0.03454660663452782,0.030864118909486905,0.027076553713692546,0.02397039999490533,0.021950046807236973,0.018931457647410953,0.016697765352455308,0.014613728849178803,0.012981843886720117,0.01533812656422144
0.15459694878210564,0.11567809348987623,0.10271733684128478,0.09002381228854074,0.07686422223530105,0.06566433421827454,0.05704450845996369,0.04898459756914233,0.0432009314947341,0.03845597112620832,0.03373328009900313,0.029933176069365817,0.026253962749754646,0.022932649558510307,0.020230105922531327,0.017902959754528235,0.015596492260608557,0.01360497687965171,0.012289495074498894,0.014292145126116053
0.15836068124481023,0.11807470703202524,0.10458412916152655,0.0905013439771881,0.07840316775343853,0.06640660350847111,0.057191667182664996,0.048935693906615424,0.04233250297294423,0.03714235361921228,0.032800029213443896,0.028881617281657296,0.025376004013673157,0.021951362791281064,0.019528552172194204,0.017172424414183124,0.014446365545918289,0.012833275382751686,0.01157423945815412,0.013503279367846484
0.1622463141699249,0.1208349525342808,0.10643582809240941,0.0922175254379773,0.07859561745088864,0.06626484047235726,0.05725388806496897,0.04879333180004917,0.04152715102584641,0.03638166086397919,0.031653329738046326,0.028049583237503076,0.02418729330404232,0.02128780008089396,0.01854692246076246,0.01596148813158751,0.013942311505182766,0.012191195247876537,0.010885788835047702,0.01274317754637523
0.1660604850403884,0.12373236724622387,0.10860872996629156,0.09380680476514228,0.07898744688977323,0.066711674661925,0.0564295664493922,0.048401027576905835,0.04134079451789938,0.03544696584305204,0.03076391563219593,0.026667237190550225,0.02334393556883609,0.020217147729235708,0.01751349843660608,0.015038058697398887,0.013313808738207193,0.011358179648462202,0.01049605466886635,0.011762300732647753
0.16921875519750107,0.12547817009945939,0.11101941509203835,0.09489587573834217,0.07976708859155444,0.0672915019966324,0.056403083731841434,0.04746615387296,0.0403777523985725,0.03447259917030063,0.029788710196051716,0.026319749474507898,0.022766836735502036,0.01929946001428769,0.016719123477577685,0.014384306991935852,0.01231877056230428,0.010926434272698331,0.00981763404206788,0.011268578343864293
0.17298691027009927,0.12826037094159057,0.11231225530905208,0.09690196543678567,0.08062640882666984,0.06673784948787913,0.05578044054257129,0.04702653537390754,0.0397943607387195,0.03369003835963143,0.028848024676711357,0.025100644599992086,0.021892672124016292,0.01847431486534584,0.015962352196780955,0.013825285719935146,0.011860639854470677,0.010217107604698064,0.009328113259777745,0.010373709811365529
0.17688004009150224,0.13035271352756214,0.11384816766342105,0.09806767179983342,0.08085488488711619,0.06752793837038161,0.056091742510113764,0.046231699161967454,0.039212524484114365,0.03306916574579521,0.028239530916776945,0.0239537240357725,0.020474173705602536,0.017851468572593922,0.015081740186197838,0.013055032542727643,0.01131130513964838,0.009532798042219386,0.00859374629477688,0.009769932321876586
0.17991249275641505,0.13273247762975693,0.1154031380710195,0.09785116189471656,0.08180395661586025,0.06815364768781608,0.055373358449691205,0.04565945439817845,0.03847666026125855,0.03268810820455411,0.027283249041952,0.02341789840506916,0.019862028456433475,0.017010384971870414,0.014712964556566281,0.012633443809517789,0.010692873575559867,0.009273367765691543,0.008155447728553861,0.008903885719518915
0.18295465130782262,0.13460776373146655,0.11724222861121505,0.09933041881584705,0.08274324616620957,0.06784068356960501,0.055404251153728955,0.04566445788553809,0.03774979041051121,0.03164446044324034,0.026615891540794568,0.022214117569046125,0.019192239741956264,0.016124575887183225,0.01400263032834897,0.012177504535184982,0.01007766257592192,0.008711975888130524,0.007499435568796664,0.008202014269452352
0.18719729738262875,0.1362722192403625,0.11870047043222937,0.10074195687178356,0.08368799924225682,0.06750071038423894,0.05522369210368454,0.04494837874530359,0.037468822025068675,0.03058125217061851,0.02520601142929309,0.021474126227386096,0.018350014207684787,0.01537902945726644,0.013412054431219017,0.011445079405171598,0.00968174786095413,0.008325703280396548,0.006957029646702239,0.007446405455750953
0.1894517904118949,0.1386407356382786,0.1208762768648579,0.10145798911439666,0.08423639023420303,0.0674029993009101,0.05448482753940862,0.044191004622199506,0.03700757952345108,0.03014450488494999,0.02447761570885035,0.020911152456835534,0.017415702853644018,0.014688778738829157,0.01272564586913605,0.011128627811154194,0.009055029265513723,0.007855687640942367,0.00668948571915522,0.007158175801389026
0.19179600537325853,0.14100231453743942,0.12271936075881516,0.1024308949754987,0.08378530930923356,0.06830408102773029,0.05425919035336112,0.04406923431065254,0.03588794359339821,0.029439402634914836,0.02417178030183586,0.01998574699015533,0.016895492643302663,0.013977094277984147,0.012189161405876527,0.010355505382718542,0.008657442152330623,0.00713754154500104,0.0062167718824694285,0.0067197265440235064
0.19330934662474245,0.1433452636752594,0.12421628365648178,0.10360336234002736,0.08389781914189758,0.068162055211438,0.054130775871303556,0.043793596683028874,0.03543027996395694,0.028832884895304955,0.023727307670495707,0.01960787402567124,0.015773571352056412,0.013490948273146015,0.011567495699405794,0.009863011109080713,0.00816482775568844,0.006899854441426851,0.005850698492114001,0.006332743117473961
0.19611048380365648,0.14388910674043173,0.1246698761710833,0.10436243777451264,0.08461406418063931,0.06810826644241079,0.05495213302907611,0.043733041044805514,0.03487304504487478,0.028309151812078638,0.02288543581069908,0.019126315573970577,0.01560027024090181,0.012743527840639758,0.010924598693835639,0.009291499537787266,0.00786627799851651,0.006474127898278553,0.005448913288261684,0.006017427073539859
0.19848372507442055,0.14587062233073753,0.12654724742263174,0.10510184323744849,0.08482135126668462,0.06803874435056932,0.05461864079931868,0.04354252952816334,0.034188599287514505,0.02762730995008194,0.022449747418696205,0.018100217082965366,0.014810127180078106,0.012211113577366702,0.010484209929774682,0.00878564198469557,0.007564058365250354,0.005917439208111565,0.0052011756168131446,0.005635656388677683
0.2010349247792134,0.14746262553181455,0.1279107259415378,0.1056850085326245,0.08491101691582978,0.06860701955819093,0.0543571434188693,0.04288646497691865,0.03393861228855211,0.027095211506853623,0.02187340259045762,0.01726971744036993,0.014242011969266822,0.011683011033430588,0.009841222406593316,0.008383205278430938,0.006947207826422039,0.005717251629849242,0.004866348429918449,0.00528786794485644
0.20264846059801228,0.1490829044323007,0.12948221902983126,0.1067408923763924,0.08565170666158967,0.06912872380766555,0.05324771571846893,0.0421170061947418,0.03366905886184798,0.026501914123287493,0.021169432560393615,0.017009184330151257,0.013550702631939186,0.011280188941984676,0.00953836035239379,0.007829574581575637,0.006400866036545356,0.005475667110909006,0.00453001310698478,0.004945408542984774
0.20441288119927756,0.15078208628649306,0.13119023928649462,0.10753195228416984,0.08607743369439294,0.06758904277542782,0.05393573861609002,0.04182287172087277,0.032877332465658465,0.026107267877324605,0.020450090618579882,0.016713744315707907,0.01307799799743156,0.010811354594511333,0.008937679881417769,0.007475836355262559,0.006179039678834551,0.005152605461007287,0.004275499345314164,0.004599305545731339
0.2065467761729444,0.15207526983227918,0.13276062808773087,0.10805248749173985,0.08651153277321501,0.06829824727020989,0.05288083325466501,0.04127568520091884,0.0325781176248466,0.025191163976210695,0.020148525756002393,0.01578715503949149,0.012604235501431764,0.01055571289216149,0.00859372541615532,0.007067560338588373,0.005788413732338965,0.004926209131816611,0.004024670379810566,0.00433305012744265
0.20786453273980737,0.15354968107413094,0.1328800153411359,0.10964825415986847,0.0873847450007702,0.06767704393915101,0.0526738531086234,0.04130632287432528,0.03174640599310277,0.02497650102641001,0.019413767412032105,0.01572623617175785,0.012222609942187804,0.010111631913335157,0.008330739801131092,0.0066064338460667905,0.005400834331450273,0.004542610948163936,0.0038132782561403856,0.004124502120409056
0.2098760581266326,0.1551520904778819,0.13350391188590935,0.10941650190329202,0.08730153740731075,0.06869139636567098,0.05275780884095646,0.04138677848572766,0.03136109740265863,0.02434987882426532,0.018746876306450454,0.015077027532509989,0.011913256405339905,0.009606045270374342,0.0075110095463218245,0.006255245447658685,0.005158219989752713,0.004168068072158502,0.003578691930733371,0.004188499778394571
0.21148174713913734,0.15576339633953973,0.13445073477594163,0.11049027440110622,0.08813701377891273,0.06854769726258096,0.052976380127853995,0.04069009139379063,0.03091505227323023,0.02344251514205041,0.018490644810424197,0.014524439952097911,0.011474841202700226,0.00892592284499469,0.007254372321006757,0.006102336560812266,0.004929896897508055,0.00412158842816178,0.0033666440131024434,0.003914410335047784
0.21406769623251792,0.157223219741776,0.13431482973833578,0.11035236789149501,0.08858444906288142,0.06839685255090094,0.05301777155702591,0.04003430838906089,0.03036700865092941,0.02330425603106606,0.018164281259670827,0.014128647033596772,0.01110467043367752,0.008878709476749944,0.007172715405314972,0.005697643183328388,0.004574451874786949,0.003806283273560706,0.0031716409118114183,0.0036381973015132477
0.21503136112790153,0.15730804556194913,0.13538587139975042,0.11140069237834312,0.08883010040270987,0.06894895083485757,0.052496722585507145,0.03982823993029115,0.0302935150368562,0.022790394624255212,0.01784483503026212,0.013916647695604734,0.010872381012191195,0.008589573504360726,0.006658450234325324,0.005316084058812908,0.004306561894070825,0.003714664761710379,0.0029798959077456896,0.0034870120184948244
0.2163630056242828,0.15807798021847264,0.13610984225950815,0.11184364399529716,0.08939988289938608,0.06899988855035402,0.05242842499674284,0.039384107280487364,0.029783740595455053,0.02270433350757151,0.017508582407594904,0.013639239065769424,0.010631668338411355,0.008093441894706772,0.006253737879851001,0.005260109346230097,0.004123636900192917,0.003365465365060379,0.0028286234085069047,0.0032006454661185233
0.21808265261611937,0.1591309205137781,0.1361957452951274,0.11262195638598,0.08977935661632029,0.06919779450760842,0.052457328994316814,0.03919236550670153,0.02960531477221733,0.022290285226527422,0.016894234903140976,0.013249272733549028,0.010227233500387562,0.007727696377632514,0.006061338295795821,0.004831183177001122,0.003924257591971353,0.0031114765313391434,0.0025466093849538223,0.002872977069532007
0.2192090838515405,0.15960414983963672,0.13822447715314096,0.11274515185495944,0.0897171490633062,0.06985406554111806,0.05270578640715793,0.03935290104530161,0.02896261850803385,0.02145965825772606,0.016442524093692908,0.012727115892819331,0.009740987900221917,0.0074072912337382266,0.005697795691757564,0.00465327823216204,0.0035209334786665937,0.002841840295476111,0.00244191243932467,0.002691279220219098
0.21982232267583307,0.16043226444413056,0.1385176814050949,0.1139285209775392,0.08947748426488362,0.06973834973552447,0.052939052910800345,0.03955988761752288,0.028599456922666414,0.02148922478065013,0.016143209178948688,0.012285162687761928,0.009139708998446107,0.0069658300764389195,0.0054653042645696984,0.0043383403179984605,0.003358917612343238,0.002737360895292806,0.0024124562477437182,0.0026494639858109276
0.22078415011716135,0.16125141550420174,0.13967771988544214,0.11401357001922889,0.09021270989457045,0.06927422668770446,0.052857514798096555,0.039083600227108044,0.029031559862104008,0.021079641520620092,0.015448993227537788,0.011711434764469513,0.009032563654557376,0.006675219814863028,0.005172667986235495,0.0040088961106179285,0.0032356622363868496,0.002751018692497593,0.002263238297191577,0.0024341966994049402
0.2227950910699384,0.1629424091653439,0.1387208798930877,0.11409780214953916,0.08979157124661978,0.0695243532873644,0.052941656261960165,0.039182346925330805,0.02885188508184688,0.020838169691874284,0.015274527396271878,0.011343744314010903,0.00854231630725987,0.006272626315228099,0.005014650245007307,0.003704912067158981,0.003104157908936335,0.0025457545660453125,0.0022069480433923316,0.002304198063783465
0.22421574592739896,0.1627048846122482,0.14016679316769023,0.1146773596622736,0.0900943425814991,0.06961058594019533,0.052620766658930264,0.03888651917274603,0.028437639177262435,0.02054962081056837,0.014930779894491876,0.011069885019978796,0.008116974764614008,0.006173981771307058,0.0045493322627792165,0.003776212371172821,0.0029638876169089013,0.0023820874550712283,0.0019335838262691408,0.002139017306594572
0.22604878660563119,0.16398695679438138,0.14004358186492752,0.1144713739261303,0.0907051483037562,0.06963065153320375,0.05219633786919171,0.03845080579419328,0.02807738132564119,0.02046936727911205,0.014515269329654478,0.010387533705399132,0.008098701950210072,0.005858468677494198,0.004493008089295793,0.003626073869693359,0.002859472001003324,0.002255910202545933,0.001879663886624444,0.0019455069919107047
0.22605704435041538,0.1656151073499451,0.14040275818837175,0.11535182573264384,0.09108290236640028,0.0702052969753957,0.05168939037768374,0.03805829807240243,0.027227707255916007,0.01997649271274095,0.014377056887635171,0.010476414355116752,0.007578749412317819,0.005590032910202163,0.004502429086350102,0.003250274251684688,0.0026829650524996087,0.0021422974455414514,0.0017693151543645193,0.001963642062372669
0.22787182758220775,0.165324615485881,0.14172718695833425,0.11496870288585406,0.0911126852829905,0.06992091875914856,0.05241835637649316,0.03723996125865489,0.027300737527386935,0.02001479442952115,0.014148740436122225,0.009749591742702304,0.007094743902783044,0.005583956820326041,0.004229890389576197,0.0031767276101040947,0.0025373073511388896,0.002035801265675983,0.0016283275712373729,0.0019151263638614714
0.22886141337140692,0.1663064619010976,0.14217404864409944,0.11643364369976003,0.09085466482149883,0.06974703124926536,0.0512504251147614,0.037273748830444625,0.026904866760805748,0.019352321009053968,0.013859133032318132,0.009890872844844476,0.007022817496077973,0.0053286274239377615,0.004178270797711199,0.002933879569885732,0.0024809462388510222,0.0018979317089378312,0.0015280622759821516,0.0017208332092599
0.2298459353232505,0.1677121074110017,0.14331291575278793,0.11630338841951625,0.09106857579144906,0.06896303043510296,0.05114219823186991,0.03678300036529021,0.026755548727049817,0.01883517885894624,0.013495357051590579,0.009691949034959685,0.006822931446157321,0.005189315966631601,0.003985269240839133,0.0029160506640286336,0.0022952140710418923,0.0019361949301480443,0.0014486187169690634,0.0014972195613695406
0.23046611211822562,0.16935871784305837,0.14387915460871123,0.11593342285075917,0.09021100312266446,0.06840248998412815,0.05128815784732005,0.037373264163625734,0.026444721944982822,0.018971009201910895,0.013228628236846186,0.009447901014826784,0.006734175549208208,0.00508275139172439,0.003682017808431665,0.0028359371205367288,0.0020979667427617004,0.001822207111151501,0.0014038672154701149,0.0013364941236562594
0.231515094590681,0.16939598155931776,0.1434678814348666,0.11648781709598392,0.0911592739568413,0.06868919310274654,0.05112201689091351,0.03697998606773585,0.026350764317749555,0.01859722450513067,0.013091632031684161,0.009081018464163555,0.006665570870609968,0.004774539961334054,0.00360673444947989,0.0026815694930377824,0.0020694891242241374,0.0016327361244824318,0.0013149552680395428,0.001316520690977685
0.23216524770228075,0.16964408862362546,0.1446434616879616,0.11696268478928694,0.09057496269732801,0.06902561659122541,0.05064699760510576,0.03701271425526312,0.025937895753137815,0.018206211678557547,0.012755006081275938,0.009007498150539792,0.006615738592905596,0.004803894524343911,0.0034089626722505735,0.0024889345855328314,0.00204694494251,0.0015344250373026719,0.00127424673679987,0.0012444672927664161
0.23395495694344656,0.17002368462659534,0.14531528104556748,0.11674188453235772,0.09046650730810837,0.06859305804064114,0.05080532426648882,0.03668377657867508,0.02571026485141928,0.017743902343572673,0.012692329969271039,0.008996401126467768,0.006413477538739941,0.0045615995967508375,0.003241960454657168,0.0024201211312892238,0.0019285829455034428,0.0013478164903234285,0.00113335556213027,0.001225714647994477
0.235571446454278,0.17072354008887775,0.14569068035300742,0.1169806596983163,0.09032828440883772,0.0681683044376291,0.05074795017838144,0.03633973837391251,0.02551949677661639,0.017595606183889334,0.012281717468861492,0.008728171746886148,0.0060946986292795885,0.004457970833072542,0.00332822181886462,0.002203167052638167,0.001689929273330412,0.0013566376666458025,0.0010593352944858235,0.0011344432621893969
0.23660164705219006,0.17017137737793553,0.14601690906755802,0.11679723841534657,0.09050642626011396,0.06850866284296621,0.05058310910076214,0.03656217794303292,0.025396492261235408,0.017530862650632598,0.01239674599122282,0.00845766624795998,0.005989280691147955,0.0043275058968728535,0.003154396263591,0.002156704893229794,0.0015724994283244113,0.0012655174682132714,0.0009741978530057604,0.0010305822946588268
0.23661007718454807,0.1716135514281958,0.14506062711662815,0.1173997007768534,0.09039293382661331,0.06955842676231791,0.050523640506550976,0.036238552210683145,0.02506150350241319,0.01727105986340902,0.012177067487965347,0.008587015718605045,0.0059046492265895445,0.004219171565037216,0.0029781466944606176,0.0019483933970590997,0.0014804659868416935,0.0011455614189937835,0.0009170751250414717,0.0009123802011931364
0.23754609369619792,0.17228242836303997,0.14526322709088518,0.11712807317393834,0.09053459296683758,0.06894177012314606,0.05076410670573287,0.03628489504097566,0.025119107989156637,0.01724639858760776,0.011694808081187514,0.0083031259195262,0.005955399457831704,0.00417738795084174,0.0027656217718761166,0.0018500084518152614,0.0013288131773190838,0.0011034314369964124,0.0008357906203632399,0.0008749193947248148
0.23706718427149204,0.17352232170809584,0.14630110825871892,0.11721557823555193,0.09093982843904576,0.06892649176632648,0.05093763696700269,0.035683426210005635,0.02492016780414501,0.01699956170559139,0.011617932502661075,0.008039571723749297,0.005481810782042452,0.004022916536221902,0.0027706467973201425,0.0017312629140316825,0.0012929685054160667,0.0009689437104752366,0.0007904952726817356,0.0007701458894245821
0.2384521167013155,0.1738646869177957,0.1468230317876713,0.11786670170646969,0.09127555832953997,0.06861387857769688,0.049806577158741275,0.03548875050252397,0.024279142087965545,0.01697553314468154,0.011542799398691952,0.007921498327005833,0.005332620023057441,0.0038590711636499616,0.0025607213193737277,0.0018020470127785792,0.0012154431674730522,0.0008791236294978834,0.0007383387066245567,0.0007023603374458175
0.23734355444305386,0.17542396745932415,0.14785982478097623,0.11789580725907382,0.09129067584480605,0.06791927409261575,0.04964486858573217,0.03537077596996245,0.024740300375469336,0.016855444305381734,0.011237484355444305,0.007784730913642053,0.00544430538172716,0.003685857321652065,0.0025187734668335425,0.0015973091364205264,0.00118116395494368,0.000854192740926158,0.0006648936170212768,0.0006867959949937423
0.23867319613928503,0.1741437892539155,0.14830135112505066,0.11894220039471068,0.09151747635570288,0.06824018818403349,0.049629939165723704,0.03497305731756369,0.024278933060385102,0.01663200036309627,0.01099618279393191,0.0075342476473083154,0.005283676787975255,0.0035965311785447675,0.0025432389752546767,0.0015400290164003694,0.0011738026039636962,0.000835747454022152,0.0005869013019818483,0.0005775108811501386
0.24117392991724776,0.17410049200645997,0.14764262553676274,0.11836949309563456,0.09210098025714537,0.06867433679281894,0.049133355033363794,0.03452495712157442,0.024074514566145448,0.016167044330658385,0.010968426455675601,0.007409830113799968,0.005142281257433303,0.003496000100153988,0.002320755661830064,0.001630632096848905,0.0011549006597643878,0.0007730635852623406,0.000561801269451782,0.000580580141968276
0.2398989582811639,0.17556624680723196,0.1486280487804878,0.11882105474032155,0.09183120899484148,0.06864138328241598,0.04894951670255922,0.034351993288926734,0.023956716081534532,0.01619390744728803,0.010708293684579557,0.007404404767866981,0.005067736765663345,0.00337431762407973,0.0021785946812240197,0.0015384759853758697,0.0010846020934541993,0.0007465442980918515,0.0005587344117794363,0.0004992612811138379
0.241269041647958,0.17604753508732135,0.1482999604187168,0.11936338277604036,0.09163614631620279,0.06871967846856415,0.049029163426894284,0.03431994505554677,0.023423358589216677,0.01586223836067779,0.010650963483528397,0.006990085905464878,0.0047857369706394495,0.003374578177727782,0.002113609234172571,0.0014205456584964428,0.0010231683487408301,0.0007212241724304632,0.0004881170104084695,0.00046152089125159785
0.24139311011097545,0.1761475462371676,0.1502037702578276,0.11881361469834653,0.09155983123101619,0.06807818149700402,0.049086199430662635,0.034354086582428084,0.02345351114835131,0.015605972258481047,0.010417529713564836,0.006901769760712596,0.004742914938618803,0.0032984675413598144,0.002149475293540163,0.0013834804616603955,0.0008691696459696948,0.000683142329656037,0.00045803364436892166,0.0004001932182882047
0.24141538615515007,0.17680441874212216,0.15026006399169295,0.11950120258093574,0.09175113924604898,0.06835632676422845,0.049319892784201624,0.033794244500811636,0.02321810032871588,0.015619477745215483,0.010128890404060939,0.006641562072880472,0.004485048275258107,0.0030916807671496796,0.002065811984524394,0.0012510594910064461,0.0008069333716991581,0.0005879979607730296,0.0004675834847636594,0.000433179348760982
0.24258076825036412,0.17655871502674944,0.14888193502884503,0.11991186216969815,0.09238521048458605,0.06877909713458222,0.0490919582830951,0.033994679827915424,0.0232167180386987,0.015284938846170087,0.010108639728017541,0.006616592619004056,0.004300550626863897,0.002896225367618887,0.001979817124948979,0.0011634944241406323,0.0007553330737364592,0.0005395236240974709,0.0004378742456443241,0.0005160660752236677
0.24286297187398873,0.17583955150963718,0.1493956917535492,0.11990488652512206,0.09246049054415102,0.06910265970668658,0.049066921803404016,0.034087018511483505,0.023493841230534485,0.015061196860192262,0.00989749193708503,0.006400305163548589,0.004308559118402518,0.0028437115516597175,0.0019010188272777437,0.0011771934020889318,0.0007378954658512295,0.0005049581259956507,0.0004815080582249547,0.0004721280311166765
0.2421788674302987,0.1759698173128468,0.15014605282282836,0.12056977011332573,0.09277519118150403,0.06857371486800544,0.04958762934934991,0.03415557399775255,0.022930840198363014,0.015083529086314175,0.00973216616106915,0.006273472775097406,0.004197944163904242,0.00275070056905118,0.001781703777680878,0.001142478474986598,0.0007580055545396716,0.0005501401138102358,0.00041729377950946853,0.0004251082697624549
0.24209316148407678,0.17596508790590001,0.1506944878933867,0.121031721203779,0.093026966151536,0.06838985171744982,0.04908183695176125,0.03456172182944378,0.022986923606331724,0.014801664268285055,0.009694675592817366,0.0062941875742976916,0.0038900707001188763,0.0026058937621222544,0.0017502971907651884,0.0011778139272977538,0.0006897954076205972,0.000469248576612651,0.0003879121566664581,0.00040668209973096427
0.24301187871209742,0.1768974679587371,0.14973272897780554,0.12093935604876524,0.09286964676461396,0.06907158487027196,0.048779306033135364,0.03413254141919351,0.02265551734917162,0.015164113785557981,0.009559237261644262,0.006059706158174432,0.0038762113160362606,0.0024851516098780865,0.0016051891216005006,0.001115973741794311,0.0007736792747733667,0.0004892153798061896,0.00035010940919037216,0.00043138480775242266
0.24352676791134756,0.1767981721534903,0.15110854637097088,0.12106668167977974,0.09278260230420007,0.06880384585911756,0.049457260325815836,0.03319305455859101,0.022138086234695625,0.014938047450820327,0.009589625938906015,0.005980223351333431,0.0037204370692526735,0.002447450194779503,0.0015841961963652625,0.0010384069835997379,0.0006912287451070549,0.0004738513795643382,0.00028305973498727807,0.0003784555572758081
0.24502072354231916,0.17739727311940892,0.15044260235179388,0.12092015028475342,0.09253858704825488,0.06844238980264188,0.04866281577614824,0.03379687802804399,0.02237548683132974,0.014647137150466042,0.00953501747279058,0.00578727580753049,0.003752430249495197,0.0023833636528447204,0.0015753643029950675,0.0009408425698442767,0.0006610903771497159,0.0004532298093934221,0.0003110094209285898,0.000356332401867932
0.24609928524001085,0.17748545092371984,0.14943873764793184,0.1206702339569582,0.09268288872397766,0.06870913564816623,0.048648986446900765,0.0335866890598758,0.022111471311955632,0.014906065695426315,0.009651993906964028,0.005796195758309569,0.0038370503456626177,0.0022887942819200865,0.0014935749716830059,0.0008686482052884428,0.0006280514002265356,0.0004015154474085068,0.00035620825684490087,0.00033902277076905055
0.24627848243612396,0.17740990811588364,0.1502866790678205,0.1199522696142054,0.09288682931857688,0.06922936355841271,0.048378556936758785,0.03355027543368897,0.02227209755990898,0.014651791529418383,0.009260257113092588,0.005781998959802456,0.0038780938458102374,0.0022428283377299648,0.001446280669037568,0.0008965065918224231,0.0005872586733889045,0.0003857789689549453,0.0003482943727811854,0.0002764488967814788
0.24614550353022807,0.17797725276682985,0.14984169450947174,0.12137639826098374,0.09227194164106375,0.0692137233513882,0.048580876446705896,0.032905038584033174,0.022395616828826913,0.014564730224315599,0.00922328731587024,0.005789949085953786,0.003817772096352254,0.0022284662338920647,0.0013423930539363845,0.0008235636081775022,0.0005625861460036068,0.00039693578079143396,0.0002609774621738954,0.0002812930730018035
0.2455949253540079,0.17917694842995724,0.14968424112382347,0.12087134134620643,0.09311956642344664,0.06882621462852032,0.048055359774460175,0.03346059538637291,0.02253991720413135,0.014283771978489953,0.009146927504387494,0.0057588292932971,0.0036928395169772157,0.0023129083728845876,0.0013205456588428895,0.0007641974286084884,0.0005141532801885332,0.0003750662226299331,0.0002609835799133285,0.00024066749285420714
0.2457085840829757,0.17914315562951194,0.15008382649167365,0.12164694033305389,0.09408272548700694,0.06789163862024096,0.04822369161860197,0.03307392996108949,0.022067011147672254,0.014392820949116066,0.008908128667409008,0.005764635229647053,0.0035360391357113366,0.0020612558960051036,0.0013027512605252292,0.0007882192500656854,0.0005067123750422262,0.00036908679169742373,0.00022364157293530348,0.0002252055000187671
0.246145546659995,0.1775753690267702,0.15176695021265948,0.12142544408306227,0.09367963472604457,0.06887196647485617,0.04834563422566926,0.0329246935201401,0.022060295221416056,0.013971416062046537,0.008989554665999495,0.0055807480610457864,0.0034604078058543906,0.0019921190893169875,0.001199337002752064,0.0007599449587190385,0.0004769201901426067,0.00032993495121340995,0.00022516887665749303,0.00021891418563922934
0.246399627663479,0.1781967604848497,0.1510961593425387,0.12143418280411257,0.09361358528521072,0.06858707348804663,0.04875515593934539,0.03300738269603503,0.022065311948972408,0.013979799494284536,0.0089585666293393,0.005610036843198534,0.0032735627013764264,0.001989751374787007,0.0010792136577533929,0.0007715362473663906,0.0004669824655112364,0.0003373518814395553,0.00020928311163379828,0.00016867594071977776
0.24629060171122433,0.1781027078490258,0.1514525708228916,0.1219524778045803,0.0933122179161084,0.06871004707195555,0.048325748562906175,0.03315360215364749,0.02191636481312699,0.0141231499908545,0.009020431198497946,0.00544977871021904,0.0033080125504370297,0.0019494762052906312,0.001142796396204853,0.0006941198357249723,0.00043460656380977993,0.0002829632663653603,0.0002126132830148563,0.00016571329411452037
0.24677978493884511,0.17826829371173425,0.1513629965458361,0.12178310474818657,0.09332023115246593,0.06896610982397981,0.048273933481956646,0.032679422025099325,0.02184356433478051,0.014100987819033682,0.008901775824601582,0.005574155167107484,0.0032291980746668074,0.0019840742887406128,0.001177946467488522,0.0006936448694494743,0.0003890035416507185,0.0002983922749208323,0.00023277721970263888,0.00014060368975327183
0.24760716747717376,0.17924633005222573,0.1517187907891384,0.12110554099196061,0.09332476712577159,0.06762145491095366,0.048380314604914945,0.03260473673761926,0.02169532750893746,0.014052957295579495,0.009091434886661883,0.00545704937918443,0.0032357754840767034,0.002074335298246272,0.001120797595209176,0.0006534078030647642,0.00040017319996310893,0.00023447648435338431,0.00021102883591804581,0.00016413353904736895
0.24769223318716307,0.17940201930572502,0.15238525216326287,0.12119896082146973,0.09205290874694008,0.06821366585379952,0.04835960701179935,0.03307343455377966,0.02153967765469342,0.013758336314540518,0.008874884592131793,0.005467716259894609,0.003202519523652556,0.0020058707650584796,0.0011466582099321839,0.0006748724069355635,0.0004046110032322013,0.00022183305968715293,0.00017496692031662754,0.00014997164598568082
0.24936304836455828,0.17895449273640673,0.15138034843989828,0.12079260229521419,0.09319188578323948,0.06804675459464868,0.04793002441517679,0.033029263824585875,0.02161258960307362,0.013587780532257109,0.00884073239278111,0.00540353816864291,0.003341846862759197,0.0018928795840979357,0.001112906906587721,0.0005892779547522058,0.00037357408802593436,0.0002438391536905682,0.0001547440783036298,0.00015787022129966274
0.24822358183397591,0.18030097554573687,0.15187516014323835,0.120782373932118,0.09261747483017009,0.06813665139707398,0.048421065788404695,0.0329348240455463,0.021674801422384437,0.013803565960265728,0.008283701949216628,0.005255822964384144,0.0031263084874353954,0.0019295307256285421,0.0011155343628330202,0.0006093254923037504,0.0004030922487547886,0.0002249817202352308,0.00015311255960453213,0.00012811459068950648
0.24877680831692262,0.1808605834776593,0.15115572678590675,0.12131344159991754,0.09235507150185919,0.06742585498482821,0.04852475196499323,0.033001578865996285,0.021701208589905572,0.01380375523360501,0.008459660832722971,0.005102032848533496,0.003176472241786695,0.0018224892360693583,0.0011384701397554086,0.0005934412251125589,0.00031233748690134687,0.00017959405496827444,0.0001561687434506734,0.000140551869105606
0.25011481827469534,0.17995850920576995,0.15148826354152664,0.12104814244339543,0.09237950329770585,0.06716947177345027,0.04811901109441343,0.03313952216851886,0.022171643166672403,0.01332048201805225,0.008402823123619447,0.005222278806889722,0.003099312340074545,0.0018261573213443271,0.00116380428092517,0.0006217370520915669,0.00032180359982628864,0.0001624639533103593,0.00012497227177719945,0.00014528026594099434
0.2496244288351204,0.18017733830138774,0.15062980395341355,0.12087613491203361,0.09331967430718441,0.0669687893334666,0.0483932425299598,0.033134590338529384,0.021959591353586588,0.013734504761399096,0.008478070079549253,0.005247064923058663,0.0030998285334141217,0.0019504714550298424,0.0010181804553078121,0.0006137192008220402,0.0003185717988999905,0.00019676493461470005,0.00013586150247205475,0.00012336849075048647
