0.09905422446406054,0.10239596469104659,0.10119798234552332,0.09596469104665822,0.09583858764186631,0.09955863808322826,0.10220680958385875,0.09949558638083227,0.09936948297604033,0.10592686002522067,0.10018915510718787,0.1013871374527112,0.09432534678436318,0.09401008827238334,0.09684741488020172,0.09457755359394701,0.10327868852459014,0.10226986128625472,0.10416141235813364,0.1054854981084489
0.07045718781928577,0.06033986682481709,0.06262991626639734,0.06261817242310717,0.06035161066810725,0.057491984826954466,0.0565935808152576,0.054925955068055574,0.0523246937792862,0.050786250308275875,0.0485549200831464,0.045360594708224206,0.04253032847529682,0.04154971756056885,0.04261840729997299,0.04018155981726579,0.03967657455578911,0.0380617961033928,0.03611819003887213,0.04020504750384609
0.0789200830929193,0.0639349808820801,0.06521921032622337,0.06441156461347604,0.06175943071891382,0.05876895875549799,0.05587307592961114,0.053737544247707124,0.051951264765910075,0.049284578696343416,0.04649783718298997,0.04323087389448946,0.04169561943151929,0.040476874774896046,0.04016400301230022,0.039865683424708864,0.03711168430511546,0.035761970073452116,0.03364462861030367,0.038021195242893976
0.08490551640147366,0.06763566660460346,0.06777912417626356,0.06521520161893396,0.0626238084627758,0.059946951221373335,0.055740897311849294,0.053460837609081185,0.05096101311568479,0.04773169160895296,0.04553099141391171,0.04246954578890981,0.041273048595489324,0.04015285862103697,0.03881595614471513,0.0377446027904024,0.03584913147123372,0.03446644466353095,0.0320185090790329,0.03573619678716086
0.08905761961232335,0.07119345025684999,0.06969007036577723,0.06689769147062571,0.06333462685514094,0.06063451315186037,0.05692762338434148,0.05436319378675343,0.05027910220540945,0.047152940410254446,0.0444908182565678,0.04240399671101728,0.04000781540448789,0.03966317777602896,0.037370116389825854,0.03598342482964861,0.034330792422314065,0.032281962426357454,0.02912866381006396,0.03481925520280702
0.09313954725515085,0.07353577941245602,0.07122479630440645,0.06794636737703416,0.06411369838948724,0.06132022951476777,0.05738611480192103,0.05366478868360564,0.05045069119178932,0.04682833651279083,0.044042290496020105,0.04202822170592119,0.039618267158554724,0.037888741256491915,0.037104392599905486,0.03466474662074392,0.03272985498209854,0.030750426195760548,0.028835328844978563,0.03272738069611563
0.09715278191491797,0.07575396516247886,0.07275460215477536,0.06886161686059034,0.06472345827242189,0.06144455188279342,0.05723077910115346,0.054045817618565334,0.050638596233954884,0.04757278438956433,0.04368896445216373,0.04205982228373195,0.03854032527851228,0.037291545416634195,0.035158308625059,0.033678103504374175,0.030701653888631754,0.02906334636341556,0.027624385348260647,0.0320145912480008
0.1007601373151279,0.07889382167961524,0.07427363222603653,0.06954374553682814,0.06493000886181591,0.06093143707680529,0.05813093117896565,0.05380756953944366,0.05068872656565918,0.04803663457484794,0.04361648125682919,0.04115367077063384,0.03804773335398222,0.035978542360340364,0.034429875504392186,0.032029441877672524,0.030046287931583347,0.027830833957101935,0.026043414294195086,0.03082707413812388
0.10489394744370427,0.08177489885160813,0.07592668274142793,0.07076096285095425,0.06551759368997508,0.06164126037026442,0.057231599166292044,0.05423597204626262,0.05065593199558624,0.0470534145245004,0.04342841963300503,0.040704564959744984,0.037279823450079685,0.03513220810004497,0.03326249540234582,0.030301606113858345,0.028593322162736527,0.027064857574890678,0.025209448690179416,0.02933099023253913
0.11006411769333647,0.08342183935174259,0.07897097002596178,0.07109196758712924,0.06653882464007552,0.06186964046888522,0.05729879631814965,0.05339863110691527,0.05002360160490912,0.046965226968767204,0.04254582644953189,0.039821807882936044,0.036674927228384856,0.034472110770199044,0.03221225710014948,0.02977735819369051,0.026937298402958068,0.02574148375422862,0.02372551333490677,0.02844780111714263
0.11348496565876218,0.086672383825545,0.07959165703172257,0.0724152188727498,0.06775216116262511,0.06209561948223981,0.0574708463181752,0.053204033659772894,0.05007235779205367,0.04616541986661664,0.042555187173145693,0.039046408526734085,0.03626503625546511,0.03392776471849373,0.03058743807474675,0.028405218949318908,0.026029662866287388,0.02466864725384951,0.02276590531466069,0.026824067197035235
0.11704305558685868,0.08958957830917987,0.08232850263321989,0.07442696477270162,0.06802985568001683,0.06206472987896955,0.05763220566912334,0.05327105261180855,0.049755084255523746,0.04592921484219461,0.041996288700068364,0.038390167309007045,0.03477841135327217,0.03280255734108649,0.029465016866130254,0.027325760478412113,0.02492919230393594,0.02304912589120031,0.021788861592553357,0.025404373924737236
0.12187471032091808,0.09234134856041082,0.08414690669089155,0.07587274513802629,0.06849960140158323,0.06359035206436903,0.05682901054895345,0.052453697695544955,0.04916108937874265,0.045076846066853304,0.041444965609299375,0.03706965275589091,0.034184912586440235,0.031038766013459645,0.028456219062274052,0.026542946661970004,0.023991916794897938,0.022369713936113013,0.020949591204879586,0.024105007508481803
0.1259207959350878,0.09531638640179585,0.08666779335961468,0.07762975645062331,0.06930263829849773,0.0635069052806384,0.05706638548329618,0.0525161380394808,0.048575774387085144,0.043928165976567235,0.040616056109308796,0.03675100943115477,0.032571835860432136,0.02988063178082393,0.027626633551691322,0.025306503345175854,0.023208650062641688,0.02124673473361672,0.019474030339881626,0.02288717517258609
0.1289753488236324,0.09783116352384848,0.08933862163582228,0.07925521046178996,0.07033940977289975,0.06342314203981553,0.05713446494249522,0.052354559518944466,0.048247854515733546,0.04386566641368438,0.03951084418238075,0.03571611010566874,0.03183015645980501,0.02916289625780839,0.026626992235390272,0.024355624963512165,0.021931008815459157,0.01993877342518536,0.018470138361842494,0.021692013544281633
0.13327910612253047,0.10121847816416683,0.09089473082181457,0.08179472700896381,0.0718958401798213,0.06417935649973038,0.057501420740818744,0.051825720038709534,0.04704331580027199,0.0432976438397949,0.03893465318491055,0.0344954055148347,0.030542750227409318,0.027950011710898767,0.02540447991807817,0.023183948261430835,0.02062752260929718,0.018759225737105756,0.017393862036534365,0.01977780158287776
0.1380870049590005,0.10359464239855028,0.09253364777713075,0.08259213577027276,0.07386415015173599,0.06494265138334775,0.05771213200852179,0.05187418389898251,0.046010916311892566,0.042321506725938346,0.0382740073860533,0.03376894891614551,0.0292928269920099,0.026663218394962135,0.024360954471962303,0.02217624526616197,0.019528551328006596,0.01762778197759588,0.01623159364408773,0.018542900237641383
0.141331915315494,0.10591331464674231,0.09567835029246621,0.0843834776887511,0.07472353158544609,0.06555568574080918,0.05766585851666921,0.051209070507331915,0.04620695249339811,0.041174190873613147,0.037122024641064226,0.0324407632060422,0.028875289537011167,0.02584698025289988,0.02315935576325111,0.021007093093472012,0.01854478923508152,0.01640334195560282,0.015091074599154599,0.017666940055699264
0.14542564458501833,0.1090872147489899,0.09767088088640666,0.08606214700440362,0.07604655720843755,0.06544118043705374,0.05726867493926811,0.05137440144713582,0.04506116342673426,0.04093085646778739,0.03575403725367851,0.030902679754663015,0.027561752314644156,0.025003011869462882,0.022557553678706353,0.01986934779989679,0.017654050380034987,0.015929642729347118,0.013703556523349628,0.01669564654498114
0.14943219964743598,0.11147053649324493,0.10060639569742683,0.08767605760220587,0.0769142393485824,0.06553130531251457,0.057054690501236856,0.05046116949280331,0.04529836894277477,0.0399506697638683,0.03471606392107161,0.03008462253752725,0.026898262670941468,0.023792683758719856,0.021389001583306706,0.01892248977672144,0.016610359349587666,0.014718289885147439,0.013294749956019255,0.015177843758863468
0.15287853243488742,0.11391402654129988,0.1022522659719896,0.09005301451762882,0.07754560162250582,0.0661669195859887,0.05699195017817824,0.050405895200027216,0.04373025840770116,0.039084545524582154,0.03411454647414938,0.029633664129112485,0.025853311570924617,0.022814696434106312,0.02018815764249331,0.018014902830606153,0.01569831711603891,0.013860098289166517,0.01263820234381859,0.01416109318479474
0.15669304717192042,0.11627453610552199,0.10391951710261571,0.0903322155153141,0.07871763916834339,0.06692421193829645,0.057636485580147535,0.050196288844176165,0.04361815336463224,0.037968253968253964,0.033196512407780016,0.0283890006706908,0.025110663983903422,0.02197361949474626,0.018924211938296444,0.016828079588642967,0.014867873910127432,0.013093673150011188,0.011864967583277439,0.013471048513302034
0.16018696698596138,0.11900741685740372,0.10559417943756243,0.09282060353314717,0.07859081496093238,0.06737887080088124,0.05764458047674437,0.049248576395775366,0.04311818907894103,0.03719863991523591,0.032318987405100495,0.027255298201979382,0.024098086197069345,0.021337535802283845,0.017939110656081877,0.016220243678875628,0.014140450371736255,0.012223252589467739,0.01105649569121859,0.01262170096360183
0.16377850767251792,0.12265502482573813,0.10749375119311624,0.09319062919820803,0.079908011853554,0.06749068254276933,0.05705727136324794,0.04870233556405184,0.042061918941244274,0.03614406242919358,0.030982663909638965,0.026804303960521463,0.02329319705195475,0.020670571464763143,0.017448488600499194,0.015107750661454724,0.013284401443692945,0.011421802047075238,0.010585059597828399,0.01191956567892997
0.16745331381426093,0.12463736071709412,0.11098411430425859,0.09417476939975285,0.08034856165714784,0.06786324999687958,0.056570836580073044,0.048038672013608674,0.04086701770089815,0.035280545059992625,0.030319942797943724,0.02607793245235984,0.02216579680788275,0.019016830742182404,0.016802212478535854,0.014337959305943632,0.012706416865334441,0.010932225905327745,0.009922987630590262,0.011499253769932896
0.17089986521277126,0.12730261515750135,0.11191975524350843,0.0962266707554503,0.08017165759764942,0.0673811340669372,0.05658032676988468,0.048313020161031506,0.04057701770776133,0.034386789425264415,0.02923955755557298,0.02489641351865984,0.02145719970617811,0.018483322754794217,0.015915946969426834,0.013785381647542092,0.011667296624614007,0.010642129210318,0.009326349120317212,0.010827550794816752
0.17424557807879937,0.1289482392374121,0.11378152097721701,0.09675387752052175,0.08141992506484773,0.06754838227602185,0.056133758890988227,0.048195471867294316,0.040422639951893484,0.033557142501325424,0.028358649743989345,0.023861117337916266,0.02048440985898955,0.017538241479061918,0.015531431133314117,0.013035371811430985,0.011000096070708044,0.009840131225470835,0.008957703981241308,0.01038631099155645
0.17637944866524483,0.13118615063602548,0.11549141441183429,0.0985959588233306,0.08253300199408357,0.06771523561671616,0.056328858356028425,0.04695968962738564,0.03990301745223362,0.03348317125104284,0.026842748455519136,0.02341669586934751,0.01977006668884291,0.01718896476644674,0.014561612912980753,0.01229714513406254,0.01020166748789942,0.00930690920604878,0.008305420314037028,0.009532822330889795
0.17955147699585616,0.1331537107186683,0.11720286684806773,0.09922993473118853,0.08258194170268013,0.06847178502196374,0.05648864464955805,0.04681747852531612,0.03887317932027958,0.03219513062654503,0.026697967241103338,0.022239413825606003,0.019301428088708678,0.01634921481797649,0.013729570150634017,0.011294883423144638,0.00988813601522346,0.008829963186256201,0.007912287253908124,0.009190986857315621
0.18219152543877565,0.1345205649707483,0.11794607743046619,0.10071819820139734,0.08395372992551692,0.06913878359063591,0.05611711335813145,0.04572854061060163,0.03816482160453822,0.031666415134540084,0.02622977015882035,0.021748355423772448,0.018365988121765233,0.015445256252052949,0.013142405653258523,0.010850208179824754,0.00927887218912848,0.00830766226041565,0.007803414326678091,0.008682297168931933
0.1858624013291608,0.13648748675365618,0.11924993299169451,0.10146211235029634,0.08506238428863803,0.06889518835990292,0.05582723750051033,0.0453828171179151,0.037196265995459436,0.030738617907104304,0.025594510111597683,0.02111427268031447,0.01727127979650775,0.014756027641147893,0.012510583762156902,0.010373418204603429,0.009042127367256991,0.007922068009436189,0.0071925206305703425,0.008058747202070423
0.18637284853814956,0.13894715564641824,0.12149786250148499,0.10293150252581222,0.0844608911356314,0.06910210877393937,0.05607675490312548,0.04540965323053954,0.036829516097287664,0.030715791601430543,0.024461990471242617,0.02047423919769777,0.016814515485560583,0.013736375774189376,0.011762891039882829,0.009863877427625596,0.008645742645533418,0.0074878940098621035,0.006780418350393723,0.007627970644192937
0.18878129897389714,0.14016550961217988,0.12286819506591311,0.10385834532935283,0.08542111346697963,0.06922116877867522,0.05581162822031076,0.04489820520639061,0.0361954772051993,0.030272516469411925,0.024438196271424417,0.01955410263865153,0.016219445606620378,0.013044341542629003,0.011041065388351926,0.009337394251838408,0.008333983363943864,0.007225976641445478,0.006265113211694876,0.007046922755089735
0.19110823485607403,0.1416813680729781,0.12469747608620488,0.10540154785861827,0.08528293188890168,0.06983448728291414,0.05612184289146372,0.044435776278579094,0.03532592796163154,0.028811801313818133,0.02343418941321441,0.019352665313250764,0.015311920993608213,0.01301584205813778,0.010572601306726,0.008712688717298606,0.00789000097516866,0.00666838059946277,0.0058403737555518115,0.006499942376397372
0.1935382657266792,0.14405065579902188,0.12473387801553212,0.10600030844446491,0.08738373504974994,0.06969604038849818,0.05552532169516821,0.04340380875734107,0.034845361190241106,0.028678244561007312,0.023168788256420166,0.01834890032457576,0.014936511847635524,0.012215464412776695,0.0100935792143884,0.008423724697361025,0.007159811458889136,0.0063071575069887495,0.005357006741461496,0.0061334359117990655
0.1969624026082062,0.1451221800186199,0.12639605229156123,0.10616369255167385,0.08697383651984295,0.0692194142863717,0.05452701482868603,0.04359046064858245,0.034809712099060856,0.02803078306365114,0.022646578853281314,0.018041155002070854,0.014382657269383666,0.011402052440237455,0.010056886365325866,0.007954179395595644,0.006853267160602211,0.00598952894408003,0.005122250816834399,0.005755894836332228
0.19959969021963989,0.14659577552947337,0.12821582779606833,0.1062412255420272,0.086959519911168,0.06951846128275946,0.05434240631442707,0.04348064403195407,0.03411650712035109,0.02718888468461459,0.022381277384265565,0.017411000031826745,0.01356880412757576,0.011095158444167044,0.009298715260219038,0.007783408361947936,0.0063582772534222605,0.0055643766731145305,0.004913696464755411,0.005366343566222628
0.20141016479045645,0.14833263756712964,0.1292073218189923,0.10682369756104462,0.08734460238730359,0.06990504560216798,0.05478805074612082,0.04305495609597328,0.033877917795812666,0.02634418492758134,0.02126214347878385,0.016993794708874906,0.013501991778166153,0.010328590330500738,0.008860405714245286,0.007317927418613045,0.005948801041526628,0.005152797333918249,0.004581443561568235,0.004963525341220258
0.20380758086557146,0.14941811438299618,0.12937253938312876,0.10836702547992524,0.08801031006203364,0.06972727481654206,0.05410661155709868,0.042861360426120945,0.03316120432555894,0.026280758263341468,0.02075801584341151,0.016205819386523025,0.012963594803247875,0.010048421227555017,0.008476808547875846,0.006929945674175876,0.005704830278205498,0.004774944710701286,0.004249895255285411,0.004774944710701285
0.20581810592299243,0.1511037845811526,0.13115589177410314,0.10885380094203301,0.08775091842022878,0.06985123095726183,0.054286285337290595,0.04164684199634577,0.03264747343788968,0.025415079956064405,0.020027486278969817,0.015812569754834416,0.012535087455538205,0.00995625896532024,0.008010640762823835,0.006531970928926562,0.0055220182074488845,0.004572202775866549,0.003949604951067698,0.004552746593841584
0.2082564963020982,0.1525678449621723,0.13139706961390832,0.10906644554103583,0.0882846438504149,0.06965103758723173,0.05469500045085581,0.04153708245003899,0.03208502256931245,0.025171899835747018,0.019507028930799815,0.015120466909834132,0.011877841054755117,0.009604113219623367,0.007553161206596285,0.006089205804194199,0.005113235535926137,0.004490877683697231,0.003857911458987149,0.00407361503277103
0.2105907062592375,0.15406945907911207,0.132967250560439,0.11003344954634493,0.08808262674407916,0.06917267179135404,0.053372534598711524,0.04111005820079627,0.03172403063497564,0.02468760386685242,0.018851612720728113,0.014742905230999878,0.011668446399400317,0.009274646941099095,0.007301618731745953,0.005889029538848853,0.004879532130658312,0.004039757579186322,0.00351998133048576,0.004022078114944804
0.2130348030300354,0.1550350502357283,0.13321561633676476,0.11024844172125792,0.08835837762435328,0.06919817067787333,0.05335052001483232,0.04114209030070807,0.03159995055886143,0.02401603305493263,0.018399166563664283,0.014592198894637401,0.011035968428301523,0.008966503628626417,0.007073614323804141,0.00562922677590804,0.004523864178129358,0.0037486977557254593,0.0032154397612699304,0.0036162661345858415
0.21441610671901865,0.1562545240121323,0.13486058098025852,0.11077959542531896,0.08857530251296737,0.06884089954133138,0.05272570627553308,0.040669324284720594,0.03123289702730473,0.023632556645045568,0.018288484557450104,0.01380419545850973,0.011050065145774703,0.008440703221273186,0.006595789005370553,0.0054694203261878935,0.004445448799658206,0.003536232702825808,0.0029200843187588052,0.0034620830405598657
0.21609672726245455,0.15815641905730465,0.1357790584346794,0.11089276381767586,0.08903978982160261,0.06880941282822718,0.05262052064353009,0.04039189513679959,0.03058745427066118,0.02335550941424072,0.017664943429806346,0.013648177182648978,0.010187578569713402,0.008132406740398605,0.006357967145500517,0.004901337627300592,0.0041244685509272995,0.0032840374592143745,0.002856759467209062,0.0031127731401048055
0.21706042026269068,0.1601029301197674,0.13607354773578445,0.11137879060639112,0.08890606744111344,0.06910366785622257,0.052716387985838276,0.03964715724376013,0.03021366118482592,0.0227886438003664,0.01737916476937794,0.01322454367999887,0.01010946032283912,0.007790355772523022,0.006058969498656897,0.004848234550774976,0.0038210512567993533,0.0031397922336471353,0.002647379623648513,0.0029897740549737206
0.21946020346041523,0.1598531838113977,0.13669963560645498,0.11242731981048008,0.08931965166447561,0.06897890399597667,0.05269501230820813,0.03985388965845825,0.029543228720916904,0.022278297849813403,0.017190905160624315,0.012599370031498422,0.00983244955399289,0.007363749459585843,0.0059202922206830835,0.0044344841581450325,0.003495707567562797,0.002812800536443765,0.0024687000944070433,0.002772214330459947
0.22111360193025748,0.1608900631601969,0.13705815641364372,0.11273239724783105,0.08937141405821467,0.06897530914279566,0.052196673198452816,0.039972062063139024,0.029982133124974636,0.02206285683041989,0.016096061350580546,0.01243273465485888,0.009455510070179958,0.007146750010141612,0.005421794060013652,0.004271823426595012,0.003374070278726778,0.0025856701665517286,0.002247028507630902,0.0026138903047951308
0.2223602177663774,0.1609678819291306,0.13762997357306928,0.11344527437787334,0.08926057518267748,0.06940862244771949,0.05238459828595422,0.039439283332686474,0.029253095196931804,0.02170783599072764,0.016073148615320564,0.01235256136587363,0.00898833192789576,0.006940156585739337,0.005377121828503684,0.0040892940939867275,0.003313069158113491,0.0024415802528376315,0.0021681373777004695,0.0023992407108809097
0.22341258642585018,0.16384048257372655,0.13855651192323976,0.1139498377310569,0.08947192041766612,0.06810533370960917,0.051463948073938205,0.03871701707351489,0.02883977705658248,0.021377169465218004,0.01583180471285452,0.01186503457034006,0.00894419359390433,0.0067147594186538736,0.005026809651474531,0.003961478763933964,0.0030866375052913783,0.0024111048398476093,0.002132425567941301,0.0022911669253562863
0.2251828953420949,0.16393520631793035,0.14046679508848242,0.11381368732166493,0.09007738794961591,0.06721172504102037,0.05153498143288433,0.03806126531324407,0.028389093427752157,0.020838877619179384,0.015696130250034808,0.011566775525598297,0.008798010578056787,0.006314757993024335,0.004883671336497469,0.003872041113780202,0.0030014046503266654,0.002307010385952791,0.0019245648139499232,0.002123718498909942
0.2253838424791553,0.16521355920252428,0.14089619066086131,0.11493063512489206,0.08911844030390101,0.06851169595797561,0.0511078989582048,0.0378748082991063,0.0280667736078549,0.020820039133423823,0.015083995839870263,0.011170653457667153,0.008360803116571766,0.006294840381462746,0.004674857656577765,0.0036277741543126085,0.0029297184861358377,0.0020800648698196685,0.001891448818064834,0.0019619594916180432
0.22710726027518008,0.16507452425233354,0.14138894520197792,0.11582064819793216,0.08999145020404928,0.06794531656280572,0.05133932112857305,0.03727358465620124,0.027509188827091392,0.020179281288286787,0.015088186297409503,0.010778031431517903,0.008042096727279137,0.006069473702766782,0.004549901721417679,0.00341991838029845,0.002751800304972103,0.0020766308515420486,0.001637682564586217,0.0019567574237790105
0.22823694833604394,0.16519391823911564,0.14224899697462523,0.11571133308547697,0.09056742074910182,0.06852817369210244,0.05086400262187398,0.03736346608919659,0.026946450690973036,0.020090461700024494,0.014755089131380905,0.010661935076903021,0.007710564848211468,0.0057899716844659254,0.0043081195278512445,0.00334253690974798,0.002380478315798376,0.001927641212052868,0.0016774354971428975,0.001695055617911205
0.22838146847110302,0.16707302893745665,0.14127665871558992,0.11618320126559531,0.09101222962521886,0.0687709420440492,0.05070837399892183,0.03757148041533513,0.026907994179388984,0.019711506276887735,0.014521578893590634,0.010360476218998728,0.007409651926051461,0.005581021707496678,0.0041152988348207836,0.003098805929130889,0.0022549582656552244,0.0017599244588981007,0.001471007931111025,0.0018303919046998261
0.2298717542190748,0.16689567698974736,0.142018109431702,0.11617517528097802,0.09053658880315682,0.06855864425888736,0.051386393263573256,0.03704330056724095,0.027074305041750343,0.019982031497727502,0.014045379276327381,0.010028890533065568,0.007236726209350664,0.005249621252157983,0.004058767572138251,0.002929570517563331,0.002175598069266815,0.00160131064369517,0.0015079448965930314,0.0016242116760032416
0.23093555606463786,0.16815690697305577,0.1433168273212681,0.11566426419017746,0.09087352635381606,0.06839656721941248,0.05111812078171535,0.03688476923890249,0.026856045253493582,0.019571078647329376,0.013428022626746791,0.009723862054381732,0.007008299998237792,0.005108640104322694,0.0037394047262410347,0.0026997021868997483,0.0021692776710663117,0.0015384073166863441,0.0013057959011049034,0.0015049253705041673
0.2312566053688438,0.16831536673007833,0.14386669484957376,0.11704889734376102,0.09041781159726622,0.0686782216585641,0.05135630240259281,0.03674170365673219,0.026259423659550484,0.019004086521524695,0.013506658211794547,0.009337349397590362,0.0065754245050376955,0.004891495807792573,0.003621503558092018,0.0026967519199605438,0.002096103713098006,0.0016187557246529986,0.001294652293384063,0.001416191080109914
0.2308721665240465,0.17008074768198167,0.1437893306006599,0.11716689380253616,0.09192311891002954,0.06930989432019467,0.05049635350088563,0.036579439449802985,0.026006176687056074,0.018635705758686626,0.012973155709561885,0.00926679132728342,0.006472491909385113,0.004542717390156038,0.0033137186543696364,0.0025794887506118574,0.0019456212077993886,0.0014596560916431609,0.0012043483313436939,0.001382183391966081
0.2318668042675045,0.17088861728769028,0.14555515245867573,0.11707283569262414,0.09114940140113345,0.06894365527467924,0.050281248128828206,0.03580674361512154,0.02602205605238225,0.01827496451377711,0.012887750825076701,0.009265162215185637,0.006281853948216532,0.004383385051054374,0.0032316237720710246,0.002513093799861227,0.0018456358109702634,0.0014035989898313929,0.0011359113531257822,0.001190505542190742
0.23240188803620965,0.1713244806666643,0.1467264286293407,0.11792471120730676,0.09063525579788563,0.0688995738170692,0.0499275594770182,0.03620263605951756,0.02561151434181351,0.01775057194524836,0.012633909214928032,0.008930806081478846,0.006059623309280496,0.00433761866321678,0.0032360292018147148,0.002326556942481167,0.0017220046460637128,0.0012884190340558585,0.0009711612691720631,0.0010892516594343648
0.23397561796189273,0.1720305858770188,0.14576203116715666,0.1184137055166959,0.09156739408821007,0.06834615377840567,0.04992663546545525,0.035694091909116044,0.025310324054583926,0.017857614675020658,0.01244290689133418,0.008617030083862798,0.005962519794332698,0.003945655639381167,0.0031459557910423043,0.0022176698437414684,0.0016046840569090368,0.0011607977974786563,0.0010286887916958044,0.000989936816666168
0.23483880280673589,0.17179462805116336,0.14576049797381274,0.11890251416218653,0.09189489879625816,0.0682055831933838,0.049549168928743705,0.035990789737739885,0.025148663350127273,0.017663564892564546,0.012391253067446867,0.008437459291415372,0.0057986628220159046,0.0041491949822378546,0.0030524837077642933,0.0021036436163658187,0.001496315543021713,0.0011213564716527425,0.0008344159616379902,0.0008661026437255088
0.23596087213724332,0.1716808924195048,0.14750767627257105,0.11884137581340319,0.09141102566269474,0.06845967492042031,0.049073565452547964,0.03554325473957013,0.02502007098791516,0.017380771289332096,0.012079565621566814,0.008429814924364065,0.005730795233668557,0.004133919265331418,0.00286451731034677,0.002014141243415308,0.0013257415701850754,0.0009208005859319981,0.0007887546128059944,0.0008327699371813287
0.23677331798427428,0.17233367305448033,0.14699716429653964,0.11897985083953369,0.09202570615352929,0.06787558109038166,0.050000616074618955,0.035457734640819694,0.024936940362216675,0.016959654153311052,0.01182511225759664,0.00814098603622871,0.00567140692080625,0.0039516786273153396,0.002635039155942568,0.0018024583137509615,0.0012462309434918754,0.0008836270249052564,0.000670641228065543,0.0008325808421916058
0.2366733311744082,0.17341565408388832,0.14786231220872115,0.11860770454641455,0.09200716669247987,0.0677016600256255,0.04970396913675852,0.03529666446080848,0.02466806527462935,0.01717929403151092,0.011635315320389169,0.007993889303465075,0.005631978373203047,0.0038719851315770952,0.0025660701462906377,0.0017283133632766848,0.0012971150190783272,0.000799036931698182,0.0006406375399518465,0.0007198372358250147
0.23804722336602854,0.1729065703757669,0.14784313311442637,0.11878165264184079,0.09247938508969206,0.06794913756999216,0.04926286078292666,0.03505502588521815,0.024695659518756678,0.017042715009203246,0.011742492230915147,0.007892263997550497,0.005345975033346355,0.0035809938093679505,0.002481179985851995,0.0016347632672741158,0.0011842795251619808,0.0008235405910487472,0.0005631046776401691,0.0006880435279915814
0.23893551306748748,0.1740559044053686,0.1478892336299828,0.11887698142976381,0.09236517825384134,0.06798756114654393,0.049091562217158734,0.034729828243804356,0.024426921735945534,0.016763573740354778,0.011614761805817239,0.00782534891829167,0.004925180226026508,0.0035059112727989904,0.0022327953259212055,0.001653465939306003,0.0011973981243110564,0.0007448520685052601,0.000574046747831477,0.0006039817009392534
0.2395546312229694,0.17400033078907268,0.1487424736688379,0.1196576685000827,0.09257343341462296,0.06837304561722071,0.04849754899373259,0.03433872097237911,0.023785141940183475,0.01665734123004268,0.011146536040173271,0.007875595156403405,0.0048140367175870695,0.0033166883087176985,0.0022029144628724455,0.001458639049298129,0.0010891406170271912,0.0008005799365870311,0.0005788808772244686,0.0005366524849649329
0.23961475776275076,0.17452064728017716,0.14946617338012752,0.1200326667394159,0.09197904822920222,0.06859839271193778,0.048734339853774095,0.0340079061957681,0.02360946349808681,0.01659033867101285,0.011208070937514305,0.007337695938834349,0.004831368518133914,0.0032015516701222537,0.002094473055220167,0.001448530524744703,0.0009469130283264276,0.0007480260911500592,0.0005473790925827493,0.00048225682111792065
0.24177532544816252,0.1759391956844007,0.14907585750352997,0.1200504942023219,0.09188430700756707,0.06714073938442144,0.048761765254777406,0.03380717130351806,0.023646709601997228,0.016245118717714873,0.010732658903564526,0.007065314990158207,0.00483286559879997,0.0030194406200152813,0.0020475856799287303,0.0013820763187825046,0.0009965034349438183,0.0006426214730644764,0.00048064564971671823,0.00047360322261464174
0.24068671671265057,0.17596632183119773,0.14905473581664105,0.12087001936072675,0.09319174153341876,0.06790673791976817,0.048387749108896615,0.03387863409281543,0.023394651093678852,0.01601788009713774,0.01041540276817948,0.006970565013179712,0.004649387965400393,0.0029331237240120475,0.00191145412949706,0.0013610538143796918,0.0009425385587952393,0.0005978789365492189,0.0004413753325701586,0.00042203219050533094
0.24160769226709725,0.17582199142606345,0.14998935734176305,0.11986799585552022,0.09261575430060144,0.06875684956206779,0.04880494382259655,0.03422362247940514,0.023081374996261877,0.015552353962499148,0.010340090101976014,0.0067286227696594526,0.0042623406459829675,0.0029799443063537557,0.0019315105362316552,0.0012366592959661689,0.0008056756152951713,0.0005593992263403156,0.000438020148926851,0.00039580133939173275
0.24293627298360781,0.17616793578925705,0.14851988467958835,0.12022803749496486,0.09286846331505724,0.06846929567653999,0.04874556510695631,0.03415109506897941,0.02316962267569388,0.015363155515450224,0.010337676318330774,0.006700052594269512,0.004437971303581511,0.002891805320288547,0.0018223298733691816,0.0011503897077060285,0.0007440593981034401,0.0005294607064518569,0.00038170423023273394,0.0003852222415712845
0.24407072544968864,0.17525805849912535,0.14936070472054364,0.1213130100900609,0.09233267990187967,0.06845544993506746,0.04813631260536142,0.033958492438613215,0.022721113813212453,0.015494068085915092,0.01017980509676534,0.00673609229220704,0.004258449150245829,0.0026976043583995272,0.0019145424278791164,0.0012177052942025268,0.0007443487564272671,0.0004575193301917008,0.00033962011818076265,0.0003536976360328148
0.24389712522708987,0.17719508466893197,0.14925381001409097,0.12090842964519523,0.0921097480840118,0.06802680450771141,0.04845930304063195,0.03369714560807368,0.023320413663692686,0.015008134823722059,0.010092100963177182,0.006604492952747743,0.004132420171551659,0.0027356199860144276,0.0016867021108374126,0.0011385239248152535,0.0006588680120458642,0.00046384308048028874,0.0003022007948583699,0.0003092287203201923
0.24337051110497634,0.17664570105273528,0.14995015025258965,0.12072079042181504,0.09331134200443465,0.06815084691819544,0.04841140196480098,0.03355494637855211,0.023068036552964688,0.015044601017392028,0.010138752859546804,0.006516513717911973,0.004063589638989361,0.002579526612028296,0.001751335041295285,0.0010567794777293835,0.0007279645653576787,0.00040090802150133045,0.000281338962457074,0.00025496343472672324
0.24259787860081214,0.1769280690553952,0.14987855860228952,0.12111954722848045,0.09321176882341663,0.06832199821663176,0.048938860719643616,0.03368701711435541,0.0226544046909268,0.015197322485389223,0.010024851078199115,0.006519670692435812,0.003955419311380668,0.0026082200261349636,0.0016672910214267998,0.001021831311655032,0.0006982220838675523,0.00041330526375031433,0.00030426302395235923,0.0002515006498565743
0.24297208527039102,0.17746144053789836,0.15045750898489968,0.12123108951140431,0.09233171335532378,0.06861052305831217,0.049091663560341246,0.033768101671789175,0.022333893644106532,0.014885745834593445,0.009772616979526388,0.0065162501846212275,0.003970235541520435,0.0025829388886153765,0.0015455434193961297,0.0009987129262992063,0.0005925462256387894,0.00040968329547132925,0.00020747909384384917,0.00026022801600753963
0.24343514269135416,0.17736807863410164,0.15028221765047212,0.12045330660617887,0.09364878409030963,0.06840393170508693,0.04886673348455275,0.03374479084243287,0.022742698387578895,0.014652459074044765,0.009644634347910184,0.006307256774102792,0.0039106047018691425,0.0025619384220428683,0.0015790121503050773,0.0008756659809041517,0.0006523535721193577,0.00038332366232350385,0.00025496298640783515,0.0002321042359023052
0.24446315893111764,0.17784876780342526,0.15036543063147328,0.12013938580930093,0.09243100595835659,0.06930962883781283,0.04889579644889686,0.033592894277410815,0.02229680667954801,0.014733262890286418,0.00945355066361218,0.005990003182244134,0.004138675518345374,0.002559860473539025,0.0015946383581730047,0.0008984125700401385,0.0005221693410996498,0.00032701514291089183,0.00024614043014798315,0.0001933960522591296
0.24463157820698575,0.17828154233544807,0.15057253787612362,0.12122469649865655,0.0926030779186068,0.0689014869104056,0.04849339541688353,0.03341679913345618,0.022519940354776544,0.014529731174476342,0.009198235964381673,0.005890669180018852,0.0038157469016838527,0.0024230872030047684,0.0014155190119149773,0.0008827211726476008,0.0004941128476374019,0.00030947993303979634,0.00020749222783349985,0.0001881497320185126
0.24614634815793604,0.1780377474017211,0.15096849339411672,0.12088001027523196,0.09275156283814574,0.06812267641640726,0.04799976071377672,0.03356869010146791,0.02250522119020264,0.014519043488511622,0.009166773700332713,0.005769261221380223,0.003839136317490591,0.002355913624711229,0.0013934903590524968,0.000837501781450743,0.0004416238385381018,0.00029734832156549484,0.0002234511055551352,0.00017594575240561825
0.24598768742735466,0.1780751098583228,0.1519974959863686,0.12107187257665462,0.09246562696175581,0.06797236441135461,0.04802993562363832,0.03327489462569041,0.02235676215563218,0.014552820795973889,0.009164971240770406,0.005634030670650112,0.0037472282644055517,0.002293001246731507,0.0013557545714953925,0.000847566411751983,0.0004659856828097003,0.00029365890199705634,0.00023035518659649342,0.00018287740004607105
0.2467658137763226,0.17922309155302507,0.15059088885800193,0.12102973181721415,0.09264208339124635,0.06832740714415153,0.04798014008209284,0.032768512670198334,0.0223582420946513,0.01454306178426091,0.008918313595985789,0.005784852062261054,0.0035944199401457826,0.002188672738884656,0.0013564844708039152,0.000825150735158283,0.00043632704119243935,0.00026390748459220124,0.0002076072212125317,0.00019529153859822892
0.24619180867323157,0.1791296517446186,0.1514377120425202,0.1209194181263048,0.09335938667937678,0.06791868119885257,0.047854556199072425,0.03294716458808569,0.022273148579699843,0.014597846905520271,0.009045388751215756,0.0056280855539355265,0.0033838864393037358,0.0020982206455765887,0.0012733543565779139,0.0008406952796191197,0.00043969418390121275,0.0002761279474899617,0.0001811540037672997,0.00020401810133016275
0.24659694146598704,0.1795886799085955,0.15117243803831956,0.12018280892951312,0.09299876955528212,0.06822112849358411,0.048428546317454746,0.032970645104587804,0.02223940938653542,0.014448936544208126,0.00920899982422218,0.005651256811390403,0.0033573563016347347,0.002058358235190719,0.0011706802601511692,0.000715415714536825,0.000428897873088416,0.0002337844963965547,0.0001634733696607488,0.00016347336966074873
0.24609028745093067,0.17878448918717368,0.15122831454982907,0.12140686336583512,0.09345145132469436,0.0678052847072728,0.04856802161158245,0.03293268892547101,0.022225387981371265,0.01435144147566587,0.009069899962010887,0.005814444303744039,0.003498163859693554,0.0021298524052734513,0.0011256032529934012,0.0006067705035667553,0.0003763735877196685,0.00019873932435664733,0.00016532297778340578,0.00017059924303181235
0.2465078118549049,0.1780414231226688,0.15247040138861806,0.12142326321725797,0.09345237781514026,0.06837678913701534,0.04764765925449622,0.032652903466098844,0.021770944783810232,0.014620545714240537,0.008886171620118798,0.005678154740257799,0.0035418192934281337,0.0020520064160337603,0.0012104729628829285,0.0006816596656002559,0.00040583346070530683,0.00023717539911349118,0.00016163064235882364,0.00018095604524955247
0.2475600666586976,0.17838936273441297,0.15109129007080732,0.12151500875422765,0.09324658796065169,0.06841657467110122,0.04785292897473579,0.03278440692744187,0.0219418213012509,0.014265172236793069,0.008998572603837796,0.005525007558871302,0.003556185266177742,0.0020426531286695682,0.001211177285415949,0.0006310778598901677,0.0004060695978680468,0.00023907127839850378,0.000158208934234304,0.0001687561965165909
0.24810510536369842,0.17965165220050297,0.1505301135794485,0.12186725105398843,0.093148152378877,0.06734454658725651,0.04761971709701969,0.03280500642322272,0.021930340984378648,0.014032676717706836,0.008943305174252982,0.005637674002555227,0.0034040444335877423,0.002052619462276967,0.0013250642761616722,0.0006994371112895828,0.0003743218711172894,0.00020209866280980403,0.00016870844895427125,0.0001581641708946293
0.24766321472064887,0.1794970925277348,0.15149433003368767,0.12166220602371315,0.0931427938796347,0.06709064741121622,0.047783063380962346,0.03294256578057152,0.022068320765625576,0.013986444097277752,0.008957017912278513,0.005616368304422627,0.00328968756754667,0.002047268171042666,0.0012178170322167962,0.0007029246939202284,0.00040593901073893195,0.000209120096441268,0.00010543870408803432,0.00011773988623163832
0.24769909933034345,0.17943245329193616,0.15227874873197736,0.12168797765115617,0.09293089474489233,0.06744210169145866,0.04721703097227667,0.033060887941082875,0.021828449065487105,0.013976817821409674,0.008859016981394133,0.0054395313634517635,0.0034124532567743615,0.0019620287658733576,0.0012078080306048352,0.0007454302838085159,0.00043776448270830274,0.00018635757095212892,0.00011251777868807789,0.0000826302437240572
0.24785316416524836,0.18127487938334286,0.15208248350751832,0.1212127072988902,0.09212053226056008,0.0676314827057516,0.04791786814454307,0.03204429409365199,0.021786603463069498,0.013976411179722334,0.008924929317935664,0.005353902634577246,0.003182451155528674,0.0020009002292771445,0.0011586935422615455,0.0006980293418480022,0.00040791639120588537,0.00018461733222680145,0.00009142953595993981,0.00009670431688070558
0.24793423293731767,0.1813199464948314,0.15176730524839294,0.12183851071421666,0.09114686325070265,0.06735780438974402,0.047764436640142585,0.03230875505565838,0.022027817766036174,0.014285036305823168,0.008781597315601394,0.005485861733785418,0.003322101466470505,0.0020477503748349934,0.0011724030043046706,0.0006837552753740875,0.00040779234932336334,0.00018456119258169467,0.0001019480873308409,0.00006152039752723157
0.24799873493340832,0.18089398039146776,0.1532364620304319,0.12102997505007555,0.09183856344660363,0.0669571634395755,0.047501493481392994,0.03209052254278384,0.021578170573145452,0.014195101381031031,0.008999543170397443,0.005585620409741013,0.003399866465193099,0.001897599887549637,0.0012176265945110165,0.0007748532874161014,0.0003865481252415924,0.00023192887514495532,0.00010190814210914712,0.0000843377727799838
0.24928039475487734,0.18039510633287764,0.15200276946975902,0.12182679567428506,0.09160337537913268,0.06714382615602518,0.04712491784726446,0.03238662922493508,0.021405400466030067,0.014175959737251827,0.009327630381223837,0.005449318351954621,0.0032210901448348327,0.0020032966530887674,0.0011879197697263217,0.000709940217410405,0.000372542886363876,0.00020032966530887682,0.00011246577701550976,0.00007029111063469357
