0.10062818537394809,0.101931966338746,0.10293943344790799,0.09967998103591323,0.09784283513097071,0.10110228754296557,0.09896882778238711,0.10578404646201255,0.09944292995140457,0.1011615503140927,0.09831693729998811,0.09653905416617282,0.09766504681758914,0.0958279009126467,0.09991703212042193,0.10459879103946902,0.10056892260282092,0.09885030224013275,0.09819841175773382,0.10139860139860139
0.08100794398375269,0.06367710074539505,0.06511997647840315,0.060824018163899776,0.05678941092556396,0.05805260779370688,0.05698542423268959,0.055096073744561984,0.051056021692139325,0.04662394302546539,0.04552953539401397,0.042589335787129555,0.04041141015240034,0.039229885495559745,0.040073831679017305,0.04139147668802848,0.04228442619826746,0.04146770408524402,0.03707373911717784,0.03782512346115941
0.084239382478126,0.06640696120563794,0.065723344978856,0.06259382546831148,0.06026128567944241,0.058962758374298783,0.05683976928811161,0.0548232731819759,0.05122999391959437,0.04765732620173892,0.04456559452282557,0.04297850559431672,0.03993486751929754,0.039862727113456245,0.038976430698834406,0.0396188238365642,0.03923063974798952,0.037403082800009625,0.033380396360001244,0.03564766625787104
0.08815122625969271,0.06783887871709071,0.06617727244029409,0.06471655120559723,0.0631066010824834,0.05906594194996243,0.05695664900791487,0.054810048843763094,0.05102193090702467,0.04692100626187376,0.044972421353506035,0.0420567184567437,0.040306148804160065,0.038928651372618805,0.03927015594418839,0.03816528821263968,0.03719530043792939,0.0351520125811432,0.031194577251777832,0.03405862399485735
0.09100750374676704,0.07012773475697716,0.06851158242504554,0.0660145887747625,0.06333121420784278,0.06065039280416472,0.05696107192005535,0.054558545309711465,0.051081136974654745,0.04655182538405958,0.04415695826344049,0.041550178593768756,0.040051471770950614,0.039101695045076094,0.03832042709314706,0.03703107965613998,0.035974070074118326,0.03372983958475355,0.029213293810366348,0.03210092143661389
0.09389207491418702,0.07294043077754817,0.07068237904043288,0.0675388168181744,0.06426708860464515,0.06127033469966045,0.057539539208307004,0.05420023256301685,0.05150874674633151,0.04700196443510256,0.04425455164040816,0.040831354528104456,0.04000410131172068,0.03819113510792744,0.03707492583849688,0.03579559621653994,0.033973308849745164,0.03101150930601611,0.027495100563697323,0.030531469411438465
0.09724724659848515,0.07526972316918784,0.0723791376635946,0.06915369359793641,0.0650468153870749,0.061397937271270006,0.05804287053719956,0.05468348304751534,0.05061765201498437,0.04744837777230482,0.04376493361158998,0.04093051792897543,0.038984017524984774,0.037759083308489,0.035823384793532705,0.03426791277258566,0.03204056325370181,0.02973760051157746,0.026497033801271164,0.028912336189352794
0.10057480589652681,0.07829448559537233,0.073978370747775,0.07014903577020748,0.06626088155834463,0.06221655213818058,0.05824523969852099,0.05511565078412126,0.04988682368021808,0.04685053424090734,0.043654013094378524,0.04082663334928891,0.03838259275184772,0.03621845057967369,0.03427944409738843,0.0329570254504742,0.03124721115699462,0.028462424650532617,0.02479332138018318,0.027606503379063594
0.10412827662058255,0.07988345505590878,0.07590278916749474,0.07134132811067911,0.06663900975388563,0.06286094683119313,0.05917550240711617,0.05406411901477073,0.050233958186606996,0.046729891655652146,0.04280904188092735,0.0402832582415992,0.03784237489266867,0.035594446749187166,0.03365717648647866,0.03190707277305573,0.029300247947438997,0.02656800223828038,0.024026782182516335,0.027052319803957513
0.10877003856698114,0.08261883741461827,0.07657264996979697,0.07334975140560382,0.06754147112123043,0.0624896612610938,0.05874448213372984,0.05379118070721621,0.049999535337577235,0.045693044003531434,0.04279540913526323,0.039814135030900054,0.03718228706844478,0.035293898982389306,0.03247618605083406,0.030574787416941574,0.028515403559314156,0.025311091492031045,0.022669950281120767,0.025796199061381902
0.11192768759366835,0.08535518672348841,0.07917104762454395,0.0738994703173948,0.06909679827875694,0.06270165180898242,0.05907304642342505,0.05420364555811451,0.049584928663277315,0.04509245549457783,0.042068016512679385,0.038798304005713415,0.036491650780997795,0.03426795771917263,0.0317647249780426,0.028886368022103474,0.026682513260099947,0.024388484407998075,0.021753597495324472,0.024792464331638665
0.1156635159543509,0.08731771952822462,0.08195036345527526,0.07616550704178011,0.06950319228544286,0.06399254160408581,0.058204147052111486,0.05371955652972302,0.048838694497663926,0.04459115925338203,0.04134314812947463,0.03795007332791997,0.035158482067829656,0.03328503774309223,0.03078003569981726,0.027924757947101288,0.02552413098896278,0.023114658684626258,0.020809561465426202,0.02416371674370963
0.12019769817845229,0.09124853734784054,0.083826123404181,0.0771145147487731,0.07025445781449204,0.06461167676697112,0.058513072180792554,0.053139244485583055,0.048116453308650185,0.04441921793953788,0.04032553834331721,0.03697759304214185,0.0345011264604691,0.03185700064618663,0.02941371662096788,0.026663057335964652,0.024045128276777437,0.0217957002392637,0.019991617038369516,0.022988525821268264
0.12387853513217247,0.09396704202997026,0.08628860614171135,0.07813988550641195,0.07073462972856617,0.0652416347236126,0.05868531207369638,0.052870725293193144,0.04804857764798838,0.04373648147475764,0.0397373321368736,0.035840193093384376,0.03337638513554402,0.03112005574257443,0.028370964758036767,0.025421311160790702,0.023107925162481644,0.02069771583389958,0.018880549403239782,0.021856137821094697
0.12885224697609873,0.09623648443490657,0.08830598055714237,0.07998607058371458,0.07236949320597864,0.06466714356047544,0.05885693014191881,0.05274479834082125,0.047572730594453286,0.04276948359948468,0.03900065015378967,0.03495906089659466,0.03283362410132106,0.029879627199415382,0.02644359015265748,0.024179202283600862,0.021906237187767498,0.020213092622041063,0.017862932485217146,0.02036062092260083
0.13178134437799519,0.09993119849490306,0.09050897748671342,0.0816006337250296,0.07326933484480398,0.06541264684341082,0.05850518059968279,0.05225329197275938,0.04694379616999264,0.04205769424474555,0.03807301154260486,0.03476780772454814,0.03177844208125406,0.02850909016411635,0.02595165456522742,0.023383975566075903,0.02090336546915627,0.018866636050281434,0.016551627590940057,0.01895029048575912
0.1350454266431556,0.10264737940216738,0.09305022522024653,0.08343606686720255,0.07486936545534624,0.06563610053546136,0.05871030163699155,0.05213478866365919,0.04629385588284806,0.04161940924108685,0.03709289888809724,0.03338939041746941,0.030320137529736054,0.02810109319816151,0.024572727690102377,0.022170038310397544,0.019636416813044247,0.01786798301623388,0.015594525337065184,0.0178118692515274
0.13917989184641372,0.1058449753363685,0.09574543875480891,0.08433469260362457,0.07526817882659464,0.06617961365964867,0.0586024168323348,0.05157141597063434,0.04593813397746006,0.04053554344802318,0.03626775136888243,0.03240366935128205,0.02963197926490844,0.02664656032242524,0.023579720863328876,0.02108112875976198,0.018735200124844798,0.016714953556380318,0.014803267676733402,0.016935467455541007
0.14318891864050706,0.10910179620461066,0.09850116121524176,0.08606355644791615,0.07582151961041356,0.06646413764756229,0.05836354071695951,0.050592786426045054,0.044926259026270704,0.040063194466762854,0.03551644054121258,0.03185772449174632,0.028075528889986476,0.025265946200128217,0.02288262169079029,0.020365668624860663,0.017647426973685324,0.015336836995150468,0.014024232439262442,0.015940702750887614
0.1470333598294796,0.11123149699850979,0.10104651339405507,0.08751828993534602,0.07685570063742642,0.06687661065347597,0.05795061590882626,0.05045406293931707,0.044307632071475464,0.03892233253844895,0.03485677735980248,0.03093636030708528,0.02707501109631602,0.024570534597722675,0.021809534899812497,0.01913460548588363,0.01684108556567585,0.014594819919026425,0.012939232691856567,0.015045423170457973
0.15091662256856556,0.1139028673315649,0.10313562778281489,0.08980508077536259,0.07818340540704516,0.0662213039331012,0.05819769656237044,0.05041508390997921,0.04297289736321442,0.037874932167570534,0.033602753069733426,0.03004344646041114,0.026853215678475977,0.0231911071263655,0.02041376939333371,0.018005507487689042,0.015893854466154565,0.013719846167846921,0.0123227509125779,0.014328231435822944
0.15432061366749808,0.11707881884489685,0.10495996284066925,0.09104540910605556,0.07863877024156933,0.06666296419711948,0.05787969666676764,0.049411139047926766,0.042325958687171615,0.0374689918175423,0.03286614899410635,0.029527194638824094,0.025666528665529,0.02228886667407161,0.019641600947832204,0.01731577689591685,0.014816609951564962,0.01300071693273959,0.0115971443862147,0.013487086795983828
0.15874008336694906,0.11969208013984133,0.10670465241360763,0.09268186096544308,0.07890614495092106,0.0668851687508404,0.057183676213526935,0.04932768589485008,0.042280153287616,0.036190668280220516,0.03162901707677827,0.02837837837837838,0.024601653892698663,0.02171574559634261,0.01874243646631706,0.016138900094123974,0.014293397875487425,0.012259647707408903,0.011094863520236656,0.012553785128411996
0.16280506849453086,0.1216646908090717,0.10822941889636319,0.09367076279297827,0.08035471401560315,0.06727711150889473,0.05646139017534197,0.04822323944371491,0.041506443086905265,0.0355452863202367,0.030759568916009818,0.027179516457830264,0.0240729981428058,0.02052485046732111,0.018217630918756986,0.01570554908131018,0.013497402279009002,0.011838353578877015,0.010513465497496315,0.011952539116942787
0.16709290839967333,0.1233261277517747,0.11034937287962204,0.09494429789182235,0.08041965664761017,0.0678772490889607,0.05643496445563203,0.048116961849548154,0.04101815035125113,0.0349322569122434,0.03057369062732163,0.02625034169214336,0.022532395769222384,0.019845815088789652,0.017152526341739107,0.014544765444065636,0.012736941490565954,0.011034769586296771,0.009906137377850305,0.010910670353867292
0.16984161568758901,0.12589290203636974,0.11222995055727815,0.09579485460487726,0.08103075504902371,0.06733428308053296,0.056337886533143394,0.047806921981060936,0.04031844464929189,0.03415402664878906,0.030046090672923836,0.02566496270845554,0.022064862146987337,0.018845219140199442,0.016594318277046844,0.014169110869018696,0.01218972596999916,0.010533813793681386,0.009084052627168356,0.01006620296656331
0.17299800768440649,0.12890734308210722,0.11408310754315153,0.09700851048856135,0.08112695691806038,0.06762478782425399,0.05625233539937634,0.04737488542928621,0.03976755759534713,0.03396487559337995,0.028619638635171665,0.024795867243751185,0.02097712272094345,0.01797775778201151,0.015759233100924447,0.013153639536656768,0.011469638551390514,0.009921363018668116,0.008735022026062638,0.009482349826489253
0.17754537261326817,0.13106043092675052,0.11528848505559965,0.09831877590267796,0.08099057536192554,0.06824905435332508,0.056361881979274504,0.046183406874323624,0.03922967906644821,0.03336817735607576,0.027783082556881195,0.023521390544538376,0.020340198275890956,0.01731479899354381,0.014636164745219837,0.012960971344141684,0.010669306771466767,0.009255443540956802,0.008035902744971905,0.008886900992719611
0.18033770291834808,0.13411367604915994,0.11666207150078113,0.0988512085286279,0.08231362424910808,0.06791153887928084,0.056298301459591756,0.04599844599844599,0.038083063889515496,0.03252541962219382,0.027276904696259537,0.022522996716545098,0.019097509420090062,0.0163805131547067,0.014316865929769159,0.012051031405870116,0.01012440367279077,0.008886215337828244,0.007653039911104428,0.008595466659982788
0.18408398057765088,0.13502615190525752,0.1189786200226884,0.09925342417620664,0.08274576600151928,0.06813382815035925,0.055690340024963945,0.045421994371400584,0.03787759636717743,0.03167509394942293,0.02642296147320726,0.022050925104825134,0.01853054067349104,0.015824998075835504,0.013882428529837936,0.011210349662518281,0.00964090070976572,0.008180208880604757,0.007296766399737643,0.008073124943529953
0.18639956805982968,0.13817237822847697,0.12079781890273154,0.10125018596495332,0.08273727038551998,0.06775309203301065,0.05539164637071632,0.04498596695925152,0.03706594944093503,0.03059019007707724,0.02558877757922943,0.021204183668181685,0.01785932190073734,0.01532016896483131,0.01269576467953015,0.010903814747146169,0.009190429783812603,0.0075856985010806805,0.006955507153591166,0.007552266599357099
0.1882693942019839,0.1407595892000555,0.12240349023006068,0.1021506722833591,0.08388139495666432,0.0674170060224167,0.054549036697171094,0.044803307236750925,0.03644171512817043,0.03025400339606197,0.024919481274074215,0.020172674891347723,0.01735765007204526,0.014504223372052451,0.012163378296926682,0.010253302144327625,0.008685503623968787,0.007503393557500135,0.006558373363119836,0.006952410051942721
0.19191088529216999,0.1406228888551569,0.12399061212983556,0.10276948842112639,0.08524312882299663,0.06763336597180636,0.05452404265575974,0.04404692600630193,0.03609525985951556,0.02933792829655528,0.02402013688141893,0.019786587756068844,0.016683986742218885,0.013768209015224433,0.011533001833203504,0.009839915796075712,0.008218556556579935,0.00699586486671326,0.00628860528076037,0.006690608960511897
0.19312215231069654,0.14380726671896124,0.12482434033746684,0.10452459235275464,0.08562010781581189,0.0689170018525627,0.05445032294674298,0.0428192332726939,0.0354440309094247,0.02828078842398651,0.02345411152093729,0.019098085685197858,0.01606388837892418,0.013099788040122176,0.011152093729659363,0.009332910526227946,0.007498706544052607,0.006657542934392574,0.005674516414373219,0.006158519285010931
0.19586981017595567,0.14504003840486462,0.12653602789686694,0.10517498883191875,0.08599922656869868,0.06847200645415083,0.053730139150959144,0.0429004340549803,0.03454770937652103,0.028073555983757947,0.022839559677559164,0.018807382268420665,0.015371947113301018,0.012703275748261446,0.010589674692127668,0.00870776965082244,0.00724091718284316,0.006069102086264259,0.005432354764936892,0.0058940799167894594
0.19865664902081345,0.14656389081899085,0.1276849940264038,0.10703318053590741,0.086461348249828,0.06859721298828109,0.05333913197065357,0.04247501837068289,0.0332305241601557,0.02727192443109202,0.021876525683131125,0.01808574984878554,0.014964816601431999,0.01233710078131639,0.010467540128069905,0.008174745601450326,0.00676007804832531,0.0055786890080831006,0.004838862867226202,0.005602016859371382
0.20011787308997311,0.1484584930225124,0.12899611418372883,0.10656027010918251,0.08671497021540141,0.06869104264408654,0.05379874335298996,0.042031412845503005,0.033164293111083744,0.02641322842406343,0.021515168668400357,0.017602714410817687,0.014431129150947474,0.011812282109595337,0.009867709099869143,0.008038012406642182,0.006567928530282396,0.005465781841550596,0.004538446938795895,0.005214385844574007
0.20219733361760525,0.14998900666928733,0.129751284220906,0.1079261914438574,0.08688062575370945,0.06827024938204158,0.05379236596464811,0.042222718217614634,0.032910034579022064,0.025840989799521617,0.021008921254438977,0.016618251594032952,0.01381495226229421,0.011381428599982675,0.009355990698975957,0.00751710628885143,0.006196240947158724,0.0052018442145098645,0.004334037350673923,0.004790427140867873
0.2037545703648795,0.15116060199721823,0.13105516086851504,0.10767987873437329,0.08721463849350777,0.06884489493366201,0.05361506492208516,0.041934919669850995,0.03278669409579652,0.02549409912798686,0.020025485770444836,0.016269249668934834,0.013389191035005459,0.010952218344757514,0.008984983384277109,0.00733923559346032,0.0058184180499221295,0.00491225732299466,0.004127695370085035,0.004640742252242497
0.2058733476217734,0.1527226800143772,0.1321187049880856,0.10845957747041356,0.08742628362997373,0.0693283323792915,0.05348680094250456,0.04138433685219451,0.03178623251108241,0.024910475379065215,0.019795258190337995,0.01604287863256966,0.012771402707703775,0.010205473981283028,0.008543111596267253,0.006790891785034411,0.0056011129008639625,0.0045427921031962635,0.0038705254329796726,0.004339780881002142
0.20840816448817162,0.15342286995441057,0.13208121878105253,0.10913170338733384,0.08803306274831597,0.06946772370700918,0.05348561993485319,0.04119694339352561,0.03137665467703733,0.024545728424076683,0.019524065532950403,0.015417853284886577,0.012520035885665215,0.00975703939933122,0.008095912596101509,0.006180124068528971,0.005412809984071159,0.0042144018695166605,0.0035236527479331633,0.004204415135228706
0.21064885261332097,0.15426650901429012,0.1322234472987063,0.11031841456255623,0.08848655381550351,0.06931881867149604,0.053284175060657926,0.04020800800900681,0.031538790300720244,0.024323034375867875,0.018969838173494114,0.014983627767439462,0.01197526121568608,0.009514021582410786,0.007579952870587022,0.006088242092851927,0.00493910926407272,0.004047741396886532,0.0033875304952579576,0.00389807141918736
0.21234404926580117,0.15560824111513089,0.13429220312832518,0.11050722228133646,0.08770981857842094,0.06915201372632478,0.05275391040646946,0.040186409342413285,0.031090391572675034,0.024142437220685247,0.018792229729729736,0.014384709512662264,0.011465205362843157,0.009273914662694187,0.0070942620770376675,0.005704338689082783,0.0048032161098106,0.0038638540114918065,0.0032686475845924655,0.003562925622472867
0.2144316824038048,0.15636680123944524,0.13528391749900984,0.1106531051032261,0.0891525243212839,0.06867538449761532,0.052278695453925175,0.04010390837956847,0.03052350253114423,0.02403838153213272,0.01799259128594107,0.013967056850065069,0.01076859583900525,0.008871485770010349,0.006802970142150126,0.005496626805166796,0.00445987279377748,0.003602844999450837,0.0031734990364677804,0.0033565535168093934
0.2156957901909621,0.15800993867273844,0.1359121806910536,0.11175854675995947,0.08873672489155549,0.06881284382323126,0.05190380428459838,0.03978959264737656,0.030715152320962624,0.02330435938772457,0.017460818694011854,0.013488673569446063,0.010580199105851848,0.008233475710083264,0.006579800229353983,0.005275141684256011,0.004174907344313516,0.003433661852448936,0.002896840565739832,0.0032375475743322973
0.21694333237578267,0.15836614189571777,0.13650575941789778,0.11260795276231214,0.0898924166972474,0.06869623118039422,0.05183393083384946,0.03957783641160951,0.02992207309155457,0.023032690113926384,0.017332219696428775,0.013546297018917991,0.010177157934413872,0.007958740084784744,0.006278321773538729,0.004745687286107822,0.0036464413157077597,0.0032030898442624175,0.0026783742450986418,0.003055306020447303
0.21874579475584247,0.1586438222575163,0.1363686958717585,0.11236910788185278,0.0899909789725332,0.06956325268678759,0.05214585821868765,0.039287156083711125,0.02961488685505053,0.022240238434228725,0.017259568020706825,0.013333842808181057,0.010044407378303349,0.0076703653433057494,0.005962517049409646,0.004729809428718099,0.0036117336487647166,0.0030053478245700904,0.0025219004962395773,0.0028907159838319277
0.21998392411117604,0.15964951905192112,0.13683603921985438,0.11234355901578356,0.090694252537599,0.06954814795132061,0.0525555348886645,0.03904381676143912,0.02937669394696285,0.02168750332146464,0.016610644629855984,0.013036748684700006,0.009592389860232772,0.007376972949992029,0.005819206037094119,0.00443083382048148,0.0034941807939629058,0.0028298878673539874,0.0023432932986129557,0.002746851251527874
0.22185637090242838,0.15991648853542934,0.1376511902707152,0.11243676894276343,0.09026938753833692,0.07036737078293656,0.05250501201556049,0.03871699040082847,0.028707895750076352,0.021405621423545185,0.01637866939284908,0.01244373929552968,0.009426572312431127,0.00720933628964803,0.005423598295250864,0.00434983204769049,0.0035117301079408904,0.0026603513057794174,0.0022537473944157513,0.002509326995844341
0.22130227988595594,0.16059438342842536,0.13855559649105342,0.1137420466200002,0.0902030290055661,0.07035650393146735,0.052899726838529365,0.03859442989574725,0.028796463172987882,0.020883742079810943,0.01646934650349999,0.012121332815554605,0.00926193297420732,0.00688712091792875,0.005116384045776951,0.003906574130314285,0.003194628377593457,0.002577276815793579,0.0021109440500253914,0.0024262580197618885
0.2216121136693631,0.1625305953121759,0.1394996888612321,0.1140775772661274,0.09077618751296412,0.06933001451980919,0.052455507156191676,0.039020950010371286,0.028536818087533704,0.021069487658162207,0.015576851275668947,0.01164073843600913,0.008995644057249536,0.006767060775772667,0.004908525202240202,0.003644057249533294,0.003008504459655674,0.002518979464841321,0.0019498029454470037,0.002080896079651526
0.2229259739117884,0.1636891776888227,0.13926984195447584,0.11522044588512627,0.09165047835023496,0.06922516717789122,0.051769987110174005,0.03857326049558643,0.02798767752541884,0.020854311787803944,0.015215635010559045,0.01142167979150665,0.008669527754598949,0.006425005930647093,0.004754471210233561,0.0034638296884046305,0.002770400181817881,0.002337421470767302,0.0018795589257482991,0.0018961481483939148
0.22403619164851496,0.16454127550013192,0.14043839407024988,0.11559562103614683,0.09105809476252964,0.0696045561396902,0.05185711133709694,0.03793354578950249,0.027521976937280087,0.020265730576601172,0.015094784095980203,0.010927502235434837,0.008294748926244752,0.00632225763158375,0.0045820193068576,0.003432367105680079,0.0027820587898624892,0.002203085314810606,0.001776735220001626,0.001731943575799904
0.22636941490598242,0.1642716711942985,0.14134015688410365,0.11497804818108757,0.0907148123302138,0.07017607949148831,0.0513526438491734,0.038267898536766806,0.027429810636503127,0.019926008089959292,0.014388238341624764,0.010794914882735441,0.008088298783849304,0.005972820924965292,0.004428555297993449,0.0033542113618098114,0.0026269120665262974,0.0020789468440524173,0.0016804266822532327,0.0017601307146130694
0.22740106664276424,0.1661927692044664,0.1415318424236992,0.11543511422505733,0.09105470818373611,0.06938987569113504,0.05135687383704236,0.038106003641789954,0.027326703748520628,0.019256337859842546,0.014200325005685112,0.010550235620822277,0.007708510733653024,0.005539039689534914,0.004101578385628043,0.003230138218709903,0.002405174860694065,0.0018839706465754058,0.0017047029550951026,0.0016250284255483016
0.22925848245101693,0.16614785217437478,0.1425788509531142,0.11655571337545798,0.09058235543991934,0.0687091806934636,0.051618170233101474,0.03747079594329103,0.02684118302978814,0.019060624966813572,0.013961530292571548,0.010211463919715396,0.007301014177242074,0.005553748738915732,0.00394254765571072,0.002868966707375352,0.00247736685605055,0.0018020230446556577,0.0015182790845855688,0.001539850262836511
0.22862687097357856,0.16788922143263832,0.14321569252374144,0.11665811791304173,0.09039601478685386,0.06918514608408985,0.050933972082924564,0.037556417624044075,0.026901184707856712,0.01903965127725019,0.013673025943392307,0.009971332626193714,0.007058116585080017,0.005276987917208226,0.003794650638168608,0.0028999364238322645,0.002230975703280232,0.0016798715861008886,0.0013976797188705033,0.0016151334518539177
0.23030400546735427,0.1680995801615988,0.14383985429235419,0.11713176224307495,0.09050163307351236,0.06842486783633102,0.05066094275368208,0.03730440855203027,0.026411169592486367,0.01923858465856406,0.013323358508155416,0.00969725520899857,0.0069834834809928146,0.005046022980802884,0.0037306067336705076,0.0027635352682503626,0.0021796430627136717,0.0015327170395338153,0.0013104398931079156,0.0015161291927856132
0.2317859269098803,0.1683921798845457,0.1445169143412453,0.11731997366540138,0.09103512551222287,0.0687319758079896,0.05019659739738543,0.03628138220159235,0.02644736645721705,0.018505528109862373,0.013066139974693575,0.00962174693910041,0.006897077821392384,0.004880524171281025,0.003686512141609827,0.002598634514576068,0.001981728299245948,0.0015804075892731292,0.0011890369795475692,0.0012852212819377486
0.23169830087028587,0.1690012432656445,0.1453526730211355,0.11732449233319518,0.09168669705760461,0.06862163282221301,0.050077082469954404,0.03641607956900123,0.026206382096974724,0.01828595109821798,0.012797347699958555,0.009556568586821385,0.006569415665147118,0.004717778698715294,0.003492747617074182,0.0024682967260671374,0.0018052217157065887,0.0014869457107335262,0.001178615830915872,0.0012565271446332367
0.23218038383771414,0.16938082137293248,0.14554841062017304,0.11735059166694287,0.0916271669594617,0.0694769465345222,0.05006629321488946,0.03632370976830521,0.025918989691405082,0.018086446352215853,0.01287082767078789,0.009058967814644171,0.0065464549703337874,0.004625609068911797,0.0032317942258609828,0.002293745235175181,0.0017236235871258571,0.0013275216281613566,0.0011170406708873345,0.0012446551095495375
0.2331384157795348,0.1701950225561666,0.14529288199999665,0.11734180426121717,0.0917317266865729,0.06922364012262067,0.050694590664847355,0.036303739797500165,0.025389572601676843,0.01798358978780127,0.012593652441056369,0.00892133277847872,0.006303457949038482,0.004589156129126388,0.003053910978992341,0.002160285562229654,0.0016662217882124342,0.0011854214712158115,0.001016312394203206,0.0012152642495121533
0.23370693440029153,0.17017321504013525,0.14592642295617025,0.11814408906781976,0.09252217997465147,0.06854544099008422,0.05043862919058624,0.03595848140692694,0.025413156390566356,0.017780428605747325,0.012515221551231396,0.008686431902714615,0.006115128772252457,0.004330790195250048,0.0029556731860467048,0.0021521409577772814,0.0016020941540959442,0.0011266018870581618,0.0008896841372797539,0.0010172552333142814
0.234714696995563,0.17139395466245458,0.1462804616294931,0.11780900021712432,0.09158502405770536,0.06941182515360302,0.0498706370029552,0.03611059085989514,0.024919572845206947,0.017487623085452507,0.012241833391067405,0.008653481198857692,0.005985006820355324,0.004148566067944994,0.0028474776287373137,0.0020568799401996557,0.0014916937519578483,0.0011502616265097185,0.0009132480636986381,0.0009281650012182169
0.23493658468686734,0.17332248517768556,0.1468693349594519,0.11835150012759287,0.0916100231655625,0.06897637377751116,0.04961871273708246,0.03588010910018857,0.02457239818254729,0.017181954059938824,0.011909220159010537,0.008167600690658543,0.005882528393556064,0.003935494347801592,0.002694363709273848,0.0019188641914754706,0.0013786658094193363,0.0010919961158742102,0.0008517238293768497,0.0008500667791251436
0.23672710151462908,0.17244489243746522,0.14714581288628345,0.11920740603199023,0.09186748985384227,0.0686871667683493,0.049608411363696675,0.035591129738189335,0.024373988699965515,0.017018024350778534,0.011621661052017295,0.007974349452240114,0.005500809040027584,0.003957333085758243,0.0024669089365765675,0.0017921562906177883,0.0013793469322793705,0.0010096421655746836,0.0008239608477678455,0.0008024085519509802
0.23718374864679828,0.1734137490280985,0.1467558799003314,0.11818487762744966,0.09205917118562863,0.06833068357208819,0.05027030880356236,0.03547585456872442,0.025046460620790148,0.01668603562008557,0.011497034975190607,0.007924416320318836,0.005412807381975104,0.0036405895898368543,0.002655839946684262,0.0017672443090920242,0.0012400551061921524,0.0009101473974592137,0.0007493381122979317,0.0007957572873960336
0.2379251976719921,0.17347932518243464,0.14773641967743112,0.11800032462262622,0.09227563773439906,0.06920093146818866,0.04992729115668342,0.035206648801380636,0.02421088545790009,0.016602128596934634,0.011098450092583702,0.007885348588388446,0.00533142976391985,0.003493005707395765,0.0025025754499170224,0.001636363034095313,0.00120739742090636,0.0008778060810430324,0.0006823700101693004,0.0007204634816107907
0.24011564656264428,0.17399310160967962,0.1480189896159852,0.11850792089536669,0.09192113381320696,0.06861795402949784,0.04952236181278967,0.03477841860280273,0.024174171936500375,0.016484271636951917,0.010942045904267032,0.007522656559183587,0.005232576431217286,0.003237242697161327,0.0021807921392130282,0.001482011362639073,0.0011491797605268346,0.0008130364011796484,0.0006540720539021607,0.0006524161752846869
0.24045087958313024,0.17415315055506375,0.14796620226268492,0.11863682017522051,0.09205209545308392,0.06893134047342023,0.049090583637466545,0.034956261166744565,0.024388667349516203,0.016337009450505015,0.01095211103266076,0.007299197486052964,0.0049887793898772525,0.00319215584880518,0.0020336319971360098,0.0014684579865220093,0.0010789685657176386,0.0008121268774218786,0.0005751184213579425,0.0006364422876122478
0.24048416829949804,0.17389280786806616,0.14881815034856738,0.1197567895693135,0.09180845936361817,0.06869816830281057,0.049115786649264526,0.0347639861732452,0.0237545900088943,0.016261509183330376,0.01124624642033136,0.007093913610939498,0.004914228737720638,0.0031105229421770665,0.002072025665955011,0.0013647874890063384,0.0009871521158346817,0.0007519581553505798,0.0005217330813555783,0.0005830160147211542
0.2397516905366357,0.17624444348824808,0.14882018250844845,0.11930074837069671,0.09245572167627092,0.06801037987839391,0.04913065208540892,0.034846734608090076,0.023781704802348702,0.016089473492584144,0.010879674834421742,0.006820069971501674,0.004721586903347313,0.0030947660389973623,0.0019958758518881384,0.0013669929134822573,0.0009333946770024133,0.0006735667261347204,0.000518000946634318,0.0005643396894642249
0.24077921819700168,0.17534066356490505,0.1484305616309434,0.12055612995585958,0.0923271165546586,0.06854694396945955,0.04912448138280245,0.03485008152065852,0.023526663220264848,0.01595617767526941,0.010224877719012208,0.006785103590885592,0.004498548534616455,0.0030056600522262436,0.0020512718548269505,0.0013653053379462095,0.0009079943266923823,0.000629631102450922,0.0005020479580069193,0.0005915218515131031
0.24158052214920017,0.17527946258405408,0.1491951841861682,0.12030096352704878,0.09223796915852414,0.06922525404560485,0.04895790385261796,0.034330308133267755,0.023443230721593836,0.015420737936869848,0.010226401535284892,0.006838574860868946,0.004397882525537028,0.002867896285478212,0.00196381350726164,0.0012037878750246302,0.000887524485575243,0.0006192801447857107,0.0004818463158626787,0.000541456169371464
0.2417802076335271,0.17452600714174613,0.15013717580013708,0.12088513967441848,0.0928542825656011,0.06853991335916894,0.04862377427051929,0.03439488759527017,0.02322060317638922,0.015372294128743377,0.010275774654412956,0.006699937451806454,0.004401539546012636,0.0027368971462800365,0.0019244325157942467,0.0012377261580516735,0.0008769984809724425,0.0006519573613266835,0.0004087143864154591,0.00045173695340656
0.24229613254179186,0.175362858822458,0.14919065716154567,0.12122672363115494,0.09260372421901522,0.06798811031901769,0.049246131299833594,0.03436581468325922,0.023352128302574177,0.015410218833055959,0.010097949112827773,0.006805931592935742,0.004264056898250495,0.002717404803894782,0.0017354297589772887,0.0011823443205246028,0.0008114127689874727,0.0005481176051731705,0.00042392177318529184,0.0003709315515371304
0.242350998745984,0.17519662242868814,0.15090047612902796,0.12093809660886284,0.09240840554678732,0.06911150154353157,0.048541006984769826,0.033663215641119806,0.02295941157201989,0.015395610613144336,0.010113192314437067,0.006490111802639721,0.004207074767808516,0.00267677820460644,0.0017288215227526155,0.0011712972613481826,0.0007825192155617099,0.0005707592587078008,0.0004301374123595021,0.00036396242584265574
0.24228258601675126,0.17644652869543334,0.14927619747836543,0.12099805595021644,0.09305441021106353,0.06890447661344543,0.049295074963486986,0.03345951441809324,0.022525476325315368,0.015275859670736922,0.010046465108114999,0.0065806250765862865,0.004239154553613713,0.0027471708611113864,0.0016956618214454854,0.0011591438232537497,0.0007004540531947661,0.0005298943192017143,0.00038251746167373735,0.0004007325788962963
0.24353309901573364,0.17635212507529271,0.14958100835997545,0.12055441926964396,0.09303533959504093,0.0692494555756336,0.04874170125167959,0.033411770156939836,0.02260767688000159,0.015149559496150973,0.0100197250408732,0.006352720798003668,0.004141927626309762,0.0025930485778775064,0.001628308743223654,0.0011633140716323467,0.000699974185349193,0.0004418276772771501,0.0003921841180325265,0.00035081448532867354
0.24331392365674337,0.17696626423863643,0.15034609693362425,0.12012261530771341,0.09302079229880529,0.06851428249851862,0.049188468070033735,0.0337456924090399,0.02311947378700556,0.01478070596491693,0.009361665502527454,0.006193662006799455,0.0042256598352108515,0.002598623557101857,0.0016982087704372642,0.0010758632561249724,0.0007100697490424818,0.00040882803732748954,0.0002830347950728773,0.00032606932531787616
0.24323057920478974,0.17790239847938458,0.15119725282549024,0.12053493077424884,0.09286118755029259,0.06807999125778605,0.048717974190600144,0.03364427798915833,0.022471463625435867,0.014861763741667582,0.009462453184450787,0.0060384193812234475,0.00420222330396082,0.0026226641897060432,0.0015232645546272476,0.0009934334051916833,0.0006556660474265106,0.0003857833056827702,0.00033280019073921377,0.0002814727981376435
0.2433681226048564,0.17782937468740992,0.15096401943606272,0.12122697598314741,0.09317419256540786,0.06832928691377979,0.048500727030634655,0.033072441398681075,0.022385587901150326,0.014769155352700944,0.009610384448500063,0.006104407561118601,0.0039978404374770215,0.0024974081937511796,0.0015567398555212922,0.0009969759500253386,0.0006955646162967477,0.0003825605389632114,0.00026000867799664157,0.0002782258465186992
0.2449827161310597,0.17708770943252683,0.1507748796745009,0.12112932303468354,0.0930715667951241,0.06856816790989231,0.048540381402887786,0.033003092902863004,0.02202576867732918,0.01479796893865467,0.009501993020294076,0.005858321893451977,0.004052198938158482,0.002547096475413903,0.0014935247514926981,0.0009675658689072294,0.0006731612113593884,0.00039860405881477314,0.00026297944129273417,0.00026297944129273417
0.24462606692635847,0.1777328042415597,0.1515391209089435,0.12155596667913274,0.092438268029773,0.06801686562767868,0.048604514931177255,0.0334797271580954,0.022165922562410442,0.014246093866352475,0.00947036766141657,0.005993652222549505,0.003820911922105688,0.0023564220775567344,0.0014942760786753728,0.0009515047012606197,0.0005973794733131888,0.00042693602247867804,0.00025483778085936605,0.0002283611283025488
0.24538681853550312,0.17755740608910153,0.15187821796930617,0.1206595698889128,0.0926957270334255,0.0679221230733573,0.04815985960962203,0.0338609009486284,0.022142939920202647,0.014419813585417945,0.009184974256245548,0.0060444017681240995,0.003748158204062712,0.002369087628097943,0.0014833700312898363,0.0008774398622584968,0.000581096965382514,0.00042878664966971826,0.0003112428190652782,0.0002880651623263745
0.2462053371911715,0.17838473991041767,0.1523029506503481,0.11995769178565162,0.09274867662686338,0.06769148770645118,0.04789303106243939,0.03334834094197021,0.022465065928645438,0.014334473249489357,0.009280992091210949,0.0056758555164548525,0.003601826072850905,0.002282591063631157,0.001479794351621649,0.0008458332367770276,0.0005644405748355508,0.00036581046052392026,0.00031449768099341537,0.00025656389765252313
0.24607210249279962,0.17963220445592076,0.15106597808455002,0.1204687655179263,0.09237097361538717,0.06779554407918693,0.04775548713874268,0.03376369715628828,0.022003178071307986,0.014466845433177741,0.0091617836925216,0.005735425563611082,0.003583606448836362,0.002335551362267024,0.0014301320885887383,0.0008590724004369852,0.0005197470784917405,0.00038236170424073903,0.0003161518853245938,0.0002813917303936174
0.24609883287807294,0.17973677675689098,0.15089975995364618,0.12074497144276138,0.09273073421074414,0.06748944623789423,0.0480788014237232,0.03296746958033275,0.022491515603012997,0.01439119278205447,0.009166459730154787,0.005732969125072427,0.003633805148580415,0.0021604171840079473,0.00137240294677593,0.0008989322075987092,0.0004933366443175236,0.00039069613442595827,0.00028474464034434246,0.00023673536958861025
0.24671455526498726,0.17850475023999465,0.15125293786619884,0.1210930517395478,0.09299546492767054,0.06783077890694825,0.048224039193617785,0.03289086033963389,0.021970273759475658,0.014303684332483694,0.009300208547121717,0.005740011254924031,0.0036098513687973788,0.0021251944784666825,0.001279420040385317,0.0008043960409149599,0.0005230229401833892,0.0003244066337846337,0.0002482703829984442,0.00026482174186500713
0.24736768958922054,0.17923370151486065,0.1510972647796536,0.12152637604812613,0.0922003534013223,0.06757807588201427,0.04749078443181141,0.03287823537586945,0.02196018609822439,0.014615858057086891,0.009268512206905225,0.005896640040237454,0.003419852683269028,0.002169050250491387,0.0012259849241907843,0.0007991237764968271,0.0004864231683024163,0.0003441361190710975,0.0002399025830062938,0.00020184906983977826
0.24772672393547177,0.1788834236910263,0.15209531716707966,0.12058534584558588,0.092796633996765,0.0679138123228267,0.04763046735711191,0.03206071772344922,0.022335826301531178,0.014671685680924322,0.00905175693063903,0.005555426919425637,0.003364018563296142,0.0020921747701915542,0.001185841351958375,0.0007707141841179954,0.0005044373951845249,0.000307624116407612,0.00020673663737070695,0.0002613151096365735
0.24673055400805738,0.17976125729229867,0.1524319784962946,0.12132864069404334,0.09212638386296346,0.06736439093498467,0.04793369029572553,0.0327300018680187,0.02233522174043136,0.014448215380902237,0.009148332256054117,0.005432132235886128,0.0032516750176469914,0.0020366363099853044,0.0011704046326863598,0.0007372887940368877,0.0003802161942342695,0.00025953888041208825,0.0001983736665570101,0.00019506743878105996
0.24721828748444488,0.17972742195980834,0.15314477481532476,0.12132635229950486,0.0925345521459398,0.06726581323307473,0.0471964441737933,0.03307441287828643,0.02170099817310493,0.014386798697344383,0.008884601127909132,0.005371468664777994,0.003198721173449124,0.0020105774577034085,0.0011881437157457181,0.0007380391326219921,0.0003822579364028702,0.00026807699436045445,0.00018533718128624008,0.0001969207551166301
0.2489111728885359,0.18117884564469158,0.15236298649722,0.12152501985702936,0.0912281572676728,0.06661867884564471,0.04750297855440826,0.03256221869208367,0.021703733121525015,0.01404057453005031,0.00902171035213132,0.005440826052422555,0.0031076250992851462,0.0019393698702674079,0.0011037198835054279,0.0007314005824728623,0.0004087238549113052,0.00022670108551760675,0.00018367752184273242,0.00020187979878210228
0.24840488055229049,0.18092147741006248,0.1526513583762396,0.12133668857507077,0.09212621889641241,0.0668542953164578,0.04756386272205021,0.03246858599738423,0.02156349850173004,0.013774150290548485,0.008981341986325183,0.005380527457245503,0.0033110938198433848,0.0019254010562389286,0.0011059053358276904,0.0006638743108785985,0.00038574243001175446,0.00021687664519974174,0.00016721023790209095,0.00019701008228068144
0.24926914734684355,0.1794050933853491,0.15237471274636813,0.12273857561905327,0.09221896295855109,0.06742374232956284,0.04692016127564602,0.03230972600677331,0.021398637727052392,0.01393707470331601,0.008675928269728059,0.005385230075889557,0.003212939111329498,0.0018827624658563178,0.0011945118632234284,0.0006568160799164833,0.00040368544962121383,0.00024320393891114132,0.0001555181650180087,0.00019357048199050025
0.24873492919243972,0.18062464215623006,0.15272027455925236,0.12191509711838551,0.09183470844627131,0.06715383062447666,0.04753654557068015,0.03209258762828598,0.021612936321184027,0.013832213054802636,0.008891073183808417,0.00532173671303329,0.003077870113881195,0.0019278057433718227,0.0011997074368622935,0.0007165149243605148,0.0003756325354037801,0.00017706026999209022,0.0001290719725175985,0.00012576243476073695
