0.10096999262578711,0.09643201542912251,0.09586476827953942,0.0989846276022463,0.10301208236428615,0.10068636905099551,0.1034658800839526,0.10250155992966134,0.10011912190141245,0.10051619490612058,0.10102671734074538,0.10114016677066201,0.09819048159283003,0.09858755459753815,0.10221793635486975,0.10011912190141246,0.09705598729366385,0.09614839185433091,0.09836065573770494,0.10471382381303536
0.10534863746388694,0.08508888368340231,0.08039874027224693,0.07274146950886233,0.06793680539288409,0.06331953879388877,0.05799432601962468,0.052445277322297694,0.04971239686629708,0.04503786991489029,0.042679784492855484,0.03923895786158613,0.03649566643241978,0.034236485255459255,0.03184196142734441,0.02967647900887535,0.02763592826839489,0.027172639962520503,0.025605788501080144,0.02853647744722937
0.10719205499787698,0.08549174934607372,0.07829937022115185,0.07110699109623006,0.0662612917759245,0.06004129378551217,0.05661202965114206,0.05192839385325472,0.047633710509171166,0.0430278652020446,0.040619601258909434,0.03765059752820716,0.0358063146430875,0.03503165100592829,0.033057717302874046,0.030882824832021157,0.030069265949481568,0.029096884814972072,0.027732309956210437,0.03280165693745321
0.10610308855069885,0.08315370361366373,0.07623053110970648,0.06946943053327068,0.06291362106502865,0.05681971659022273,0.05299211790192487,0.04935900552665273,0.04491013111618938,0.041490413445487116,0.03916738248434655,0.036471586089906714,0.035739561217268234,0.03526685142866402,0.03428631626715937,0.03365153455103374,0.0331491115757173,0.033024856431284215,0.03365153455103376,0.042235944312085695
0.10372759839476603,0.07941935900718622,0.07319273576575261,0.06610702038608891,0.05889686826216907,0.053964865763862155,0.04918362316725015,0.04611099278984788,0.04221277247459218,0.03953977548739719,0.037326237248224994,0.03560326694313959,0.03516055929530515,0.036258952864797085,0.0359382889469062,0.03672319764144511,0.037508106335984004,0.03934594132807507,0.040334256239186565,0.053462332758212223
0.10195517322607948,0.07697894764393337,0.0698335354522374,0.06265976845025695,0.05636718170634886,0.05125022901962153,0.04664366291801534,0.04172083162477427,0.03906856629354645,0.0368830647623867,0.03557001893228872,0.033999598670377516,0.03466266500318447,0.03601279020057756,0.037247315017579975,0.039478620473045456,0.04184733770142821,0.04454758809621441,0.047878187735017744,0.06540146049084358
0.09989314509600754,0.07556341676650587,0.06832237800731795,0.05954934753748017,0.053605543502898034,0.04781352200239612,0.04236756467959719,0.03861752420425475,0.0360716251659489,0.03445665900333517,0.03318775701842437,0.032979309004954174,0.033922384483372724,0.03583484441278372,0.038415147492147785,0.040987355503027546,0.04530202700514847,0.05047679953372405,0.05598346987015509,0.07665422724476245
0.09956621791126026,0.07439391372704277,0.06639016785977361,0.0577297531876988,0.050298927060274584,0.04464015501190568,0.03914126754209818,0.03587315062078995,0.03275159456316297,0.031607658471313096,0.0308329796204264,0.03151248907931225,0.03315891956092649,0.03550198999198674,0.03913746076641814,0.04254071822436755,0.04860491188265995,0.055203957523996955,0.06315821530742569,0.08795555208715995
0.09888527156219598,0.07373367900241498,0.06582930686827074,0.056372322559255617,0.04819619800243853,0.04179189924144841,0.03709058232920813,0.03285305621832952,0.030342063832832396,0.029099249419808577,0.02866625722634984,0.029994220731811155,0.03216642843037612,0.03590393008353669,0.03919938112914943,0.043801055486409654,0.050978942810608496,0.059049989763992075,0.06915193315615077,0.09689423214541289
0.09924456952661434,0.07387012172276484,0.06528243689498037,0.054999172250346326,0.04656309630649392,0.03968144708065767,0.03457205342906186,0.030320034155564654,0.02769040420322561,0.027131019700441766,0.027029947111153706,0.028437992837787206,0.030828882363704478,0.03448143662487258,0.03983305596458975,0.045275292108496214,0.052639650079725354,0.06234436128222779,0.07435631572985736,0.10541871062743421
0.10054197188255976,0.07463513951071656,0.06480098595823242,0.054661687148129356,0.044780066555571166,0.0379329460248897,0.032657323570945425,0.027939438837871228,0.02528976085088059,0.024908329278857,0.025691535440078784,0.02680870613325016,0.02982286317795224,0.034401737293666704,0.03966379773616124,0.04537679505935923,0.05368861282661137,0.06572320273681391,0.0781663482419395,0.11250875173551365
0.10280678362845318,0.07558515528497592,0.06465926414821442,0.05395780930230238,0.04384155130364236,0.03645842858021603,0.030511698118226398,0.02680101810951493,0.02392823358664156,0.023732059643528678,0.024174282261054326,0.025371275812251563,0.028405321966327914,0.0335208069066528,0.039100126848066595,0.045404292884372074,0.05463776813902415,0.06717295060572857,0.081619997772262,0.11831117509854418
0.10514120678055107,0.0767981095849948,0.06554259177209996,0.05328279098770903,0.042985608559379045,0.0351531859728581,0.029181640657050503,0.02526296788591871,0.02268662104727678,0.0219022300989514,0.022358423997768252,0.02403879289125191,0.027507835704557018,0.031876138433515486,0.03792316907071006,0.045545545545545525,0.05606426098229376,0.06928732010699223,0.08502600961617357,0.12243555030440276
0.10792386169922052,0.07794546306296928,0.06573613804052204,0.05354958554009916,0.04237641026975678,0.034035160774005487,0.028055747133915433,0.023663903600661056,0.02149238096477416,0.020661183910887865,0.021355745832628472,0.022585462021939697,0.02532792431714966,0.03041595638086067,0.03650109958749204,0.045375876742097934,0.057006129061641965,0.07112997254284491,0.08777180631644695,0.12709019220008588
0.10978147762747138,0.07964174223279324,0.06692207263396695,0.052930759237595396,0.042550784961317464,0.03286399389869507,0.026489616794100345,0.022453319200367108,0.01999082218961874,0.019150600112460493,0.019633727806826484,0.021181675402821856,0.024411682964820557,0.02920418042799619,0.035791844675254175,0.04502459265387377,0.056963825207954955,0.07237058964200073,0.09089910225502679,0.13174359007503825
0.11246549509415396,0.08117997533813603,0.0675355659769169,0.0534104592669285,0.041455725201884855,0.03236105997784612,0.02561682794411049,0.02122142141723727,0.018605720459218697,0.017451403748796248,0.017962647082938783,0.020369349193666373,0.022713351650206673,0.027914207580870497,0.034844930893727304,0.044264348172787384,0.057910365217447225,0.07419780615517681,0.09276333452837801,0.13575600509957186
0.11448648302164963,0.0818261942534814,0.06841177507491628,0.05376664583433489,0.041373010912936874,0.03148887072736888,0.024949121035847635,0.020241014053811512,0.017568065637869966,0.01629889588641572,0.016601765940740025,0.01872506129513004,0.02195086774674295,0.026620515039341063,0.033882986394884865,0.04405717673829782,0.05748441581334233,0.07608768809191864,0.09523420348380685,0.1389452430171626
0.11683980116048341,0.08309176581194667,0.06903901162242236,0.05426994910693299,0.0411349649600514,0.031015510953281672,0.023334383279317073,0.018970978320480815,0.016315201245864837,0.01507605179804582,0.015626074262626126,0.01714663055278857,0.020246902526106083,0.02550729179491197,0.03336110094031459,0.04389786850305952,0.058086529406215566,0.07654585892243565,0.09724045415226987,0.14325367068044498
0.11830075159186902,0.08436586828639604,0.06998800515523115,0.05423679610039942,0.04070431431597485,0.030665012058647138,0.0231028366531831,0.018274592621894414,0.015432197225873134,0.014192836270368908,0.014478351857286869,0.015771944823714065,0.018979608763892958,0.024484157872573922,0.03210375540725051,0.042977273597304994,0.05769488432631081,0.07751827937779934,0.0997757346842421,0.14695279900978728
0.11946170035948199,0.0850036457653401,0.07064665369686972,0.054447674511164966,0.0405842139952812,0.029981245801001716,0.022349019145840168,0.017639772911804324,0.01486166788192178,0.013745649758169536,0.013686744379312428,0.014766145645937284,0.018120568166259635,0.023310609654750798,0.031218258757000978,0.04242301703798282,0.05792468390100078,0.07835052202901965,0.10119625680197923,0.15028194979988097
0.1209513131843229,0.08632745720124359,0.07063285704062401,0.054542273959749706,0.04130785684183742,0.02941405659852262,0.021858575256633508,0.01715607929200162,0.014229940443532676,0.012890913861787649,0.01299269260434309,0.013748081709246754,0.01731033769868722,0.022337253405214565,0.030263272981719592,0.04135397533455784,0.05798843857096284,0.07897553334446539,0.1031893323155459,0.15252975835500113
0.1210584522428722,0.08674142113889768,0.07115373325442169,0.05517254510576114,0.0407939185168848,0.029406211274734587,0.021720262566224665,0.01673010800630235,0.013504357856756386,0.011933530189245065,0.012144560572860221,0.013207645964004243,0.016368341634390653,0.021537792685655175,0.029337983406347728,0.041117604218068975,0.058231692320874086,0.07994878149787148,0.10499634266891555,0.1548947148789114
0.12226884493033553,0.08769826544496144,0.07168637824019895,0.05526376717824783,0.04064263218489234,0.02946428288248857,0.02132909605863678,0.016216456230157595,0.012811729892767776,0.011294113169487814,0.011208479623973588,0.012597646028982203,0.015299860131875663,0.021070609615695686,0.02894096677101273,0.040442820578692466,0.057905720638001645,0.0812852643697847,0.10565910871337181,0.15691395731643504
0.12379600077334861,0.08739948844889722,0.072247877253091,0.05505513278459389,0.041233110731480054,0.028927676055668424,0.020691830078824507,0.015630199897943342,0.012419535293539686,0.010757152682473826,0.010440206522118092,0.011990073246257664,0.01469362399409212,0.02017679256824643,0.0280370573450688,0.0404248980225729,0.058175467733296134,0.08179746506460948,0.10719436089391499,0.1589120506099629
0.12401321101847068,0.0882069810669512,0.07238510815492233,0.05547076128018949,0.04082052711077053,0.02925296947089428,0.020612925391944828,0.015348467528190581,0.011925382445051728,0.01014259160156683,0.010057093639268263,0.01111948498560784,0.013972583653422927,0.019134127303299275,0.02729601611161601,0.03994654794060742,0.058285860853649646,0.08187538197006304,0.10824992004357233,0.16188405842994072
0.1256425866335655,0.08863781911907717,0.0721641985752801,0.05561151477296982,0.04047722582838528,0.02913006696657997,0.02042520220428365,0.014824360971213072,0.0116665744261984,0.00972478079711577,0.00968841169819973,0.010961330160261224,0.013374340810082142,0.01821143096591582,0.026543117148030135,0.039544279377930286,0.0584609546097833,0.0825926423731628,0.10908674030091475,0.1632324222610511
0.12625446047936334,0.08856064673003441,0.07274607635709099,0.05570309786212777,0.04093220071367669,0.02871285565415101,0.019971895032683866,0.014769318217702974,0.011373038178545488,0.009402532604919953,0.009445163735118577,0.01034199640003789,0.01265986673824486,0.017567183503331543,0.02636972242397448,0.03925537625919727,0.058207282028610245,0.08322543973221337,0.10944200587362236,0.1650598414753529
0.12590071172804032,0.09008853972604468,0.07328998970615169,0.05620409606749732,0.040346517458493054,0.028276506659425184,0.02002879751431982,0.014627684768262107,0.010956948979140745,0.009510758018781535,0.008937649592350976,0.009919670091634195,0.012248416452474627,0.016937485395997397,0.025575160880850278,0.03874244538892434,0.05857547032782435,0.08359804732644131,0.11102989005159554,0.16520521386575054
0.12846236425230584,0.08950795845241714,0.07261526238379966,0.055339501258754926,0.04068844514997076,0.028663670456856312,0.019812187774392014,0.014015767146890476,0.010815676346284513,0.009012275422199173,0.008367528063850483,0.009363812490443081,0.011741022799464653,0.01673663252711013,0.025118348185643093,0.0379581213732961,0.05846865408594846,0.08357912027454571,0.1117414957192874,0.16799215583654
0.12805248355156787,0.09016469727155572,0.07334005309558624,0.05581188451473378,0.04025863197628839,0.028749856061430618,0.020066219628961858,0.013767625573585343,0.010551288664265851,0.008604765983490838,0.007980112027585728,0.009131620582663327,0.01145198919159367,0.016032784868231138,0.025068183503141408,0.03806445608572271,0.05838779337835259,0.08356639551006312,0.1126380430033236,0.16831111552785624
0.12815452320273693,0.09043097772499457,0.07363573073421519,0.055849748457193614,0.04031772833376911,0.028254069260114475,0.019846207641735,0.01383721699465412,0.010419259011910873,0.008365334030575764,0.007795149334837023,0.008622074653242651,0.011025670912075,0.01589271707183382,0.024366732715685752,0.03802123859236835,0.0576847351161318,0.08462044915433105,0.113181662104139,0.16967877495345593
0.1285575638407825,0.09118581259925884,0.07285758400766343,0.056312863949179455,0.040388905694623015,0.02855819405581184,0.01942952935541607,0.013776500541984925,0.010166943961279592,0.007951738133050995,0.007405026595074243,0.008487420908013809,0.011008281025485898,0.015881418740074118,0.024130933474501504,0.03808074314956263,0.05770879023922965,0.08462842521868459,0.11343712974867022,0.1700461947616526
0.1296032422066277,0.09096033366765174,0.07341255158449622,0.05631822497374524,0.04020795971803888,0.028358286505133657,0.01929547504971478,0.013685538076876443,0.010065766788480346,0.007807936415465981,0.007190733133582,0.00830862683291268,0.010580627689439681,0.015323016171670686,0.023900882191323566,0.03753918532315788,0.058336731625212766,0.08445923073168503,0.11408026476761193,0.1705653865471727
0.12959328643836612,0.09133650656645044,0.07434784389205128,0.05586916871162744,0.040701282418797446,0.028022000522921933,0.019092950949292316,0.01340381228992556,0.009850463226932369,0.007706798300188693,0.00699644350080486,0.00816671759380306,0.010272580934770216,0.01518048682142216,0.02391737833402112,0.03788348921237245,0.05857828235894496,0.08499686561851269,0.11334175468660912,0.17074188762218567
0.13035355077550737,0.09152781406710882,0.07422488612145575,0.056120794678637405,0.04087980029150389,0.02788174889741644,0.0188989589596522,0.013369514233637535,0.009431378536373453,0.007413516840173392,0.006977520202226888,0.007602396250114118,0.010005886741609817,0.015012765100121825,0.02363825815408152,0.03767199831267728,0.058318091814281194,0.08513109805044965,0.11429880093054591,0.17124122104242548
0.12974368976017314,0.09185865817751716,0.07452751843370159,0.05653263960540553,0.040851410524196594,0.027727621612099553,0.018870951506152964,0.013133225960691544,0.00945120416740066,0.007411228829554319,0.006627953796210084,0.007370334952311448,0.009748471198127695,0.01447014117824697,0.023564310340488705,0.03762393990487455,0.05851599265168483,0.08553111709489897,0.11410650023907189,0.1723330900671918
0.1304455215791403,0.09235459861524742,0.07442612686171508,0.056145252714993,0.040214776672849444,0.027768993938364205,0.018985678933101744,0.013320495817581416,0.00942833724279738,0.007110976862580371,0.00653832297364691,0.00708108558815802,0.009588806189696316,0.014678188966344001,0.023522859745420736,0.03827341706036621,0.058201457750256806,0.08532070977617728,0.11458426743565908,0.1720101252759043
0.1304239209506287,0.09169582520900665,0.07467833951070214,0.05641647668442627,0.04070778662703095,0.027663823348725705,0.018840058259474626,0.013017253163184663,0.009343826742481494,0.007123744820987235,0.006283161786309652,0.006900636800568142,0.009291977695482694,0.014300909872215665,0.023481333557488816,0.037574847241709265,0.05868369410319218,0.08562320197717697,0.11467752249541607,0.1732716591537921
0.13082192857030625,0.09267476391747718,0.07448894615275838,0.05598259038700247,0.040458495042659845,0.027668400295397758,0.018594346589569946,0.012689533805760253,0.009250035353455996,0.007091117640588909,0.0062772025203085965,0.00698427164024323,0.009336454912559118,0.01438335716418145,0.023100733780620022,0.037730779504423106,0.05860660245431546,0.08545323130587812,0.11516270446082055,0.17324450450167345
0.13091998164687838,0.09197773741208418,0.0751236635847669,0.05636356779655691,0.04020559267383612,0.02809221815073445,0.018750667814784315,0.012572202563151714,0.008895292927134335,0.00676771359073796,0.006170608607111205,0.006687575816619631,0.009264555219640355,0.013994255221525947,0.02312367615539814,0.037531190878749975,0.05959893401047135,0.08514245667846211,0.11461744426496373,0.1742006649863923
0.1305445320741448,0.09274218867734967,0.0747193198372432,0.05607324056864419,0.04036425629175667,0.02791417591801879,0.018724569246998547,0.012616479127944941,0.009071871703420907,0.006528796403275229,0.005960528959662433,0.006770545536745869,0.00892274074446175,0.014173720299392173,0.022974016677550602,0.03797502134927412,0.058779575023860955,0.08541279449439894,0.11468484703873008,0.17504678002712618
0.1305464501463145,0.09262556045363776,0.0749594966278588,0.05664820466448136,0.040787523705462,0.027625497657711964,0.01873202466623966,0.012548195873051757,0.00870822501036133,0.006389485450183992,0.0059452042751466285,0.00654490536653982,0.009234140888939124,0.01380254449091343,0.023085352222347817,0.037686974869070494,0.0588727503359582,0.08537263102369917,0.11490084523316126,0.17498398703892085
0.1310015828350334,0.09360239435204261,0.07500722325511279,0.056404200793929944,0.04047064217878498,0.027941435103763634,0.018370622079292506,0.012450693432490832,0.008446497663433998,0.006314067132304909,0.005599592985277121,0.006408283503341542,0.009151550173358124,0.013920468820662281,0.023268303100346707,0.037619026682076284,0.05835604994723884,0.0844869604542485,0.11610597457414201,0.1750744309331189
0.1319012391373559,0.09290628759090432,0.07508378801827417,0.056745307949393135,0.03990144615688629,0.027622992341845707,0.018467083110499813,0.01222199394311041,0.008464275800201058,0.006406627134300783,0.0058749633402914924,0.006299980709543757,0.008552102267648024,0.013813848665586603,0.022594927080507074,0.03726822046325326,0.05857868545734849,0.08553670597423862,0.1161348199008502,0.17562470495796087
0.13218945251529848,0.09288619703551014,0.07549738893359625,0.05684736281508881,0.039933864488085086,0.02760090920642092,0.018270405770229297,0.012160400577901388,0.00851949632850651,0.006260598388339066,0.005877840681810695,0.006299815366466975,0.008387727281996741,0.013591035940007434,0.022643883171053477,0.03703180810661998,0.05824034987819206,0.08608597302813113,0.1161575518566102,0.1755179386301353
0.13139705905411805,0.09318640102610097,0.07525315403745018,0.05646377756940763,0.040568934103118126,0.027596847687352797,0.018242143522424006,0.012374677383442521,0.008428014563609167,0.006311210905772447,0.005643241751521748,0.006245354791973082,0.008616174888750208,0.013558519429121573,0.022845799477541503,0.03706288004465671,0.05903373401029237,0.08685010207697641,0.11599927244674282,0.1743227012296277
0.13143381920817185,0.09312278931127595,0.07633996925213093,0.056455720404392465,0.04056461989083096,0.02746308140036014,0.018226183330643023,0.012064072165029232,0.008332641166726478,0.006353305866072815,0.005586959894560823,0.0058079308188618275,0.008544209072972118,0.01333347960250308,0.022645601816663086,0.03695229378789612,0.05916378960433668,0.08710799209519614,0.11710205252212452,0.17339948878925174
0.1316620366596223,0.09317131444123242,0.07588717414888346,0.05733631409633342,0.040334363849573895,0.027207823562241717,0.018417603642132855,0.012123197903014415,0.008181943599616224,0.006214451892868119,0.0055105445013701885,0.006093737262254887,0.008166266374861255,0.013338182821524202,0.02254228147516414,0.037416832322674905,0.05878175421874118,0.08693804987865827,0.11626543422777123,0.17441069312146087
0.13103253714500657,0.09318224562723343,0.07568961193655571,0.05702777255344492,0.04109303491944081,0.02757507366309322,0.018215158924205384,0.012154410381794245,0.008370948529872732,0.006118738637076048,0.005415021001818069,0.005839759262742148,0.008516707416462918,0.013436461663845524,0.022332455645414084,0.03719986207761267,0.060013478778759954,0.08626888596326253,0.11602564102564102,0.1744921948467181
0.13158558973804224,0.09312990024316023,0.07505984940056536,0.05673268521958888,0.04073521872663052,0.027812137944441574,0.018530973534571553,0.012181528287954397,0.008396945368118889,0.006115848372111979,0.00526612014404618,0.005912039018516863,0.008365590082950408,0.013659929983648214,0.022574237557047027,0.037800364034860805,0.059274031082494225,0.087194344760767,0.11607099463667846,0.17360167186380526
0.13195541018121665,0.09291582073840138,0.07446205228463294,0.056504875053262155,0.04072674637190768,0.027845138732235496,0.018646452114194058,0.012305123192219972,0.008354324886582953,0.0060812843070907575,0.005412374363987266,0.005791475549540069,0.008454583051357246,0.01355051758277565,0.02268184324635937,0.03777852971401359,0.05944525904203323,0.08747681529939594,0.11615378349249313,0.1734575907963005
0.13215267395685434,0.09235439213437013,0.07529485142246417,0.05708505323466821,0.04034206839487368,0.027794232414694458,0.01850128032746295,0.01234724612062346,0.008244556649397135,0.00605060506050605,0.005179292858060735,0.005854716525783632,0.008177170993452621,0.013470862755791247,0.02233599428318901,0.03755104855214867,0.05874775511739206,0.0869807778498648,0.11684202608295015,0.17469339526545252
0.13190642188593282,0.09298666173005302,0.07520543947889441,0.05635270012895857,0.04038191818817911,0.02783120546458032,0.018451116542780678,0.012535024332694291,0.008391720294816243,0.005920798727357728,0.005163049446670453,0.00580627347375489,0.008361912352097696,0.013225313532492225,0.022465775775241836,0.03772901128622841,0.060337551418701174,0.08633164630836469,0.11655846906406196,0.1740579905681394
0.13123477650260035,0.0928362962661091,0.07559788963532574,0.05669332313470032,0.040633610974397875,0.027641325780493213,0.018713342131744186,0.01249698273024511,0.00825242870622608,0.005973410408248353,0.005133277115458768,0.005869961159509336,0.00800321006153663,0.012924886440938315,0.022818396411251524,0.03750975714505151,0.05984539039552097,0.08677667815057825,0.11658416850315205,0.17446088834691234
0.1306306941474152,0.09288461689110326,0.07593241051914175,0.05737428810917094,0.04036254533775155,0.027653090800842915,0.01843748286370081,0.012433707002577303,0.008263025545815608,0.005912904514582501,0.005135797826921421,0.005621489506709596,0.008156486725733042,0.012971101345052607,0.02253452719481719,0.03797952261208118,0.05935622351217754,0.08703751576539522,0.11601920832256195,0.17530336145644834
0.1307148898844021,0.09292628677046455,0.0756335954387394,0.057235049027286114,0.04095109802324489,0.027840606497290202,0.018271670687008548,0.012187901381535669,0.008129444566272985,0.005797124150245921,0.005023338867829956,0.005642053820369035,0.007961843300648475,0.013115190626860063,0.022386516713135563,0.03814416841577643,0.0593888036089095,0.0866749161993672,0.11602236772030947,0.17595313430030385
0.13015133111272506,0.09334381026321721,0.07552468130932405,0.05693073956272381,0.04098524881664954,0.028009091136767767,0.018309061083423082,0.012154386536101578,0.00812379473565579,0.005680395201482633,0.004905582408775576,0.00556456460216885,0.007863958526384333,0.013370607828896292,0.02250713766936312,0.03859350346865687,0.060019033784968326,0.08720948433469412,0.11591825490245186,0.17483533271557006
0.1312975713002013,0.09226053495893723,0.07547849174517596,0.05689770154889492,0.04099233223435998,0.02756826315245673,0.01830996058098432,0.012162284862659642,0.008081054763939898,0.005728124637980643,0.004860843673388877,0.005538700456183526,0.008128019437112739,0.013248734302057995,0.022846748009480597,0.038324738798142695,0.0601805322036764,0.08767678285726811,0.11654283647840095,0.17387574399869754
0.13107258137736497,0.09311787155572669,0.07565112849749692,0.05652975670539469,0.04075677740312517,0.027823435303546883,0.018069422398382006,0.012127160644569465,0.007952236488242273,0.005791983268995357,0.00493570898571415,0.005746586643373503,0.00808686096422433,0.013349738734592543,0.022904945727551366,0.03881411490668645,0.060076955107433466,0.08709733975773855,0.11522915903533736,0.1748662364945038
0.13075751003399733,0.09285773569127702,0.07574317351494488,0.05670872358784114,0.04017983679388142,0.02795582065805484,0.018578750632263195,0.012089342117420082,0.00806791328872387,0.005624989233908411,0.004961015003625235,0.005621857279991983,0.008110194666595676,0.013387537015780345,0.023146705419376454,0.03849954351771668,0.05995812577613732,0.087249972203909,0.1164037652349983,0.17409748832955677
0.1299201998603733,0.09277666292032818,0.07597449150499493,0.056980868628746184,0.04072656007864181,0.02769211985361105,0.018660209189695163,0.01196062900918218,0.007934619610986057,0.005680555251187295,0.005063818197186804,0.005700904443324371,0.008005059122229772,0.013392899071137642,0.02319025242390185,0.03844588523681764,0.06021325953359653,0.08748587296468947,0.11673235803307842,0.1734627750662914
0.13000195564594988,0.09245042437517113,0.07591974029021784,0.05731763601517578,0.04072437125982714,0.027444753001916525,0.018187507333672304,0.012140650056713735,0.007874212852505181,0.005696405522744162,0.00501740524895373,0.005832518480854228,0.00819024523800211,0.013542457073571398,0.023234638401063868,0.038820354363046115,0.06067195994837095,0.08674306723510775,0.11631712754722884,0.17387257010990734
0.1299895340050969,0.09263422364689076,0.0756273730352793,0.05771628549481942,0.04099103115862788,0.027446250310929215,0.018272469427248823,0.011889620517730399,0.008066168867028673,0.005570912982057621,0.005040573330016756,0.005780545764870236,0.008200709309729307,0.013658983781618962,0.023070557075653968,0.0386131070550818,0.06067148196297634,0.08773757730208866,0.11589876926783407,0.17312382570442095
0.13042260967220734,0.09198122429954779,0.07582229716096515,0.057784861504965285,0.04083605359927551,0.02833403979434946,0.01789979306688022,0.011906083958851121,0.007795575729232002,0.005605807265964586,0.004894132515402675,0.005718423929789768,0.008480660434168525,0.013789284837261101,0.023253776959569046,0.03851802726887385,0.06041101954055529,0.08747342950587875,0.11676627506307317,0.17230662389318938
0.12990155442035353,0.09276783172594151,0.07522937788775264,0.057586128151306516,0.04111753094607235,0.02811501897274993,0.018013945675057635,0.011830987677879311,0.007836230601027939,0.00563551673762548,0.004733020718305496,0.005590157318976816,0.008239773015212613,0.01390187975687352,0.023527461217697058,0.03845853054252992,0.060493823298474386,0.0873950867929014,0.11632813941921175,0.17329800512405008
0.13027508877488317,0.0924963137509987,0.07587965706547999,0.05692694268840525,0.040909154875621356,0.027973274499287774,0.01834915462544114,0.011561452859012507,0.007789986224452303,0.005468001169592473,0.00478469647668086,0.005535237100473937,0.00803547555348462,0.014014782523036121,0.02347472163542802,0.03861062421525505,0.06029968461657539,0.08863572041736312,0.1159725990127264,0.17300743191580184
0.1293281332375915,0.09280231031931152,0.07562353434425446,0.05775328956116761,0.040795095264690176,0.02752421314134905,0.018316101367449964,0.011916103870504478,0.007595206024852203,0.005423806238550481,0.004890342746382695,0.005439450329229888,0.008213147606688787,0.01388725929610978,0.023534970018100218,0.03878170079425047,0.060807016061787914,0.08813098484244053,0.11637639056411031,0.17286094437117805
0.1288578135238307,0.0928705807656279,0.07544151292753606,0.057793506597085945,0.040641239567189874,0.027489291561954125,0.018364247969736444,0.01182424243372028,0.007963105736344888,0.005439057688728893,0.004802572214515935,0.0054046530685011645,0.008347811944345838,0.013830657331546373,0.023132415564024664,0.03924472475521895,0.06116985091852517,0.08787252775436351,0.11742609652998127,0.17208409114722206
0.12948695294553658,0.09201508069673946,0.07590700758256932,0.05700766075625534,0.041365581796829684,0.02752805738295806,0.017862588018946267,0.012056425949932208,0.00775614432057896,0.005408972420339237,0.004800678037132542,0.0055528363875757825,0.008126750410090497,0.013815632071031276,0.023379458414712912,0.039296755398417184,0.06127979508767101,0.08852168827493027,0.11606694678440575,0.17276498726334766
0.12956478082639564,0.09214878812097363,0.07586110898230938,0.05711635821633179,0.04063786893219826,0.027742543937164025,0.018197344610942804,0.011795820632207188,0.00796084951179191,0.005535058236194806,0.004696744810198646,0.005607003045142239,0.008112559217615842,0.01384624768720899,0.023372678802400456,0.03873445953026297,0.06102953021603775,0.088543727585673,0.11695097899680783,0.17254554810214287
0.12919114267939266,0.09219654173088525,0.07593529891737605,0.05697453035755039,0.0406273153865152,0.02752359544941554,0.018276117559891333,0.011582794313957815,0.007538976649962016,0.005433440355643367,0.004755041876256366,0.005674162396716176,0.008156413054012396,0.013883721875381012,0.023554808031987888,0.03909544785241552,0.06077449972019971,0.08873733473806629,0.11703155334494221,0.17305726370943283
0.12941009052795205,0.09267503921209876,0.07553587261971226,0.05683447724759998,0.04061482068772469,0.02762439578964487,0.018186907615826208,0.0116502546636204,0.007800197350622621,0.005559282594519534,0.004669484620881947,0.005512368817350592,0.008320940277197873,0.013745736710499777,0.02386816603098499,0.03938411593332612,0.06107548270367226,0.08823074072162772,0.11703579990335759,0.1722658259717798
0.12947597638467823,0.09275615334315743,0.07557497426655777,0.05665424578331346,0.04081057996452069,0.02774518729878639,0.01807754761077895,0.011665305688263992,0.007654330257835009,0.005420448465848831,0.004813483385113088,0.005628506083729897,0.007865516561699253,0.013533131220218821,0.023934447771280544,0.03914455467848059,0.061452085738510714,0.08800055064873304,0.11666713596956418,0.17312583887892927
0.12953585772285914,0.09245012530231232,0.07553939401519262,0.05705437166713827,0.04013738698950837,0.02738985043453248,0.018292730589866697,0.011729797249446183,0.007671346808347651,0.005393549315019236,0.0048088573023186,0.0056108546352475475,0.008115337534569524,0.013712122041169197,0.023837924624757496,0.03887889214933723,0.060986190950405944,0.08855113631922307,0.11712600425543225,0.1731782700933162
0.1291335109976728,0.09259815329179488,0.07530872306883866,0.05686197232440008,0.040725170782974246,0.027121962815604438,0.01809329880139128,0.011648274654055003,0.007785326426944921,0.005616132422490804,0.004929559842854641,0.005650539248805145,0.008252946475489825,0.013725195806120659,0.023429484773415412,0.038574744138327934,0.0611487500938368,0.08832701498886471,0.1178902985261367,0.17317894051998103
0.1289049731861766,0.09259644452924498,0.07594200269311192,0.05686188339544798,0.0401464477353306,0.027379971192147752,0.017961899191284453,0.01184218551818945,0.007724320427144441,0.005470676828133481,0.004784105322258526,0.005487880214385473,0.00842340348665721,0.01403952712583026,0.023147938174157695,0.03875922922573815,0.061018847091611164,0.08785456570051406,0.11804338068435076,0.1736103182782852
0.1296319457689866,0.09232154638433857,0.07464581307435186,0.05672150010787419,0.040582583164747325,0.027775258976227037,0.018088469343405748,0.011869287748931421,0.0076668844995731915,0.005445301531813504,0.00473239383772595,0.005446864925879486,0.008337580553879249,0.013562443522389365,0.023375868074555134,0.03878624338293461,0.060859804200527154,0.08808787525366066,0.11802218143500813,0.17404015421319075
0.13034087854521811,0.09155211322193679,0.07502547368552656,0.05640780401202732,0.04001869112140477,0.02733967206146191,0.018067563090348755,0.011969506591902181,0.007812451162412717,0.005490126211953568,0.004677468759572168,0.005597959604673406,0.00829223161987635,0.013960517350236606,0.02383586819946364,0.03916227519081823,0.06079302864930081,0.08847651732523179,0.11763216623220749,0.17354768736442683
0.12931262222124965,0.0921151564510154,0.07487482824543824,0.05637144942873533,0.04042230910037345,0.027871525243035645,0.01820324797841559,0.011917695370325502,0.007622072747338297,0.005394539181924618,0.0047661402392605535,0.005547730963967105,0.008348952121315383,0.0138263399200589,0.02355401807975665,0.038888828098499195,0.060810884745068544,0.08849639139562399,0.11781542266081621,0.17383984580778178
0.12909531555434714,0.09256698371327361,0.07492550420410989,0.056441796399513085,0.04035195454779841,0.02727319604543345,0.018141503729086877,0.011853699163553232,0.0074237970901715545,0.005606521565888347,0.0049830538666716636,0.005700276107123938,0.00820664750948874,0.01363972317409124,0.023560516212504032,0.03897376279163523,0.06099357937650104,0.08894962099726708,0.11740724941364347,0.1739052985378979
0.1286448675574345,0.09250341620830588,0.07568816662966428,0.056304116022876854,0.040247155244387885,0.02745318152964832,0.017969099340523265,0.011722988502152918,0.007800212008167632,0.005454988914912181,0.004834286536230569,0.005702019080735087,0.00828489144744043,0.013736753398228264,0.023617960031144563,0.039191804852422935,0.06142139281236029,0.087905215463463,0.11798817382168172,0.1735293105982195
0.12867629247496007,0.09303975607812127,0.0748753276020235,0.05682967195257839,0.04012646180437802,0.027219293708009518,0.01806597205400413,0.01148033137618636,0.007701480128212141,0.00551824803829486,0.004996272721163597,0.005893320122461037,0.008257837053058636,0.01406676595658228,0.023681113714041916,0.03893248233644903,0.061346164966079426,0.08873111551126234,0.11647551013710446,0.17408658226502904
0.12962711058784532,0.09196135546685055,0.07513450380175522,0.05627035537772858,0.040417591111569756,0.02780136122068943,0.01815899045144182,0.011498296519709243,0.0075222062219637165,0.0056678440146785405,0.00502991839868162,0.005731949284913527,0.008466586300547396,0.01392335198640343,0.023733021875532577,0.039316856715339764,0.06164894390476146,0.08806969650063405,0.1167435148137898,0.17327654544516424
0.13019123738988878,0.09245981418900429,0.07473098690002768,0.05624371546928925,0.04065573360314139,0.027457241734131704,0.017983727072702734,0.011543988978321007,0.00752188932345219,0.005573391590183698,0.004816511250776035,0.005826727571555686,0.008333502745255034,0.013866235474230881,0.024007493740881077,0.0391075692725348,0.06146681533214382,0.08770898263710247,0.11642508526632334,0.17407935045905423
0.13042472587239468,0.09161238294094845,0.07495373901301558,0.0565134219377102,0.04036271114389668,0.027103312036608707,0.018012090371463223,0.011660581888198447,0.007740900963978947,0.005388779835210865,0.004690176416899012,0.005734174366412023,0.00828165439291832,0.014075217864242756,0.02380252810042386,0.039537515159850455,0.06128955626961402,0.08760986984408795,0.11714969805328765,0.1740569635288381
0.13001670868585943,0.09192434357059459,0.07473581051193601,0.05569509852497782,0.04044471050521501,0.027892095337979678,0.01837642840507856,0.011805491515144892,0.007561891692078779,0.005387730604091677,0.004673430376047031,0.005458066512761282,0.008501266827866158,0.014082811935847416,0.023787604312060107,0.039375604693437025,0.06127820665315177,0.08833877524863741,0.11642312207031394,0.17424080201692121
0.12950875021101796,0.0924555611827009,0.07481289741714028,0.05648716073002835,0.04026378806920137,0.0276402253359093,0.018086583009772464,0.011824820712896792,0.007707626032424859,0.005452078604968142,0.004720549709576776,0.005420816686361674,0.008176554811521892,0.013839651367083696,0.02384190222522337,0.03884293386853738,0.060854450759351995,0.0877193805138209,0.11708213756494663,0.1752621311875152
0.13000923880674012,0.09147825597591344,0.07518762906581751,0.056286374870445646,0.040350605681162686,0.027514760986910903,0.018155584006703206,0.011904147770883845,0.007719327865085284,0.005471374549979443,0.0047022556132394755,0.005383832557179772,0.008272718319568918,0.013786300616076776,0.023942735030710042,0.039243824772195415,0.06051652902251548,0.08779523927884156,0.11718121036184544,0.17509805484818505
0.1305945375099007,0.09178876788556982,0.07487763840958835,0.0560293449104921,0.040124290943289516,0.02712654523980998,0.0180046898116108,0.011740151317505864,0.00768148024327031,0.005556848734047684,0.004760111918089205,0.005469363907197341,0.00818608022671068,0.0141459840558903,0.024003649367062906,0.0390729107920345,0.06084725930346457,0.08845653332000232,0.11651729153224989,0.17501652057221317
0.13021976734193236,0.09246790990554614,0.0745162071578684,0.056011375088867874,0.04045500355471529,0.027281463136430758,0.017859514527457248,0.01180946726146298,0.0075109961796576506,0.005434417456386377,0.004740662036422158,0.005559418432956504,0.008409440698755457,0.014201673450573833,0.024411128211939158,0.039325307228962714,0.06048328502566429,0.08813193853076977,0.11705716450909774,0.1741138602645333
0.13034395692648065,0.09209214683245262,0.07425213508285652,0.056624616028823994,0.04029392739624576,0.02713187984163043,0.018094690495014238,0.01172303452068835,0.007759108280652849,0.0054013768276715505,0.004809209683417134,0.005417001290580639,0.008449709541234519,0.014124514469815101,0.024055423094831125,0.03920802722406417,0.06093384289915031,0.08799697510398083,0.11691629350241085,0.17437213095799833
0.1298037267546491,0.09225498650269948,0.07519121175764852,0.05660742851429715,0.039896708158368314,0.027350779844031198,0.01786517696460708,0.011764834533093385,0.007675027494501099,0.005561387722455509,0.004564712057588483,0.005462969906018797,0.008206171265746848,0.014192474005198963,0.024157668466306743,0.03897970405918816,0.060936250249949996,0.08739033443311338,0.11700941061787644,0.1751290366926615
0.12939836122706372,0.0923454644622571,0.074965344468946,0.05673661327552984,0.04006445069225107,0.027613464631041657,0.017847403140330283,0.01158049538264864,0.007670320018628811,0.005530819589634754,0.004675957109970949,0.005627714422795917,0.00815323136454493,0.014277922512264226,0.024068989121210752,0.038721988407002056,0.06060302968263814,0.08817273535676834,0.1175725031217327,0.17437319201274012
0.12876750831498573,0.09232366765041145,0.07457722396589685,0.05684639527802502,0.04059742977155264,0.027107634171858647,0.01779016567511438,0.011717493480738892,0.007779391327430867,0.0055683078028138195,0.004597055011633171,0.005591730297777984,0.008580440655205255,0.013820833528520787,0.023330366483971205,0.03940756702737311,0.06119204884370948,0.08839024999609628,0.11724520229228153,0.17476928842460301
0.1300153941127287,0.09197083714279015,0.07432777738706425,0.056279938423549086,0.04021067273054051,0.027249923810863413,0.01806503035844058,0.01151667174594244,0.007747067695024654,0.005701291698900533,0.004802650600526681,0.0056372146814512684,0.008292503770385477,0.013820318665947757,0.023094294801165885,0.03909635776855694,0.06106383477506621,0.08793711075165463,0.11768291253487116,0.17548819654452966
0.1291418556263004,0.09245640234187062,0.07436751373068486,0.05539448773142219,0.04023918571883806,0.027466055997450684,0.01818573758302456,0.011532838049774124,0.007769786869778744,0.0055282017957673886,0.004895559318433171,0.005751579263073051,0.008402429347112966,0.013908762020207067,0.023410895821747903,0.039058253094480855,0.06147097967421256,0.08761395374992971,0.11759339677461685,0.17581212549127423
0.12930097111647146,0.09151710389821394,0.07441008111384682,0.0554579995250653,0.03989451450425567,0.027569646673582377,0.018255302395920565,0.01183431028233618,0.00777549336966167,0.005533614128057391,0.004964942320430941,0.005936683705990427,0.0085628851032983,0.01395433127944908,0.02321868243116572,0.03967423229305969,0.061108785042056746,0.08874248540825638,0.11694329529689665,0.1753446401119846
0.12920038746367526,0.09227259944380216,0.07349779708152361,0.056402524763303444,0.03974314907977376,0.02712558197668967,0.01805455738524513,0.011681717338999463,0.007897697090897727,0.005574477392744429,0.004932350092178859,0.005968190482142299,0.008453894947348687,0.013900259350685873,0.02368684185857576,0.0393666218791988,0.06149423491547669,0.08845889447864262,0.11737337124644565,0.17491485173265006
