0.10205802968960864,0.09840305892937469,0.0991902834008097,0.10115834457939718,0.09716599190283398,0.09941520467836254,0.09722222222222217,0.10138326585695007,0.10453216374269005,0.10121457489878542,0.10605038236617184,0.09913405308142147,0.09671614934772829,0.09896536212325684,0.09733468286099865,0.10037112010796218,0.1020580296896086,0.10059604138551505,0.09975258659469183,0.09755960413855147
0.10761479031549573,0.0822045941965324,0.07520735898297201,0.06817911681868682,0.06494405829306737,0.06397250717035737,0.06251001266117155,0.05803467610656057,0.05161106948140876,0.046835999069791495,0.042706906798273964,0.03861398930260201,0.03619027932094778,0.033709723262964786,0.030913929872613106,0.030578021239761246,0.030102581328647838,0.028102633006899042,0.024991602284178707,0.0259683212320095
0.10872666937821587,0.08279909356781773,0.07566513657815394,0.06918647066039134,0.06511914676583187,0.06303383626116091,0.05900202074980795,0.05492824078557456,0.04932437230862594,0.044382250973252504,0.04125105718140908,0.037952005578044214,0.03525014041951541,0.033419844666963634,0.031631513367292266,0.030385491920228797,0.03022731821321816,0.029956163286914195,0.027522225019852402,0.03049524510468517
0.10781921943039519,0.08213290779758202,0.07391339626213725,0.06696237795147811,0.06351391556000323,0.06010061396153952,0.056132853704054304,0.05082627863576122,0.04689638384767264,0.042666269980796784,0.03973710545533228,0.03699726827685069,0.03512563221810511,0.033775998701755336,0.032548075622751735,0.03215319287047305,0.032767154409974845,0.033075487517918487,0.03274010764612014,0.04015362561869471
0.1055945153230576,0.08011442503832274,0.07228089657086992,0.06473946577508477,0.06016729230286425,0.05584376395611295,0.0523289357747227,0.04821784209827519,0.04339219543989668,0.04113024900723001,0.03793890089198423,0.0359497398882304,0.034861012202923404,0.033615372545232884,0.03384953348863596,0.034998611932551986,0.03664980868809521,0.037982353438182716,0.03965286243648083,0.05070187932262307
0.10381726786929212,0.07772148498479653,0.07175899932404614,0.062394726238679976,0.057066360175527825,0.05225982169789925,0.04833180307944329,0.0441924112617879,0.04066732280430585,0.037483513991364535,0.03577271216034419,0.03513639075858759,0.03408833197922379,0.03403769048358223,0.03476428585583026,0.03680315650644137,0.040711358887472376,0.04438837183187904,0.04704154584266345,0.061566847875148926
0.10225787782797098,0.07658706868521206,0.06885699152759003,0.06021689205908397,0.05406350524234202,0.04912893482399761,0.04437432387387295,0.04061357998687115,0.037942817878973176,0.034623792686692606,0.033801705115961395,0.03325569172943095,0.03359107073838597,0.034202523931541766,0.035681054562483744,0.039032799658077,0.04371788081366219,0.048912165464551065,0.05516780197914515,0.07397152141415421
0.10121980074600016,0.07565034558776852,0.06760362342956183,0.058697019654162144,0.050742633776996345,0.04552755757070941,0.041345493508567074,0.03744813297963409,0.03506662639778855,0.03282554791002599,0.03184639859648853,0.03138471719128423,0.032792845477157356,0.0338604837266923,0.036382418402620804,0.04078955214980024,0.04612389605243162,0.05331266026596697,0.0607284178370611,0.08665182873928279
0.1002478912788338,0.07504926747761483,0.06625424577798743,0.05675905918312879,0.04878851363950467,0.04247788904854358,0.03823850943485907,0.03504480689708124,0.03227705323812553,0.031077815193029802,0.0300156851561386,0.02979448423623527,0.03135020310266282,0.03360243065076945,0.036258669796385465,0.0416259912908993,0.048748295290431336,0.057311147429499075,0.06802933745754224,0.09704870442072784
0.10008823767221288,0.07550648775394697,0.06545758791249354,0.05580066020059129,0.04693119219289949,0.040151656301962664,0.036376068255882216,0.032480955076126965,0.030264466935481033,0.02876864504199199,0.02795306177691689,0.028536625664858557,0.030336533560196735,0.03283601503204328,0.036637968916434345,0.042123821007596866,0.050249772374929225,0.06089805560731073,0.07263085365553561,0.10597133506058867
0.10156901464652406,0.0755227917240062,0.06483077799320962,0.054807228278756295,0.04557492168568889,0.038467375715998293,0.03364147478168341,0.030195133513750413,0.027754898801027935,0.026760729103252105,0.026527107750601527,0.02726207711550956,0.029306690267539074,0.03193791469921676,0.0368422578395311,0.04322677130174842,0.0515228872188657,0.06387412413308573,0.07761515230577458,0.11276067112423024
0.10409953799308745,0.07596610946035648,0.06540165172069567,0.054106477293438766,0.044530242808627475,0.037425402521223394,0.03169002897784942,0.02791270861794219,0.025720558555154056,0.024720630456338422,0.024752400747103467,0.026105146285467767,0.028181920029161776,0.031226851580906385,0.036519113174136295,0.0427276968378528,0.053492809045503395,0.0658213539829076,0.08144732067761015,0.11815203923463698
0.10607056760902914,0.07703347784319446,0.06575775401686337,0.05430571827332962,0.043863768560124826,0.03596927888425864,0.03000762919791261,0.026181495817123347,0.02396523854013733,0.023408290614768342,0.023291298594942327,0.02479571710340942,0.02719652517223368,0.030485483926779466,0.03544693423235933,0.04290970687731822,0.05338625986399266,0.06890500412767618,0.08495927524267606,0.12206057550187105
0.10813677590331561,0.07882205881872983,0.06645093489208516,0.05434417214155397,0.043570638285373,0.03482550530517397,0.028661973439861096,0.024521946873194762,0.02278401691911527,0.021548699571473793,0.021449156165653287,0.023327426003348573,0.026042839565403278,0.029572550824252034,0.03466231939399281,0.0428069282210451,0.054484512025169796,0.06995127268692132,0.08699767296890654,0.1270385999954308
0.10950643140723175,0.07947214028744932,0.06748401664504237,0.05421463292951777,0.04236257230372507,0.03415991615926501,0.027577057831641463,0.023775392355526174,0.021274424526330625,0.02006443555715376,0.020479103798263905,0.02216855292122437,0.02466952075041993,0.029044594653695334,0.03470902761917257,0.04271244863216173,0.05516545424800077,0.07044500705421945,0.08980159096541569,0.13091367935454296
0.11170286547462752,0.08104328695713883,0.06805945787271654,0.054698210650933374,0.042054703049345006,0.033567633652794686,0.026862816571559436,0.022490250031451508,0.019875742336315047,0.018935422788958736,0.019214454146922105,0.020677352653701114,0.02378540714384792,0.02734346018238651,0.033549891774542664,0.04228050877255234,0.055072402992248415,0.07197234847629523,0.09202228379908454,0.1347915006725785
0.11418023314683944,0.08280682693034042,0.06881576642241911,0.05434896163990339,0.041910499001097765,0.032943683771494876,0.02620450896279713,0.021175441951965898,0.018978339170308414,0.017602538159994723,0.017882198645736057,0.01931746769037406,0.022247473813974336,0.026083965649977572,0.03242132941594354,0.04172888040978299,0.0558276262771564,0.07387054933998517,0.09347571373695521,0.13817799586295348
0.11642701552990659,0.08348546946351376,0.0692971390927611,0.054124665607724415,0.04179081990020725,0.03220744582805064,0.02530882699437243,0.02091063692011291,0.01793095931513897,0.016515652523750063,0.016626248411185887,0.01823870439322127,0.021248835938213764,0.02499947907734179,0.031231316908508357,0.041960720828731854,0.056004795694133434,0.07471794041606493,0.09519260514222788,0.14178072201483266
0.11809417871709309,0.08499546111260277,0.06963516295245037,0.05468879853732755,0.04114405533606944,0.03139983123010241,0.024804060706020734,0.020044621738074236,0.017263754107373453,0.015665554319614385,0.015304361167580832,0.01674433917635176,0.019856034163118652,0.024198342986460064,0.030896398296958314,0.04132145551251072,0.05638448851213993,0.07598161430964158,0.09764681063250355,0.14393067648600616
0.11981106642823983,0.085278527071067,0.07036834389610888,0.05475627983990736,0.04130728504499216,0.03095932759811577,0.023744311175698335,0.019280986844519035,0.016152831371523096,0.014863922844148947,0.014627835638639819,0.016100190305429835,0.018910904198045263,0.023319992279310295,0.030021359511363293,0.04058307159025471,0.05630041777864273,0.076886264988746,0.09906889120367789,0.14765819039156972
0.12076426347061332,0.08626701140568184,0.07125048558528149,0.05529303877677086,0.04103116024632707,0.030056932884153686,0.023422723480675308,0.018394925713412343,0.01541295446006101,0.014051723588936934,0.01396575111286594,0.015350863227343066,0.01779152629802518,0.022779521993033035,0.029848370025537016,0.04039910333891625,0.0562689855884657,0.07659829201347537,0.10098740980850429,0.15006495698192035
0.12243206657896787,0.08688065382786113,0.07137960160148377,0.05514684244600082,0.04082924664408978,0.029899772057384914,0.022837209524279155,0.018104974493650852,0.014656407923431645,0.01299097932609792,0.01319935673416928,0.014589599899469832,0.016985144758671918,0.021668069104947448,0.0294591572326844,0.04000369034799028,0.05669933366949435,0.07812403068715235,0.10133345634493304,0.15278040679723923
0.12346172959464756,0.08804677961473181,0.0713046184232044,0.05550078034824331,0.04070353593809292,0.029586550384458447,0.022135534502823694,0.0173883498690952,0.014489233099467019,0.012545904005258422,0.012461756585329452,0.013908139595806602,0.016121375508655278,0.020974935182671357,0.028643464206386627,0.04019865141851908,0.05715356269062169,0.07828250352863475,0.1029964419930555,0.1540961535102969
0.12448945602778944,0.08905155800176061,0.07185762663473208,0.054854033991323714,0.04063573133689161,0.02942478051565932,0.021869919343965864,0.016856080132602647,0.013615563362968017,0.01183906860917909,0.011916790254657344,0.01272731598607355,0.015645843081583934,0.02026155712937483,0.0280178601168997,0.03979189632884186,0.05687321061772848,0.07948862329587358,0.10438334218937116,0.1563997430427231
0.12501287640709413,0.08953579958129884,0.07239789603470054,0.05514271813426009,0.0400317591628513,0.02939624310022678,0.021733790386355607,0.016271024201306182,0.013049149047779792,0.011318559934326358,0.011156911500652143,0.012155328296875273,0.015015871657482817,0.019679904405553738,0.02740257908491139,0.039592772730226204,0.0567766351452221,0.07968950822426028,0.10590825025079283,0.15873242271382365
0.1263050182714438,0.09027217877661319,0.07213695900448745,0.05542417152822766,0.04043160840977455,0.029311926096880627,0.02134915644062455,0.01574021127396394,0.012645074630175524,0.011116514312234973,0.010582706201202887,0.011751698444353276,0.01435737898633483,0.01894939594147436,0.02680762157598529,0.03938300019166402,0.057673451996078005,0.08123387289664556,0.10541046992537773,0.15911758509645765
0.1263479258116819,0.08984695693439314,0.07337367026535377,0.055827895756712945,0.04053308023885792,0.029243484794558475,0.02092300391505517,0.015467236129236367,0.012180171629691147,0.010218689445169456,0.009821647486850953,0.011205757899315853,0.013735120813066005,0.018569225293629137,0.026328152805789533,0.038992367619725556,0.05777514137699213,0.08152331237394708,0.1083228536402104,0.1597643057697631
0.12696801690925502,0.09062481720899276,0.07381357767649509,0.05566015812113766,0.040663786275616426,0.02860155591705359,0.02055005667509284,0.015224020753992155,0.011603770751225592,0.01015092806452582,0.009542283413405675,0.010593578719885923,0.012868486909397315,0.01781510798304648,0.025771753513144344,0.03900384631801604,0.05764576248946731,0.08201051927664559,0.10795775215673635,0.16293022086686804
0.12833343070395803,0.09125101252291502,0.07372114211005829,0.05601758355583838,0.04035407117108439,0.028382221281850074,0.020370461015696673,0.014564540144855913,0.011278676306884837,0.009592322352558505,0.00934284302223682,0.010138650506300934,0.012289225492998003,0.017217231758402955,0.02551952491556389,0.03846244941332883,0.05781446632739583,0.08232502103994987,0.10972037788223625,0.1633047484758865
0.1289066138706402,0.0914978504249417,0.0737628694261432,0.055819483059959166,0.04061694304060273,0.028268925023011413,0.019981654012355913,0.014605742830934305,0.011047063299972687,0.009010374482341595,0.009015110967963988,0.00976663335338446,0.0123685427886217,0.01692977844299087,0.025087585513300842,0.03820133537317981,0.0579651110469054,0.08232801425997939,0.11026222763234132,0.16455814115042913
0.12962618002715245,0.09125438070280685,0.07456035108767718,0.05607299592713037,0.04012881634199476,0.028170681653143056,0.019576610993590756,0.014144539513150003,0.010960439491049157,0.008739304770624822,0.008510403182521388,0.009449689009566506,0.012018122691251226,0.016682979193634956,0.024805038992201565,0.03792504656963344,0.05781264799671645,0.08259716477757081,0.11122249234363656,0.1657421147349478
0.13024218810410917,0.09166915214437547,0.07377371264090289,0.055991894975547636,0.04046042093734859,0.02813560766379298,0.019601345156316816,0.013980220331681082,0.01047056799872491,0.00863683777799871,0.008281769533882192,0.009163916860376117,0.011502633028290266,0.016555648662339568,0.025028366007502197,0.03797967747178784,0.0570397408159626,0.08265830914924073,0.11150089713909679,0.16732709360072334
0.12997672849277578,0.09252316114099762,0.07380820241796636,0.05565611145096901,0.040633691340350525,0.028132351179026637,0.0195143255362222,0.013936101108076911,0.01024513915604523,0.008618025642804438,0.007917988433619443,0.008764655058241835,0.01100666612009107,0.016211222037928148,0.024944343888549027,0.03754501365387889,0.057064069171244236,0.08294494932613534,0.11154556863833302,0.16901168620674434
0.13021821183498322,0.09220757534704063,0.07454678353360762,0.05581793206006339,0.04020819286826004,0.028152351306561487,0.019239251665101865,0.013862721252181806,0.010081979092495856,0.008412151305301232,0.007372447211387595,0.008407425377601621,0.010916892986093166,0.016087057889463702,0.024329075797579064,0.03766406845663805,0.05748145861032518,0.08333070781794467,0.11207222477772386,0.16959149080964595
0.1302006806417119,0.09209608355420328,0.07482334339649978,0.05592852789575882,0.04001801606012073,0.028524903581006917,0.019214506078058045,0.013483698142802468,0.010123010004897723,0.008225339336586937,0.007289890061087672,0.008078880106584524,0.01056081286447482,0.015784525401227423,0.023817735425338073,0.03741797101997042,0.05827502523665765,0.08380617616998094,0.11241139610292462,0.16991947892010728
0.13090779719822865,0.0922547505592366,0.07502979184278093,0.056296744070360706,0.03986203661287607,0.028400244946406163,0.019052611528537985,0.013177675874195778,0.00981202409794078,0.008012706988371343,0.0070178089890293605,0.007979648668772954,0.010545603951885973,0.015472867777741045,0.0232242566207156,0.037307100769629155,0.0574585078733898,0.08430973441575716,0.11307991770052626,0.17079816951361768
0.13194189951163499,0.09154523077407029,0.07490621977209631,0.05649462483976753,0.04008682043740515,0.028133281954088978,0.01881895894116814,0.01318034901186703,0.009671356333409348,0.007763508678111654,0.007112355397573116,0.007835859042615937,0.01028790726570671,0.015281655250513134,0.02340534291713524,0.036930142577403104,0.057177234800525334,0.08399562752144955,0.11398170794045254,0.17144991703300588
0.13123348842478574,0.0928440268811199,0.07477747235024125,0.0560248859629386,0.04103288704548423,0.02809268982706019,0.018614121241969407,0.013228141782014957,0.009653223484318033,0.007746180800863522,0.006983049033969593,0.007420473015818072,0.010104808674211966,0.014880282720651287,0.022524188130075427,0.03714327523566609,0.05748034345649916,0.08416005941413514,0.11409527975466502,0.17196112276351266
0.13086800496083673,0.0927060295543892,0.07457288233102739,0.056889291288827255,0.04093161873234589,0.027680714511390585,0.01870059401147155,0.012996260509947602,0.00946111417626689,0.007739911314826079,0.006886383320522557,0.00752770822231968,0.00970161101444081,0.014469107159417967,0.022971377732507785,0.03663725688992005,0.057653222421850336,0.08501641823186096,0.11459910120201265,0.17199139241381806
0.13087573554863274,0.09247931023631956,0.07548223669718997,0.056612857547436994,0.04046068158217692,0.028251360961641346,0.018690015418987384,0.01283237358003713,0.00905629503760345,0.007684319833852544,0.006859876018754523,0.0072752446584222275,0.009737562541300858,0.014081626231158944,0.02288460933320747,0.03646433179143459,0.05798011265300985,0.0850420088737846,0.11438685924667231,0.1728625822083766
0.1304625289611096,0.09249950487112504,0.0756934162006168,0.056567295087378434,0.04067444411959799,0.027977139192515533,0.01860741467279054,0.012863919723105069,0.009014489199903176,0.007411214747610017,0.006590715469083525,0.007222594223810827,0.009517477263367696,0.01433987532183377,0.022316951640841368,0.036432054171814436,0.05782162157064309,0.08525804859493429,0.11519998491035811,0.17352931005756062
0.13104267711931805,0.09243146734227507,0.07524211571889741,0.0565722512282599,0.040388768219581116,0.027747828738294993,0.018853749846762195,0.012772959736965354,0.00918012277883778,0.007061512009128255,0.006487852564807803,0.006896486689529223,0.009230416209572725,0.014171745779280997,0.022364859979945497,0.03664819430866965,0.058678288640285674,0.08571886600887053,0.11588549443157427,0.17262434264914361
0.13152512897621066,0.09322386377726473,0.07460451742414848,0.05619391869515471,0.04052529063790452,0.027535852012060272,0.018636611194209063,0.012945491757607907,0.009173908744328106,0.007064459068985595,0.006176104518208915,0.0068557114448631615,0.008910227534910291,0.01384483302544366,0.02202052004840433,0.03703779273715221,0.05885584328546788,0.08547822825061646,0.11578744155458907,0.17360425531247006
0.131468364492074,0.0932908562802103,0.0748940822741561,0.056184699778032275,0.04017254731934293,0.028070357331925817,0.018707811599188787,0.01264572032693507,0.00897453418978634,0.0070250510934228095,0.006076229344668924,0.0065082260018002455,0.008760892206623211,0.013583545797143793,0.02252666204822968,0.03711558188378817,0.058412231631894865,0.08558874860779261,0.11556146212803127,0.17443239566495286
0.13183448860558772,0.09256360539144495,0.07515052556383303,0.05639821959854614,0.04030866571942193,0.027671583442580482,0.018918727970672053,0.012591551728198326,0.008795245982714093,0.00678405174782356,0.006052422931696329,0.006641180026219317,0.008531482804367791,0.01347233234160471,0.022510931256721645,0.037466931476524294,0.05833248290641903,0.08548439008690054,0.11566957381836451,0.17482160660035959
0.13071159814083153,0.09320486799495807,0.0755565811015934,0.05680949488194971,0.0399680406367385,0.02737893978422721,0.018656042846894875,0.012477651206560149,0.00868208439092768,0.006727791303474245,0.005963340915048684,0.006391872652297511,0.008768418623706753,0.013532498559788024,0.022537943895306393,0.03735917709348739,0.05835252307871012,0.0855870492371978,0.11618233162077606,0.17515175203552574
0.1309534643615903,0.09321876990764419,0.07542702387191323,0.056806806021483795,0.04011184369498428,0.027460388691359732,0.018367596709962682,0.012427077220477062,0.008838601765523651,0.0065634424259161045,0.005810286230735677,0.006290423305163199,0.00867384884782793,0.013646248811425385,0.02264960349464475,0.03716825823215412,0.05847787132954035,0.08546753739891232,0.1164457931519273,0.17519511452681394
0.13069956007935823,0.09280051441700712,0.07586082510605931,0.05686660445566684,0.04027979266485261,0.027631093998729647,0.018126926123130733,0.012422857053237457,0.008792139457195956,0.006588615387028219,0.005867176901421704,0.006289061581048124,0.008650988449142506,0.013319950126643824,0.022334794507657445,0.0371838805548803,0.05805227292331581,0.08622601413078423,0.116247265199219,0.175759666883621
0.1303024595438778,0.09254131939539485,0.07593351226632766,0.05730093704383859,0.040570702076564484,0.027525858956852046,0.01853526078699125,0.01245781733138704,0.008566809499144575,0.006435309444209008,0.005708590353314182,0.006261085212914569,0.008693946100359437,0.013371317354930861,0.02237604181381551,0.03699361177818588,0.058752805637958934,0.08619233727299835,0.1163786473293466,0.17510163080158836
0.13033147108920892,0.09368834126433935,0.07588670947423234,0.05665781028950001,0.04017992979726529,0.027337660097054177,0.018232948859911356,0.012508195024326273,0.00859340445621112,0.006364671524603895,0.0056039850560398495,0.006121565539805077,0.008508709467958633,0.013272018344307088,0.022735899068668818,0.03737715305639118,0.05822309914646273,0.08624772970378713,0.1168367362943119,0.1752919624456149
0.1308875476054535,0.0924361443817722,0.07649655232992227,0.056850479662197355,0.040432480251971666,0.0274794049553591,0.018670435366381605,0.01243388567162119,0.008445066286868742,0.006076557725729848,0.005494626152099032,0.006144005320517245,0.008390167081809225,0.013232276968058069,0.022623178130666378,0.037281265881555746,0.05854921792161021,0.08648820765075323,0.11658081476694501,0.1750076858887083
0.13038282764287823,0.09276340963122338,0.07558540700920216,0.057615466161498936,0.04030259881193585,0.02748731330644402,0.018529786286452677,0.012614556608685289,0.008222043796536172,0.006141049686674738,0.005618840916076503,0.005919934261286296,0.008333385606483544,0.013249675383737197,0.022624342142404604,0.03766175926332497,0.05913191024909202,0.08691561231722691,0.11656703404236636,0.1743330468764702
0.13089295792312036,0.09314447858531381,0.07568821721953975,0.056868062958550195,0.04018937731234716,0.02781714429046216,0.0184595848748981,0.012262494513074564,0.00852981752053678,0.006275475010973851,0.005259609957985827,0.005896093309086348,0.008181789678309402,0.013563679688969717,0.022381952718379634,0.03779707782027968,0.059481407161221536,0.08683608202169689,0.1156142221107418,0.17486047532451238
0.13063312960351042,0.09338975082275504,0.07547876508384267,0.05675129290079926,0.04030402758188373,0.027716658830904246,0.018591129916940924,0.012215953612286473,0.008219714778247924,0.006240401191035888,0.005455257796583608,0.005684062059238364,0.008373295721673718,0.013306691741106408,0.022679830747531726,0.037340542234759445,0.05950634696755994,0.08700673875568093,0.11648644413101392,0.17461996552264536
0.13088055065368182,0.09256705293083295,0.07533718448214795,0.057461626948429496,0.040548334216192986,0.027692539156654827,0.018331614630186278,0.012152119333373037,0.008183952432147796,0.005989863308247582,0.0052548434517410095,0.005718736580794198,0.008219998182040441,0.013460736775127805,0.022788749964737856,0.03802356451719069,0.05985475129999781,0.08681853942621434,0.11586827942665315,0.17484696228360788
0.13103094835462958,0.09292969503011456,0.07543612464599893,0.056955190945094755,0.04048973220512709,0.027451834693439366,0.018264654117226664,0.012052101438259228,0.008102648171105361,0.005844250489371738,0.005112347840260289,0.005759619347932727,0.00823272936998384,0.013429708351683136,0.02294287554677203,0.038347310532032094,0.05939068712650632,0.08648362309050989,0.11691635465463439,0.17482756404931798
0.13108588396313237,0.09276646980711736,0.07606972810179212,0.05641930927225723,0.0407761084520004,0.02732621670646188,0.018217477804307918,0.012225464020481339,0.008201000550286984,0.0056706211031137465,0.005079572124436974,0.005728628562559476,0.008373455159449964,0.013548661203513683,0.023308024312964352,0.03825200008152398,0.05984488491790374,0.08649382534110743,0.11602275773733281,0.17458991077825622
0.1314182662553252,0.09361412766730855,0.07543279377409957,0.05655109308924429,0.03953860399820129,0.027549327287512332,0.018218937479337612,0.012216465043549653,0.008136475948589631,0.005761182758129034,0.005013811483821843,0.005715745091556899,0.008440438269796327,0.013872589649299556,0.02319514537703079,0.037938884771644386,0.060029424806145676,0.08646944630286241,0.11696438783712006,0.17392285310942493
0.1317710412410673,0.0930863095936945,0.0757727318978405,0.05586055212467028,0.040243892893762595,0.027556139980119125,0.018005494634512884,0.012189948419314188,0.0079726990239588,0.005774845218806992,0.004996830018550263,0.005696574071899877,0.008533120435813743,0.013774156432714206,0.02305554903295998,0.03781122564788941,0.0594719828429646,0.08805973653931952,0.11655043401350965,0.1738167359366317
0.1314464659636628,0.09328959412185123,0.07578084836934033,0.056430479104234314,0.04059721891339511,0.027077351322207316,0.018176432234524097,0.011808333228844054,0.008228530588191042,0.0057207879327423414,0.004955926422830487,0.005904166614422029,0.008368023773400377,0.013748699108497485,0.023151166727270443,0.03758636038769702,0.05996012689177837,0.08751551665768056,0.11677930610760721,0.17347466552982335
0.13133148928243252,0.09265807883708953,0.07592856102978814,0.05715618547582932,0.04029517337678906,0.027252191962881048,0.01772198662828285,0.01194563024118244,0.00787869964668736,0.0056667778106513494,0.0048605925696332715,0.0058170570012100594,0.008290402012488828,0.013799073591406539,0.02320717708367577,0.03860453248300357,0.0592647903683562,0.08747970839575397,0.11718646047109396,0.17365543173176418
0.13062370908180515,0.09337798084746823,0.07527852538023408,0.057404393816110656,0.04010452525505413,0.027419102459785946,0.01783501283094448,0.011896789134380675,0.007876948112912311,0.005564248607373097,0.0048288164236089375,0.005741065281341928,0.00842304562809038,0.013826125054766221,0.023272516742817804,0.03890279777179695,0.06013644614132814,0.08817205983601428,0.11639231395130503,0.1729235776428616
0.1309231072839301,0.09283698318177404,0.07522937504111367,0.05754502141042547,0.04023186535395333,0.02705983329000085,0.01814639280534525,0.011992657492709178,0.007737198382393017,0.0056588052136813715,0.004949300989546949,0.00573241823472843,0.008191406384598275,0.013432026989352735,0.02358435895588545,0.03848864636617935,0.06055375786641271,0.087917440647544,0.11688494754680694,0.1729044565636189
0.13071293983611584,0.09278421504003205,0.07525493436496457,0.05700889531571799,0.04091313138900888,0.027496604005083046,0.01773898727362643,0.011666885763112922,0.007840522826719752,0.005427331968675466,0.004848291360714129,0.005574439582589971,0.008162907597638769,0.013596499464778684,0.023410455282415314,0.03787395068451989,0.0600778105379131,0.0880047825624268,0.11768609113160185,0.17392032401234453
0.13032699134158487,0.0924284256459378,0.07583469501468111,0.0572829605143712,0.04080974650814817,0.02731031935340482,0.017695596917278646,0.011879495896174144,0.007863318495702099,0.005654890470734809,0.004801883189652478,0.005581328374935048,0.008231128974700902,0.013655942252189645,0.022899723907368098,0.03820377013566729,0.06038508974575688,0.08722899410877173,0.11723606859117627,0.17468963056176404
0.1304802454448688,0.09286206248825996,0.07571379375117397,0.05658850416379686,0.04072224657191159,0.027537411558449687,0.017901195917600653,0.01179951161480183,0.007908083401164613,0.0054379813411808905,0.0048791559701959804,0.005412935946402854,0.008192974766764761,0.013743660384446807,0.022750610481497704,0.03825370984910149,0.060180952977271295,0.08815822428151021,0.11681485191910339,0.17466188717049666
0.13139456851767553,0.09291179198871218,0.07502428539919563,0.05697878684067683,0.04016280994191839,0.027341996298920816,0.01830047569661162,0.011697662813852608,0.007768199188765988,0.00551720469971358,0.0047100378085731765,0.005507819038188694,0.008062283249879159,0.013302610934608529,0.02279620756703318,0.03830757751383214,0.05978822819046009,0.08812354033409825,0.11739272579946282,0.1749111881778207
0.13070400500625778,0.09307884856070088,0.07546933667083851,0.05646589486858573,0.040513141426783486,0.0276971214017522,0.018110137672090118,0.011678660826032545,0.007731539424280349,0.005566332916145183,0.0048623279098873595,0.005386420525657073,0.00817740926157697,0.013515331664580724,0.023202440550688364,0.037995932415519414,0.059438360450563194,0.08745306633291614,0.11730913642052565,0.1756445556946183
0.13020444511220766,0.0933235672956683,0.0757806961118962,0.056478686092317223,0.04052123095896542,0.02764539892855298,0.01811568685450638,0.011595604657022704,0.007872302797249863,0.005721896426788373,0.0048532824998552306,0.005576344903896873,0.008118018809012929,0.013503425155998366,0.02323503127792672,0.03781522468929444,0.05934589458626589,0.08737943090919623,0.11738652067692414,0.17552731125645407
0.12959925886049797,0.09264400265408065,0.07571641398650426,0.05737258534997559,0.0403730110044193,0.02756581994817031,0.01831253051566784,0.011918324423801597,0.007750979631182945,0.005851183694930958,0.00491067516306321,0.005372322445760356,0.007984150631596076,0.013617812386544309,0.0231793883095259,0.038144584799128654,0.05973402856892473,0.08779592373273908,0.11690630594539103,0.17525069794809517
0.12894087744778887,0.09228195272199127,0.07602387689687987,0.057399396504231974,0.040798567636600405,0.027647180347573495,0.0183662417989683,0.011954099263785243,0.007786284870035557,0.005491874092252218,0.004942530174788401,0.005510655080883459,0.007981920168277657,0.013339197175339308,0.022897155306255315,0.03841338208043272,0.05991135373366057,0.08703423148194524,0.1175627285020283,0.1757164947162819
0.13014263342256072,0.09287364809579612,0.07508084437984892,0.05677958544472624,0.04052779216228013,0.027178104823127984,0.017863205207833032,0.011938528546240482,0.007931901419137629,0.005685311589180699,0.004851445029732897,0.0054459465167688535,0.00804141485096004,0.013330913607982591,0.02311672098011392,0.03833126561544201,0.06009158451855547,0.0881692639602247,0.11761116786688171,0.17500872196260586
0.13047393194526735,0.09284326338810456,0.07478610766760826,0.056567936706941324,0.04019596961658052,0.027643033902305953,0.017869565149423706,0.01178694088239478,0.007830343087521943,0.005780916098553835,0.00478199630759226,0.00542605726827484,0.007836596106557694,0.013472129512530266,0.023100215572831255,0.03843574475801596,0.06051828148277839,0.08799717363539585,0.11697991686611188,0.1756738800452093
0.13022121859449723,0.09241732842500996,0.0757829286677155,0.05626483678365115,0.039996371927476085,0.02738881990685861,0.018198224121052507,0.011822512190010915,0.007834760062427868,0.005664171845531681,0.004930738218929158,0.005489023516790783,0.007908259807524501,0.01311110346574756,0.022955377835604522,0.03845444110481063,0.060651364123992496,0.08812306672213033,0.11722896578039528,0.17555648689984327
0.13015030033481742,0.09197392146099868,0.075237742257836,0.056498288380850505,0.040090514861921035,0.02759233282195878,0.018293760448383226,0.01199306282087972,0.007886427931372597,0.005745535637490167,0.004854148780285651,0.005467172724187706,0.007856715036132444,0.013004865095636427,0.022996217079284956,0.03859861475354717,0.06093176511799926,0.08780473310782808,0.11788512994700161,0.17513875140158858
0.12989617873328993,0.09245736386844829,0.0744414584691483,0.05630830273099488,0.040096489212187156,0.02752412621139142,0.01823633603634448,0.011981421292974203,0.007949572974265897,0.005617072900007348,0.005088664706241001,0.005523272628924566,0.007602511971259596,0.013232091574077983,0.02336877420242411,0.039056869541019654,0.060693465404115014,0.08875068982282697,0.11709244173048995,0.17508289598956947
0.13028943308999008,0.09161239503185967,0.07464869959067702,0.05669100098931447,0.040061765730959605,0.027460118748993886,0.01807179015905613,0.0119296008202089,0.007861377194504224,0.005634247472403127,0.00495438682039332,0.0054451368082808595,0.008017666999563952,0.01321274011974925,0.02326998907534262,0.03930844887057171,0.06093583209473664,0.08845690386770379,0.11764715075870881,0.17449131575698187
0.13024932741037354,0.09141900769567667,0.07476693987361574,0.05690421072389415,0.0399815428893199,0.02715072264280799,0.01814114997184508,0.011887630607520492,0.007941250078208097,0.005566852280548083,0.004878621034849527,0.005480823374835763,0.007961584183194644,0.013293812175436405,0.022991616092097863,0.03884752549583933,0.060753613214039895,0.08910248388913221,0.11753112682224863,0.17515015954451607
0.1301281650515786,0.09220537668021257,0.07454829634260707,0.05654110659581119,0.03992810253204127,0.027008440137542982,0.017799312285089092,0.011863082213191623,0.008016567677399184,0.0057142857142857125,0.004762425758049391,0.005300093779306035,0.008171303532353862,0.013463582369490459,0.02291809940606439,0.03825726789621757,0.0610206314473273,0.08902000625195373,0.11826351984995313,0.1750703344795248
0.1298868855766209,0.09273099472820791,0.07499988271005457,0.056294482211806884,0.03971593939081165,0.027150276569691344,0.017890626343947287,0.011768091192150646,0.007659815369987223,0.005522010631160656,0.004815143226662037,0.005404720685723937,0.00811802809016,0.013447683210804438,0.02352054372490972,0.038802641682344416,0.06101892121399784,0.08869465673924568,0.11714450590437586,0.17541415079733713
0.13012852972249833,0.09197751980145408,0.07477666710426786,0.05609891037302376,0.03996236629720623,0.027357889011833985,0.017922894669392307,0.01156204872376737,0.007648643748866928,0.005413751930133845,0.004552615292286341,0.005235585729199877,0.008064364884379512,0.01376880903708983,0.023925845351737578,0.038908997705719456,0.06080468608365685,0.0884532673180673,0.1175521839425367,0.1758844232728819
0.12937077686208645,0.0925750888567746,0.07471311955630197,0.05649962894973244,0.04010155059953912,0.027160879584423706,0.01800257782291137,0.011533023473811665,0.007716283248056868,0.005444674452212631,0.004463539428973168,0.005375932507909231,0.008230285513416395,0.013593719485997737,0.023726907003085572,0.038617349529352044,0.06134437370620632,0.08884427606139908,0.11780806936687109,0.17487794399093853
0.12936402697016694,0.09254322052031742,0.0754190075016048,0.05650178129924737,0.039496269501751634,0.026990471103280993,0.01799416802157863,0.01172330745334339,0.007634362754055754,0.005250967180674192,0.00446535251919914,0.005299384784065297,0.008209126562053403,0.013741228214030801,0.022987428603558218,0.038815299337928336,0.061256077580619225,0.08856672960955109,0.11836385985134235,0.17537793063163107
0.1290807029826442,0.09308769155276903,0.07542092382896132,0.05611796806385976,0.03986860488012226,0.027110401280196025,0.017757406602886078,0.011623654872152297,0.00751365052773706,0.005422705351756987,0.004505377385912217,0.005497716837890802,0.008215320470947115,0.013648964997765281,0.022745670430784713,0.03870280136645923,0.06087025825829581,0.08909176717684895,0.11752268316085897,0.17619572997115188
0.12876179700478368,0.09206781822415518,0.07546644954499777,0.05664750182454092,0.04032587003642831,0.02720636612401877,0.01780314336750083,0.01168175005899479,0.007499761676671036,0.005397828054015787,0.004630505073552049,0.005508785144877143,0.008104555960661803,0.013780558129794791,0.0229290484101099,0.039013138257223516,0.0609388845217984,0.08910010673759584,0.11778017056136478,0.17535596128691475
0.12900365333366695,0.09204805635142069,0.07529057765210759,0.05635767637969648,0.04050258360754189,0.027528244523127344,0.017980469678581707,0.011505811553042148,0.007475571458956299,0.005264178562938684,0.004785616875398801,0.005467489083788957,0.008130856906927572,0.01343256971986938,0.023144556908178716,0.03908410174284035,0.06126840742177235,0.08890456291365871,0.117576038134798,0.17524897719168733
0.12959094320740552,0.09220978233675257,0.07548317488116084,0.05657524393294969,0.03962659494620965,0.027315799349512143,0.017960345258944202,0.01157117838378784,0.007596322241681263,0.0053008506379784845,0.004515886915186389,0.005386852639479613,0.0077949086815111346,0.013300600450337758,0.02305479109332,0.03900425318989241,0.061316299724793605,0.0891105829372029,0.1183559544658494,0.17492963472604445
0.12933852480395325,0.0928139363810577,0.07475467802418004,0.056587654482953574,0.040152682962636715,0.02691786887319785,0.017775008160479545,0.01138406418431907,0.007663822602888421,0.005357022932118865,0.004490216014531119,0.005450731788074301,0.007854363943331128,0.013642447612844987,0.023206998177362756,0.0392874378593149,0.061433964150115365,0.08955911545087233,0.11904773060578092,0.17328173098998723
0.12988951925948047,0.09207405820913954,0.07534014216949965,0.056553569948988414,0.040265203803901785,0.027342693528895862,0.017770405794337293,0.011173140689023376,0.007522758219613888,0.005452905376145728,0.004500835601468907,0.00520902543386398,0.008255961379422472,0.013472803478103177,0.023293661153833523,0.039322514027005005,0.060810525608175584,0.08865504901830504,0.11891804852272855,0.17417717877806768
0.1296975302180763,0.09236725058858267,0.0750355024316627,0.05716008667436342,0.04020015716367987,0.026919357534873626,0.017694193223839513,0.011287351760748758,0.007431686135070149,0.005261702523211325,0.004622736866443679,0.0055429099027178705,0.008080025371154684,0.013576067377288129,0.023546431244014582,0.038534784571713346,0.06106886924950437,0.0883834793789066,0.11835237471820673,0.17523750306594155
0.13002502645676334,0.09204296234463981,0.07525288288837514,0.056375962721365344,0.04007203117599336,0.027208651244366708,0.017651389742122763,0.011414315258322745,0.007683012803979222,0.005366385138567788,0.004655139802695853,0.005477370674495056,0.008126954947688295,0.013502719145630223,0.023438269375964285,0.03886056934016754,0.06140313854590189,0.0885320677855885,0.11839186647971077,0.1745192841276615
0.13022850367352423,0.09272309453993856,0.0747468056820507,0.056440891643923574,0.04002212081778289,0.026774625422381078,0.017887243193083796,0.011594682880267942,0.007472024820307404,0.005327117841783033,0.004569448588626209,0.005606752473360502,0.008014109832359811,0.013558374119892944,0.02367521140534369,0.039622196428487744,0.06128216384089883,0.08822394516036815,0.11781522555891775,0.17441546207670114
0.12979433105229102,0.09248381439463804,0.07502743190479019,0.05609238377781876,0.04008653163813018,0.027406895646220637,0.017743987645482875,0.011687085590669086,0.0073136115392190264,0.005281618591797622,0.004665768421579141,0.005489507101033815,0.007906015636967266,0.013886327188378251,0.023197544102062317,0.039440983109449386,0.061292722651719526,0.08876370422935886,0.11736322342856609,0.1750765123498279
0.12950041559123318,0.09243623955553612,0.07504546505596421,0.05585014967533886,0.040190484523132494,0.02741652240755439,0.017567322655034284,0.01137876297550824,0.007496265928393319,0.005491741296019697,0.004666808321823852,0.005283945679413547,0.007996225306693831,0.013769193753007567,0.02346215619980876,0.03931243086499222,0.06187778492997446,0.08823501840475462,0.11811227837738188,0.17491078849843456
0.12972625180960531,0.09188812695894162,0.07505313641495909,0.05650341306788813,0.04004947425792519,0.02696409524419326,0.017939103560178846,0.011392509834726615,0.007706927489290728,0.005405000210827802,0.004553880559021635,0.00540187683595879,0.008055183787185732,0.013905264916847945,0.023522136138540418,0.03941386747208093,0.06149144273370261,0.088489895101455,0.1171718465236057,0.1753665670830646
0.1295946836795586,0.09265131798882126,0.07513176763905509,0.056615563421865786,0.03969275566983575,0.026900281500042172,0.017713257371020804,0.011416217026847171,0.007512395687206897,0.005242586801053515,0.004641157743125745,0.0054034886009666615,0.008355958521702997,0.013957840604115958,0.024086843231657978,0.03951779448934769,0.06121454302326669,0.08843194166294353,0.11735677396577632,0.1745628313717894
0.12929642481237055,0.09224059041973394,0.07525790261072711,0.05681353243029679,0.03987925504171104,0.02723008067362319,0.0178212812208171,0.011524803313146712,0.007394301312703208,0.005054984867839554,0.0047207968042876,0.005476624013442482,0.008159498280649262,0.014295128662404464,0.0240396778052277,0.039652819204257596,0.06095340418953148,0.08833964750967427,0.11780285402852778,0.174046392799028
0.12993684894511334,0.09214149710017479,0.07511429825479411,0.05682032954760229,0.039960263100758966,0.027103564293646944,0.01769885240959621,0.011380622950870885,0.007369445385974312,0.005210782070286204,0.004629723637988102,0.005532550987096441,0.008337876106471149,0.014337460618452353,0.023801527933759347,0.039452617965014654,0.061036127151829635,0.08833650155964202,0.11733319171335702,0.17446591826757119
