0.10566552091975819,0.10311722176128957,0.09855398838449686,0.09760578404646204,0.09784283513097074,0.0960056892260282,0.09671684247955434,0.09831693729998814,0.09529453597250209,0.10157638971198293,0.10246533127889063,0.10525068152186799,0.10471731658172337,0.10092449922958392,0.0957686381415195,0.09896882778238711,0.09950219272253172,0.09725020741969893,0.10175417802536446,0.1040654260993244
0.11688382400182949,0.08682300542847966,0.07936361012953212,0.07302040171838334,0.06770081835555727,0.06252280015898858,0.0558801269730645,0.049722042240867674,0.04481081993455334,0.04240421210817757,0.04358573676501816,0.043014031285901755,0.039556574340769146,0.034710689803496675,0.03003359450291571,0.02744730781167477,0.028149688828874943,0.025704967303891414,0.024093302334191803,0.02768143481740815
0.11672661190866337,0.08640702991078637,0.07800095500156302,0.07013765076486006,0.06478895496033996,0.0598215727295525,0.053964458826722184,0.04879439640809484,0.04456559452282558,0.04391976612767477,0.043988471276095086,0.04208877392227387,0.03892490183751921,0.034854121793616605,0.03086235267039735,0.02873592832678917,0.028749669356473224,0.026942723953019415,0.026241931439132386,0.0318207894908605
0.113434043701106,0.08434015003242858,0.07667782056948039,0.06712430192447871,0.06130724506253264,0.05652331127424251,0.05123142530807155,0.04692387604818946,0.04424636541563114,0.04161764115043993,0.041815656406223985,0.04081697076835659,0.0378553512905429,0.035794844715862466,0.033128813228567,0.032078471437016795,0.03122901468756636,0.031418420584403285,0.03147007673808609,0.04103220474203491
0.11109323896841992,0.08246717270362114,0.07511150940457681,0.06524353347579985,0.05784701956488994,0.05226069839227312,0.04761394129256441,0.0437382394918184,0.04185400501951893,0.040631039826793405,0.03807787658519525,0.03817234362513435,0.03739107567320533,0.03621406741882857,0.03479450865649997,0.03480472130946635,0.034855784574298325,0.03675533802604738,0.039160417799632856,0.051938999823831725
0.10891545938186706,0.08099857619235153,0.072080553490659,0.06223973565181726,0.0547408600171043,0.049134180471697424,0.0437046030233192,0.04048647149704869,0.03914888460633232,0.037820618878617485,0.0363641871596319,0.0355951912120075,0.03652497722140792,0.036697418736935807,0.03629660872787099,0.03698171420848179,0.040076340324982335,0.04294958882019708,0.04678990797681825,0.0624587829823527
0.10625818243094357,0.07970713918450059,0.06925091059924561,0.05948600291218928,0.051525010693870145,0.04560773588085083,0.04076848959346011,0.037581932328325574,0.036030781062992304,0.0347410355122904,0.0340497146140917,0.03434136561801928,0.03523144127445009,0.03634403584498857,0.0382991777602067,0.04018518758560497,0.04376277323378313,0.04851128365328529,0.0539381527041449,0.07438396826837075
0.10429664365279617,0.07699640594195961,0.06765631718576333,0.057910578537875526,0.04929863133726542,0.043086103246010435,0.038636123934154915,0.03410704289341954,0.03280287849163144,0.03230595737430938,0.03136079312666824,0.03296716669776648,0.03444576055298192,0.036747823688331065,0.03888762686700363,0.042416780924719476,0.04696614446003943,0.05398388758630203,0.0607967775172604,0.08433055598374159
0.1038465620206269,0.0762848404742839,0.06638816798680187,0.05528552546526324,0.047055985952861056,0.04102613578257807,0.03540535064784709,0.03151537370599416,0.030041195936363375,0.02965335597341076,0.02955108971452277,0.03100211285949967,0.03357999440429905,0.036676925451756374,0.03918534312259409,0.044350753972465295,0.05020887400989858,0.05861786186336841,0.06661199602512276,0.09371255463044255
0.1040695134984434,0.07659309511639795,0.06498954509548814,0.0549361089168719,0.04510942800055759,0.0381673714046745,0.03316016913712188,0.029727243157845827,0.02761581710887041,0.0272459458203615,0.027805399377352352,0.029223549091584963,0.0323553738209191,0.03628641791738302,0.03979554853399005,0.04556293852516147,0.05210538543747966,0.06136703684773012,0.07200966497839321,0.10187444821337296
0.10479672054869132,0.07694194411731287,0.06495961102504495,0.05406297397756107,0.043779520742745937,0.03624457377412833,0.031174986428799442,0.02739308509007489,0.025416469035119207,0.025382202880881832,0.025551730170266723,0.027557201934053886,0.030374240508726145,0.035268890119264255,0.040522432608393756,0.04641621113722151,0.05389705365178012,0.06352223602887735,0.07736215537717117,0.10937576084388517
0.1057425756586687,0.07754007384095006,0.06570853876649879,0.05374786163755664,0.04324666663128528,0.035248704599049295,0.02928340312311483,0.02563027514333884,0.024061110727812772,0.023884203803852675,0.023887741942331873,0.025621429797140834,0.029079960160560716,0.03340002724366629,0.04011541407719156,0.04716161685852222,0.05542493927669834,0.06666914336360209,0.07966295692847121,0.11488335641968694
0.10719362894916082,0.07879110707487035,0.06592500742241394,0.0538587820255331,0.04265006374543739,0.034054035173509856,0.028297734853909427,0.024191830105310952,0.02284007754239509,0.02209608969768945,0.0222253270228261,0.02432106743044761,0.027770306851324675,0.03244380796032064,0.03950121378298609,0.046874727117134425,0.05655006199898704,0.06846609266665502,0.08322709093766917,0.11872194764141884
0.10953139237135895,0.07912886666562931,0.06693258502730937,0.05305745600157684,0.04237403889877294,0.03352162013095356,0.02687366111488607,0.02274483767395781,0.02107117725066696,0.020879259578161502,0.02091902630309505,0.02290909153781383,0.026195897802974898,0.031201318180482142,0.03824348646980408,0.04613285889901501,0.05717417652622099,0.07117552167891657,0.08658080512057095,0.12335292276783323
0.11248518284074317,0.07942683539787185,0.06694525499237486,0.053741472092277226,0.04148633047368594,0.03237731563679905,0.026069623065192074,0.021738123542943605,0.019743060594676287,0.01908947591428949,0.01984255642528635,0.021475660403575673,0.0244348036415474,0.03012150499451915,0.03704332700333999,0.0462209596544407,0.0580987032948559,0.07318947608583401,0.0893129469807304,0.1271573869650169
0.11362662464596247,0.08123357854895405,0.06795301010852883,0.05353030253882673,0.04127407412465876,0.0314301664723266,0.025075843842777463,0.021138963675195438,0.018417633672105346,0.017878147924943185,0.018480801307057874,0.020276810819762247,0.0230869169584613,0.02865591223454656,0.03597140725540039,0.04586994637579962,0.058278118560529106,0.07468121684766188,0.09143941967723045,0.13170110440927169
0.11465232421513001,0.08302626634313398,0.06823433788308271,0.053802897850842815,0.04148677670632606,0.0307979547382973,0.024377179722185848,0.01960070805368557,0.017997214716770023,0.016641982278252865,0.017284739946708927,0.019163700855819938,0.022283966256922826,0.02721687629975633,0.03462899449234897,0.04521919226786333,0.0581848727492854,0.07571107192594344,0.09387152668549598,0.13581741601214775
0.11572399801876745,0.08361547804020819,0.06907343452094204,0.05436685370768678,0.04091041707659636,0.030966936485212006,0.023527136779682874,0.018950625241717152,0.016603000346037202,0.016236608021277896,0.016112780985595355,0.017975275303121794,0.020840259731447992,0.026108845660625716,0.03395405168845797,0.04458282162800322,0.05844127205987122,0.07637583710468643,0.09581328918531991,0.1398210784147426
0.11796356845757126,0.08437205573156561,0.06969828701722457,0.053955489850149946,0.04090894482493812,0.03035567185562704,0.0233646993949502,0.018486411328995193,0.01575802067352176,0.01506957988196708,0.015231963950736732,0.01709599774015504,0.019758419867690818,0.025316691221618733,0.03296396596023958,0.043735442521959884,0.05851070127928202,0.07674000449939188,0.09715810964645945,0.1435559742959551
0.11976933163893007,0.08522814532039238,0.0697270559406216,0.05411626914009036,0.041128094522048346,0.0303473695402328,0.022351271393106612,0.017580277416338844,0.015364389516976941,0.01426741530937204,0.014096962394036515,0.015555094263837482,0.018886520549702208,0.02405242524120775,0.032364114429598724,0.043173529506074705,0.05870162132787883,0.07790204526621879,0.0994651828824769,0.14592288440085802
0.1211461911037558,0.08579411972887252,0.06998958498350115,0.054783323839602,0.040795518509405534,0.030198492013468737,0.022461381860344392,0.017206685833892284,0.01448833282213241,0.013354140895961066,0.012968212291067689,0.014896170037783926,0.01792292887790837,0.022897868797756564,0.031418633104922024,0.0421690198761658,0.05903190904893037,0.07892661289507123,0.10095656365125538,0.14859430982820276
0.12085870366443513,0.08747252599301915,0.0710520735512405,0.05470230461899906,0.04055718800803773,0.0300977115372317,0.021876546201771135,0.016531526528194306,0.013928017260239853,0.012770154056391977,0.012482371196133277,0.01372606437584778,0.017122238715041115,0.022002766754516172,0.029998418035738918,0.04165446534656798,0.05841655475110989,0.08023419802826667,0.1030918986600426,0.15142427271717504
0.12242839854780152,0.087392429743176,0.07154094392900365,0.05523900766438079,0.04061449509210704,0.02965577517816324,0.021872058625789982,0.016443122226704316,0.013451324458787144,0.011891555734839314,0.011721796423288959,0.01317735646093855,0.01626832055936533,0.020811483124915955,0.029371722468737396,0.041443122226704314,0.058528304423826824,0.08010958719913944,0.10410111604141456,0.15393807987091568
0.12357394017349485,0.08840647364832868,0.07141297886560026,0.05506093813494716,0.040745765899496564,0.029480019210037584,0.021078986166757904,0.016160612034484042,0.013146449669365698,0.011039054812416672,0.011452137788360467,0.012464694839149519,0.015057378232878043,0.020217557033997063,0.028615231679098345,0.040992608165609325,0.058494900272366084,0.0806754410416408,0.1054688155937144,0.15645601673825651
0.1247784241745305,0.08824126232397614,0.07165724462809636,0.055182233014756096,0.04067436193708841,0.02949369190185428,0.021289726428273165,0.015616379086260722,0.012505513192251523,0.010922409470448462,0.010585329122903527,0.011799489180727062,0.014424020244945063,0.019322585892600518,0.027553383632652865,0.04014777870759035,0.058387011841414614,0.08181325748746009,0.1071362089696913,0.1584696887624791
0.12564652643928598,0.08917288192407609,0.0719534065197352,0.05555685913014329,0.040328500796111645,0.028980139110031007,0.02103243107349368,0.015503226347104668,0.01182267661107852,0.010451688594653476,0.010218721193329422,0.01101986088996899,0.013649543283331934,0.018748009720941927,0.02715997653565742,0.03977876476996564,0.058002178831810955,0.08218218385988434,0.10772982485544293,0.16106259951395296
0.12634196446674137,0.08980668338938289,0.07229642438835575,0.055288852248602104,0.04064390835683394,0.028798930282359206,0.02052973141441002,0.015184494456201732,0.011896922383472995,0.01009897904298475,0.009515862283907484,0.01071393263660934,0.013202232599913204,0.018133590709006307,0.026833424654779805,0.039390542449391996,0.058289892810404954,0.08233843225372953,0.10831728924434438,0.16237790992856818
0.12689254974486802,0.09026779641709634,0.07285583620629003,0.05558961782137748,0.04074740428782502,0.028196855326947504,0.020775748560171267,0.015054963095489376,0.011284102749662447,0.009407886140454914,0.009111376908464086,0.010056185986672163,0.01231937227152875,0.01785923684889421,0.02639099684058525,0.038943220994863866,0.05853125743367072,0.08288354390514385,0.1094923158878693,0.16333973257212545
0.1274448371222564,0.09040111620756784,0.07305311176278918,0.05554469425437166,0.04027871769807255,0.02845660910177039,0.02024379443734283,0.014397072461588592,0.011036752972236837,0.009093415545028447,0.008821047530724949,0.009644835451287068,0.012047689467044308,0.017379752863623834,0.025597580436290106,0.03922767793735536,0.058336884143335765,0.083404767275735,0.11071174942142684,0.164877893910152
0.1284957049302114,0.09114348912930718,0.07321362241534513,0.055936298442932644,0.039868688322162026,0.02870351469559717,0.019777064628502393,0.014138426066907378,0.010639793060291607,0.008956567424397065,0.008208653051390255,0.009189140350231403,0.011877951082719,0.01663983990951408,0.02507771951370507,0.039284746227801,0.05845277096419047,0.08361916936328559,0.11071977137579435,0.16605706904571482
0.12824644660674556,0.09196113207105613,0.07385441409756432,0.05545349538890496,0.040048075074678516,0.027944055055655757,0.019591094410018873,0.013981221300801866,0.010696536956459961,0.00841146647365315,0.00797183696598805,0.008774202607354013,0.011836564805234099,0.016262948593436317,0.024878349667603317,0.03867569550892548,0.059095901081689196,0.08470640939703891,0.11063117758859033,0.16697897634860112
0.12922733746403997,0.09163857485611814,0.07429261231297866,0.055784575467208976,0.03979603592412455,0.027697773859672852,0.019598316327978777,0.013712810700433611,0.010433624018873688,0.008159564823209429,0.0075317775562712755,0.008258073995415147,0.011006312935256097,0.015900048252797915,0.024760864810353146,0.03868739032506357,0.05895523509464394,0.08497501373284647,0.11165597257771791,0.16792808496499576
0.12925168933289075,0.09155675507967515,0.07359503050056963,0.055855158574605025,0.039553158731403144,0.027913400734282237,0.019614777054764245,0.013913330675549668,0.010041751668482079,0.007961674537153646,0.007494616320014946,0.007869930958787118,0.010800721271332468,0.015594740257248994,0.024437153146721336,0.038935974658755576,0.059304717121186595,0.08430234012847437,0.1132015673139315,0.16880151193417148
0.12944907121518098,0.09200560775739774,0.07480514712018294,0.05526978987599512,0.039925229901363546,0.027995393627851854,0.019228265767645254,0.013582121935343893,0.009783533888545819,0.007618872774004042,0.007066441911310646,0.007964350685114412,0.010317606021663301,0.015459719278335025,0.02431864078642122,0.038519952601098195,0.059128461037768934,0.08448687350835321,0.11204332660179915,0.17103159370462473
0.12990478793980573,0.09223668331321969,0.07410772031123943,0.05577039758369391,0.0403734473033251,0.027916869470132888,0.018839052946706583,0.013391696281528994,0.009671225021836104,0.007439275641581268,0.006994219267773919,0.007499283242544059,0.010182956507824324,0.015135250465058906,0.02442809422526853,0.03867989945393082,0.059340849840979856,0.08485408151699213,0.11365106246791261,0.16958314719864517
0.13073427744480043,0.09193172937692971,0.07463579392176174,0.055773559880094845,0.040432165107866305,0.027740147731949657,0.01875059361050153,0.01333020073616034,0.009481105273594038,0.0075982144196113915,0.006781739624521571,0.007376599832372727,0.009786033615433705,0.015133110385726026,0.02384606284189882,0.03819269138419138,0.05914943321652746,0.08566320248075034,0.11344500709000054,0.17021833202530742
0.12961211762002908,0.09256866773440595,0.07430832803348396,0.05607629119314872,0.04010848319975492,0.02805146458979165,0.019147717624024806,0.013024310492369877,0.009538064017740894,0.0074919336847327715,0.006624534251455935,0.0072438674360605065,0.009839406239282372,0.01514036553976885,0.023464736300583044,0.0378109568697702,0.05891656649673852,0.08501013908358668,0.11418872347439259,0.17183332611887867
0.13002278617638632,0.09199752150362114,0.07485458821648203,0.056745574351560045,0.040468782272088284,0.027564943934013358,0.01885356217228215,0.013290270569188026,0.009422616945719595,0.007507112351839882,0.006489396432830753,0.0071473306194242145,0.009670799714839664,0.01423469761677915,0.023677302436521847,0.03755221832088531,0.058354598210419016,0.08599949364052478,0.11450553330979203,0.1716408712048024
0.12937443260846027,0.09278319604887277,0.07540956299399504,0.05630189810689032,0.040270848776100016,0.027817801727368887,0.018942756960696937,0.013375865141962408,0.009323127920244529,0.007215971082812099,0.006321470512297301,0.007062723312817012,0.00940308327850283,0.014395295959755807,0.023018814495240156,0.03739745308869214,0.058375740211715106,0.08553890744334414,0.11567041735031275,0.1720006329799195
0.12954612015601916,0.09299411600260918,0.07566993703324058,0.05670169996938193,0.0407037500499208,0.02743480344520028,0.0190131657769672,0.012758090496412355,0.0092736191908838,0.006877421158428623,0.006231778910794871,0.006789227758622983,0.009004046912232591,0.014062687202971281,0.022905323553295446,0.03741396983452923,0.058470560044729024,0.08554759781147245,0.11565149962060196,0.17295058507168623
0.13040677633210554,0.09249879743074615,0.07512187976970588,0.05709083101280464,0.04036471553619609,0.02760999139476396,0.018806685119932352,0.012701461558563044,0.008976409669156138,0.007035654305863712,0.006055289889929544,0.006449765894303732,0.008883200149135234,0.013956461167415949,0.02300444243230242,0.037886340977068785,0.05864376819458156,0.08580435654638754,0.11529518289871624,0.17340798972032154
0.1311790834543166,0.09205036228449606,0.07517257779928592,0.05648212358416358,0.0404740879693609,0.02781367085576305,0.018627260224538228,0.012402652152004829,0.008867114678799914,0.00686652597688763,0.005820499132745625,0.00657550102025035,0.008484624735790917,0.013535154983261908,0.023177227546593095,0.037563838402988076,0.05941898114657182,0.08636955513093629,0.1157464457537796,0.17337271316746572
0.13113494892530334,0.09275244732921903,0.07506916365184083,0.057089939348797615,0.040251250266014046,0.02774027718663546,0.018622645775696944,0.012427843690146845,0.008740223983826345,0.006505706001276866,0.005779155139391357,0.006229716429027455,0.008412694190253246,0.01341874600978932,0.023474076931261974,0.03782885986380081,0.058872233453926365,0.08588097201532244,0.11609850500106406,0.17367059480740585
0.13109862642574485,0.09281028566483722,0.07515717723334786,0.056287588573406495,0.040934310067663585,0.028010663755545725,0.018408624195808385,0.01242939921519552,0.008696751947866085,0.006355318731132908,0.005683009548787348,0.006040797851273228,0.008477086571456146,0.013707452314307875,0.023467584379794775,0.037794093663985194,0.058629021790139714,0.08625527113696801,0.11624125914856363,0.17351567778417548
0.1302946700127973,0.09333377652944208,0.07494390799248783,0.05705429706327176,0.04073692432980438,0.027612225564659545,0.018589306785886415,0.012438298791736612,0.008524323156442687,0.006431883528062625,0.0056208346490717815,0.005881766358091375,0.008522661171034914,0.013952367498213368,0.0231049211387924,0.037145373863617485,0.05874619820837973,0.08682377968721434,0.11635726038325378,0.17388522328773953
0.12980401208174278,0.09367169740514847,0.075974169380188,0.05689677216881893,0.04048944674053644,0.02746288384357497,0.018584230967851202,0.012189674726143287,0.008285857088060894,0.006334778515220904,0.005424828678696382,0.005941241815848071,0.00865614689379989,0.013928210271473902,0.023021066667109465,0.037042264513118706,0.058993974073071644,0.08657475287721825,0.11579111669774556,0.1749328745946323
0.13051914933206185,0.09322060648550407,0.07630991798008728,0.05691553959201031,0.04069430346204771,0.027430236556924677,0.018454065027818996,0.01210113518748951,0.00815215134061107,0.0063944631159592435,0.005424245797247838,0.006052228924769945,0.008496046862825558,0.014124636376171859,0.02222694778602721,0.03752448386598374,0.05929622695110868,0.08554691848014792,0.11626492913592514,0.17485176773927735
0.13055182813413402,0.0929212945740554,0.07603828984428974,0.05745635595472179,0.04051522559387789,0.027930196099271935,0.018390949673167876,0.012178150077057984,0.008137588350959239,0.006129762980283787,0.005450523462826171,0.006292514747302973,0.008340197693574958,0.01331575171387575,0.02242154700536749,0.03740633469734814,0.05851756390497953,0.08620529308603925,0.11696869851729817,0.17483193388956791
0.12970332850940666,0.09317536079873602,0.075573560456193,0.05788380090017127,0.04156819660377859,0.027655704403935263,0.01831875091278429,0.011952495386290311,0.008223356656354971,0.006128931610881718,0.005380448492412274,0.006190337099536638,0.00815365312869263,0.013426227114008414,0.022436237868266967,0.037047424952535206,0.058557601667573914,0.08637594763605463,0.11650778687980454,0.1757408489225826
0.1297633153770325,0.09358850531221058,0.07558407764025664,0.0570768071639334,0.04081158496715757,0.027767543903321423,0.018427612210284546,0.012030057719051931,0.008244630535004828,0.006088878710332673,0.005363656579938727,0.0062714289033380145,0.008468669408238655,0.012947787325706053,0.022875198730778302,0.03698964774450939,0.05872473754260888,0.08684078635984958,0.11657323415879207,0.17556183970765424
0.1301389753163244,0.09250197054552997,0.07625471893797967,0.05702053515868078,0.04068367558597802,0.027808338518979462,0.01838788633063679,0.012266334785314253,0.008381663555278994,0.006118232731798388,0.005421281891723714,0.006290811035054976,0.00813773076125286,0.013559012652976559,0.02242024476249742,0.03674590333955609,0.059048330221945645,0.08697780543455715,0.11677577266127359,0.17506077577266127
0.12979573690156454,0.09324636156874323,0.07575302628894114,0.0572394538164336,0.04054903691267932,0.027916343868042683,0.018563340140444362,0.01227104799096219,0.008268068566575039,0.006056725187914418,0.005371590292650476,0.006026864587152313,0.008435619715295762,0.0134157043535097,0.02205039474055286,0.03733736340848806,0.05927661035731526,0.0876408632367896,0.11663550657679732,0.17415034148914807
0.1306074576428646,0.09326118007734027,0.0750226861383133,0.05707119051213438,0.040559663299551595,0.027707779313227963,0.01866650298362119,0.012254662063633997,0.008145443445572349,0.006159680552629353,0.00516431068147998,0.005741625206746617,0.008434100708205662,0.013298141478555582,0.022064032143811037,0.03761668638051994,0.059728828068103215,0.08671330527496264,0.1171384443364284,0.17464427969229807
0.13077937259642528,0.09324541535763864,0.07524558804970875,0.056965136127845255,0.04047304343205563,0.027536082679649573,0.018590965547932013,0.012330878006336475,0.00814309530609669,0.006168760004516558,0.005257145134400921,0.005614152779346025,0.008290879866097218,0.013307252402744472,0.022320450062102728,0.03795240340867579,0.0591569970177408,0.08763126257829265,0.11601918210378796,0.17497193753860665
0.13100318532129585,0.09298017598111714,0.0758916492793605,0.05645936350010208,0.04049457964216177,0.027705157763867932,0.018316842365603183,0.011886443876763422,0.00830109004715736,0.006133278889071477,0.005114108865285309,0.0055987955866950165,0.008000650675324631,0.013300666776219147,0.023213506160667013,0.0379632534430186,0.05955671083623398,0.08685021686411011,0.11712321831983016,0.17410710580611533
0.13125896033558118,0.09343970689746721,0.07561361705516914,0.05651150905325758,0.040183786438698035,0.0277372165879042,0.018652431901449582,0.011942136144002545,0.007926578346519407,0.005942029947432698,0.005009491318430413,0.005464145383104126,0.007841952954919556,0.013530106727552695,0.022908591302500936,0.037781089045823814,0.06000438060850635,0.08664976371263211,0.11707839961769236,0.17452410662135615
0.13150307008152023,0.09318141451163377,0.07518919304745635,0.056961258376533576,0.04014096313744237,0.027508727198482137,0.018546645485677093,0.012159149573309295,0.007942871086455286,0.005607318397083795,0.005071153849346062,0.005423063707303952,0.008133765584875842,0.013585048478902836,0.0230600554092031,0.03772407279222214,0.059328350156948456,0.0870877301316176,0.11756279184033913,0.17428335715364687
0.13049659036810096,0.09288696543590376,0.07516285118545049,0.05758470998638136,0.04014093034597271,0.02744956879892377,0.018500425478269085,0.012172161943830232,0.008013588764056128,0.005838922055366913,0.005087492597673387,0.005404320470564038,0.008169514523489223,0.013621939749623044,0.023385546345614412,0.03797953391468207,0.05952217048657131,0.08727695566566201,0.11671706607436996,0.17458874580949527
0.1305419985439687,0.09285101880734781,0.07534381742229386,0.05727775207335214,0.0404023820539992,0.027341217129429246,0.018308184454958378,0.01196831224741256,0.00828511680588515,0.005862267395677345,0.0050795261762262255,0.005709699191886025,0.008545477762355124,0.013757671941878144,0.023253384277846602,0.038090642096552475,0.059529791429315325,0.08720267856698653,0.11664336684858763,0.17400569477404143
0.12995109821798592,0.09285205138831329,0.07491587235806052,0.056999585578118524,0.04070120182345628,0.027398259428097805,0.018536261914629096,0.012069622876087859,0.008134272689598012,0.005687525901367591,0.00492333195192706,0.005674264401160379,0.00841110650642354,0.013680895151263988,0.023086614173228343,0.03807874015748032,0.06024036469125573,0.08701699129714052,0.11726647326978865,0.1743754662246167
0.130594318671484,0.09237296562696805,0.07508038052305348,0.05670555868606848,0.040853193675627286,0.02807186184494017,0.01850740826676389,0.011999071894991544,0.008081142895024694,0.00570618847160993,0.00487752328549173,0.005891809473300406,0.008339686433093572,0.013972952368325103,0.022771719314528163,0.03813019987404287,0.059872717027412245,0.08749378501110414,0.11662965295502005,0.17404786370115016
0.13019906791055783,0.09285580466906852,0.07487884660977749,0.056467510333061965,0.04103547808959797,0.02805884332707187,0.018822503444353992,0.012083009345763406,0.007905020384275506,0.005807736242893689,0.005003639161020026,0.005762972075449173,0.008359293787230944,0.01380725875844095,0.02307675728371032,0.037938460875288675,0.06020448934861506,0.08690051246682061,0.11723238074079725,0.17360041514620475
0.13140485598548676,0.09224881334029178,0.07520233272861321,0.05648417372863806,0.04046323218767862,0.02765807632727785,0.01871650223249418,0.012120910890761036,0.00802206814284649,0.0057291019491869455,0.004870896394045579,0.005798686183387594,0.008439573548050397,0.01339496508362534,0.022974394658581636,0.03820340134363845,0.05951274468384732,0.08658432532286257,0.11709204171740514,0.17507890355128108
0.13109004692205567,0.09271373899668676,0.07532556216136482,0.05672579851195262,0.040156395802705275,0.027722299661385508,0.01871578427456447,0.012228573891050002,0.008060118573078907,0.005565675132304947,0.004955738131504409,0.005658491632426771,0.008263983385846479,0.013552866455288134,0.022585900842143996,0.038099515862505616,0.05977216864095095,0.0872292783019884,0.11640680809028398,0.17517125472991227
0.13054904703040018,0.0932007914072002,0.07607352000556768,0.056202173387110144,0.040103930191787006,0.02726013369081432,0.018635187130684915,0.012061668782167492,0.00806817767555619,0.005801332931222472,0.004825330332967679,0.005625685604541643,0.008147716087638073,0.01347513264687265,0.023031341448460762,0.0386573253220477,0.06006972867459178,0.08684766074215963,0.11678393058947904,0.17458018631873035
0.13114737791453351,0.09291857874214175,0.07469859943234572,0.05681516751107458,0.04062110400806388,0.02769801586248973,0.01827303111488368,0.012142231889440035,0.008037348470781715,0.005885434626913182,0.005089657550598158,0.005519045598026472,0.00817329372131887,0.01377523276479482,0.023402477519297596,0.03846587442637736,0.05950588875036475,0.0870978010026791,0.1165200005305181,0.17421383856335707
0.13028536187891562,0.09301739558586802,0.0753747933932251,0.0566761549671004,0.04114562524142115,0.027561385214498038,0.018566012211558708,0.011994383279813132,0.00796917766773486,0.005908497858915546,0.005036480498144062,0.005651534568193913,0.008194642232497069,0.013609107442154244,0.023360449868119804,0.0380703548911719,0.059588958204506305,0.0872929165996628,0.11685364199874336,0.17384312639775593
0.13007264259380097,0.09305903825578275,0.07520976252861154,0.057095488739238594,0.040811357816945955,0.027571392134195013,0.018452146318680043,0.012228004332718319,0.007959879293382667,0.005672614769004504,0.004933932670617347,0.005447366416133081,0.008259658351248308,0.013551338405837905,0.02316248687431473,0.03855390557456548,0.05932975365117643,0.08770773363719778,0.11685752047938153,0.17406397715716704
0.13052463202237424,0.09310839878193569,0.07576472614251484,0.05650520194267681,0.04074289338294345,0.027419694026749073,0.018203073641889757,0.012079634514471551,0.008019420144425733,0.005770736981896281,0.004891465436017679,0.005682975415170167,0.008085655289124683,0.013687492652038634,0.023172365372928706,0.03785835283130406,0.05908340495008354,0.08683261882170991,0.11742000864368642,0.17514724900605885
0.13069110339866816,0.09284433350901791,0.07573663222585743,0.05698810316994665,0.04041905746874969,0.027534415948183,0.01853306682312539,0.012075829446726133,0.007920723157549298,0.005696489954487745,0.0049871219880865975,0.005626879079280158,0.008038398684685939,0.013627157522780988,0.023309698783798568,0.0378268810681623,0.059213993774798857,0.08681802059818944,0.11670428968731456,0.17540780371059117
0.13089206419138827,0.09305399357688605,0.07584342707413744,0.056660212635215826,0.04068855516374966,0.027532600036107236,0.018421318510592834,0.011779573570161503,0.007998250951955835,0.005672812075056686,0.004995387217042618,0.005631404687647511,0.007892248040188354,0.013440837953017521,0.02302747628598923,0.037992106095664314,0.059222501768095424,0.08666069296090978,0.1168218339497513,0.17577270325644254
0.1310128656209557,0.09263776673738838,0.07546429765360467,0.05705126719912092,0.040361045004849015,0.027351442955352624,0.01806383492815839,0.011938846099105328,0.00795205926063226,0.00580889240474906,0.004873842772645578,0.005466316698827962,0.008092730444223047,0.013400171453348474,0.023060144378283017,0.03769822224723044,0.05948736110789316,0.08727240229972558,0.11713606709849965,0.17587042363540675
0.13150176959478269,0.09321357086995136,0.07569491390623133,0.05649613605333968,0.04040906138571864,0.02748505454593657,0.01807538341220291,0.011797298551185697,0.007785885658991796,0.005640169138797205,0.005065216526822285,0.00543139672061611,0.007906841107620525,0.013348179371959541,0.023087578372503012,0.037877281584284404,0.05938746835275248,0.08753032170835488,0.1172124574170544,0.17505401572089443
0.13039821037973134,0.09355104176498154,0.07519451854280401,0.057453963806883945,0.0402929493134104,0.02744371422373895,0.017871365247786573,0.011731550336381723,0.007724443517180058,0.005785467448880411,0.004901254621833433,0.005391380084016779,0.008116875052779558,0.013213517527780678,0.023289238600029467,0.03829767505013022,0.06013475138551515,0.08741950599989737,0.11667800909712597,0.17511056799911248
0.13006714829878843,0.09355753606449412,0.07570482547730227,0.05704792383019986,0.04006559286752029,0.027211773621871355,0.018047966852766852,0.011801421068482,0.0077043489196371535,0.0056326468476041395,0.004825146359463477,0.005399332157383167,0.007987305033309394,0.013598440597417983,0.02315110518355743,0.038245407340973696,0.06029612763802797,0.0878769025075538,0.1168228165219895,0.17495623281165718
0.13082623347160469,0.09253417455310203,0.07579257640113599,0.05688831482815437,0.04045306639509177,0.0273297068150393,0.017897447361666544,0.012085082424633829,0.007774659082441194,0.005471240385172674,0.004722753504392393,0.0053520123864643126,0.007887263303443538,0.013593647797179928,0.02354752974490176,0.03806022669879198,0.059824304296347795,0.08841252887553094,0.11638143023920114,0.1751658014357039
0.13055663089908642,0.09278063984594463,0.07514831468853089,0.05686416591392617,0.04019137806100672,0.02729056443954749,0.017901988227469898,0.01183208758921215,0.007818574656965414,0.005752260702976883,0.0047447465332578955,0.005376717654493778,0.007984012123257528,0.013491425376122081,0.023533479580053543,0.03840465342505186,0.06016133461712806,0.08796144645285528,0.11724718673588573,0.1749583924772276
0.13116043544065686,0.09282092552666524,0.07516550917876316,0.057043123462064534,0.03979175153255374,0.027148804260350334,0.018186966586851337,0.011720599972842919,0.007822564887215307,0.005669869215458341,0.004643198972005022,0.005467847006262689,0.008191834990909003,0.013588477448028954,0.023384898674270654,0.03838421974717417,0.061002427578349845,0.08776705845727892,0.11750572120272765,0.17353376585957134
0.1311136043209754,0.09300555345949414,0.07475492629586238,0.05668301594551122,0.039893564208979534,0.02727913580492067,0.01764001138492292,0.011646378998788695,0.007931385981982697,0.0055220185733102995,0.0048567948794323405,0.005429350596053669,0.008123341077728576,0.013678455357201951,0.022922086088550866,0.038768310199434726,0.06117741284245782,0.08801306618479317,0.11741198196945929,0.17414960583013955
0.13164759354217218,0.09299099916248185,0.07501580691399386,0.056649993544820455,0.0393302502954486,0.026813822691114694,0.017809674824468765,0.011539874802620472,0.00736552536885558,0.005506764697119668,0.0048910398797681436,0.005718626999864275,0.008156698655667484,0.013382083731954462,0.02337602579423536,0.03909025003062073,0.061163653697824776,0.08864451160773694,0.11694302559230413,0.17396377816692762
0.13167131924644765,0.09363606560634208,0.07512674554527904,0.05613064311567209,0.040030399062198865,0.026892242278538852,0.01741985476003616,0.011573499170483111,0.007583208326296514,0.005495342453051995,0.004632711112877214,0.005573161403125343,0.008050122026736606,0.013699446657593305,0.02325958746022128,0.03892437653775213,0.060541487434723144,0.08787415185623033,0.11796690542182837,0.17391873052456588
0.13126794805125983,0.09411817311609631,0.07529983803281076,0.056486471268213066,0.03984094755774015,0.026471201968779088,0.01725828301530573,0.011158843772874967,0.00769592564745473,0.005372408607777736,0.0047646176216327215,0.0054684627690758615,0.007904595032343755,0.013323374614541276,0.023322944026921665,0.03859555567332312,0.061451477743588376,0.08853378291097105,0.1174758953738328,0.17418925319545694
0.1322240783314864,0.09283670465258592,0.07551810257852168,0.05590876763533518,0.03940060534890258,0.02667504672433469,0.017313640197813465,0.011245265543077356,0.0074676237574634865,0.005588726617158167,0.004598005325747175,0.0055242222258976865,0.00793073220753874,0.013598848844709821,0.023289393162534523,0.03840326822249054,0.06139164089247613,0.08923603645325084,0.11748399794909116,0.1743652933295844
0.1310362630852581,0.09323422239726234,0.07575135775583892,0.056334042686983096,0.039575976409302584,0.0264253540424884,0.01722471727899441,0.011257541709001727,0.007573977422034531,0.0055865736894884395,0.004595354009392592,0.005525346430450799,0.008086962565322866,0.013521295502609604,0.02340039648787204,0.0393128646745192,0.060988969164628516,0.08862563006159133,0.11766389875328061,0.17427925587367993
0.130993493700644,0.09318742446567223,0.07577438206711587,0.05691273612237801,0.03941691637832557,0.02663940532754996,0.017187888018807017,0.011211363673989703,0.007440027813188085,0.005390460738705031,0.0047547307252951004,0.005605681836994851,0.00825621243977948,0.013476151846762582,0.023139579159975495,0.03866695362813104,0.06082313792361307,0.08877042531000114,0.11783520686058642,0.17451782196248536
0.1314252703852431,0.09349519480648462,0.07511197772694317,0.05636791593973563,0.04005872830379812,0.026757131648729268,0.01714012361414114,0.011207704200033761,0.007339382723814757,0.005348115827840658,0.004707533709185652,0.0055599879497730655,0.008345775302993687,0.013781619431321987,0.023150339823020564,0.03878584032125111,0.06060370312743113,0.08864199901347046,0.11768337697678347,0.1744882791680046
0.13161187804151353,0.09317045717879963,0.07559009501109018,0.05641076571655577,0.03973416757705169,0.026435925447743907,0.017244347336710035,0.011186148905882745,0.007152315688416592,0.005503691197404576,0.004594961432780483,0.00564769755354719,0.008185188863508459,0.013793160525705964,0.02358890323434965,0.038477836263117814,0.06117621743304532,0.08879729863938822,0.11748435793028106,0.17421458602310724
0.13166790828573796,0.09274232265540927,0.07541097591259002,0.0561029716083106,0.03956957205529344,0.02679413955798361,0.017435642744805895,0.011100074497144277,0.007413293601523051,0.0052346660044698306,0.0047562287890075316,0.005660127472891315,0.008378445492922772,0.013949176392682734,0.0233308500951908,0.039097756808211245,0.061036338051485825,0.08830725933283669,0.11774687525867066,0.17426537538283254
0.1309460756728127,0.09278360753417854,0.07490979509417724,0.0563474461253269,0.03989870568373663,0.026958853321857722,0.017403753848190942,0.011410506802608493,0.0073868714621470434,0.005147472607501078,0.004670793472144063,0.005293124565526833,0.008475950875566888,0.01419941077162435,0.02370651130457811,0.03859611374093813,0.06039590850408819,0.08888245224932968,0.11749478632195706,0.17509186004170935
0.1303250100924535,0.09228142392937264,0.07543033559889611,0.05643005102479767,0.03985526428992143,0.027041157356240443,0.017316002991337037,0.011566613502048267,0.007248367007934988,0.0052034043003778875,0.004578003083989067,0.005426761877659611,0.008310556375452508,0.014286612443167906,0.023890988266281946,0.03883443743671535,0.06057953846052031,0.0888615712461037,0.11809659636142229,0.17443730435530733
0.13085106031086577,0.0920771904987149,0.07490481845215452,0.05672687940142299,0.03950985224119055,0.02683606942381671,0.01778927417247459,0.01131262879692508,0.007518598027897866,0.005087375172418356,0.00465240128739039,0.005355305854450793,0.008219848701859307,0.014183787216729457,0.023802829480313717,0.03874906141566635,0.06069291505274265,0.08911176017226949,0.1181408918453147,0.17447745247538182
0.130109981666967,0.09265538030711551,0.0752646222056176,0.056452186160461146,0.03986153518074321,0.026798629237964087,0.01746349511256879,0.011246133779894498,0.00744231872366383,0.0053478234275993975,0.004536144508603634,0.005283351985968368,0.008253997642659595,0.014239923031017374,0.023490748348125947,0.039236658131088634,0.0613189534466598,0.08836885599559613,0.11739257652677465,0.17523668458091082
0.13026225211152007,0.09205797082263233,0.07479679101908972,0.0563805634250311,0.04012053535968651,0.02711880113320448,0.017559043130609756,0.01138996266779634,0.007368807752389524,0.005323479573194946,0.00459867881066483,0.005232465778813312,0.008336863565357835,0.013913526966559878,0.023680134501840127,0.039175646694379,0.061262212396409776,0.08928618708464608,0.11712813418411924,0.17500794302205516
0.13037629070691026,0.09188343923749004,0.07486596505162824,0.05645353455123114,0.04003673550436856,0.027007214720677793,0.017573471008737084,0.011293685464654486,0.007333862854117027,0.005308445856499868,0.004595247550966375,0.0055401111993645755,0.008169512840879006,0.013802290177389463,0.023808578236695792,0.03913158591474713,0.06028925072809107,0.08921597828964789,0.11749404289118345,0.1758207572147207
0.13050014072148738,0.09203681936327669,0.07491846431468635,0.05654851580219524,0.03923315067132427,0.026965548068804527,0.01751071966624175,0.011310696488585,0.007544327268513153,0.005226561594622783,0.0046040759564922274,0.005370594175785972,0.008080724467327783,0.013890038574243004,0.02409814082082016,0.03848318792112975,0.061089680976110464,0.08892439117262388,0.1177689849841895,0.1758952369915401
0.13133839925483634,0.09193439780553944,0.07399852092298373,0.05601466503207147,0.03960253527697951,0.02696254824785625,0.017664547318056154,0.011404113951799296,0.007355678315639006,0.005221439668051438,0.004682089436180474,0.005418319047169982,0.008158085869189369,0.013827881098090604,0.023519640786127782,0.03887954125450219,0.06175229265209761,0.08877440104825858,0.11828976343039982,0.1752011395841709
0.13033456117184114,0.09221199575055349,0.07443646845845041,0.056010616997124,0.03931565378263617,0.02691481580767614,0.018202457662738245,0.01130703574631731,0.00752588885910305,0.005308498562005845,0.00459198363764533,0.005316772406397997,0.00842939266672624,0.013876891814520268,0.023075752009716802,0.03899959292685591,0.061380342007631775,0.08987049778757403,0.11777982969118703,0.17511095225329873
0.13047369335241235,0.0922986575793418,0.07455686884310304,0.05607894062083851,0.039868983713947766,0.026797131537373557,0.017862548696867687,0.011439111339029452,0.007417639225482008,0.0052141835055127764,0.004646777115160338,0.005328326481997668,0.00833409152943317,0.013903937932688732,0.02338938470318691,0.0390666743864815,0.0615478780158973,0.08926642459533009,0.1177889347482651,0.17471981207765033
