0.10138713745271122,0.09527112232030263,0.10353089533417399,0.09873896595208069,0.10346784363177806,0.10170239596469101,0.09867591424968475,0.09791929382093313,0.10327868852459016,0.10012610340479193,0.09211853720050442,0.09646910466582596,0.09930643127364436,0.09672131147540983,0.09924337957124846,0.10592686002522066,0.10529634300126102,0.10119798234552332,0.10018915510718791,0.09697351828499366
0.10292304259491959,0.0788188042418762,0.07595330647907837,0.0748552571314488,0.07192516823055514,0.0653603598313584,0.05914199480922129,0.05409801411609963,0.04859602353466194,0.04259491961339267,0.03916571737266738,0.03933600310037463,0.03763901774494719,0.03574238705358716,0.03364023910464938,0.031080081267395573,0.030933283226268628,0.028384869232304964,0.026270977440077038,0.026916888821035566
0.09952232485547874,0.0789200830929193,0.07606785679204578,0.07320835440367007,0.06938113237749799,0.06256707643166118,0.05731374125505234,0.05190397019714558,0.04804400577721347,0.04341641412579628,0.03947641274333965,0.03798117676163173,0.03666784296747952,0.0346269004231045,0.033877463410374974,0.03368464709156593,0.03313166444139658,0.03127990017207946,0.028631404321268376,0.030628690340630038
0.09685522689188489,0.07710997091168816,0.07440564307145714,0.07140829551038848,0.06521520161893396,0.059757709318332346,0.05432158303904182,0.04912963986044935,0.04610482170055215,0.04240239543621785,0.03882816529975001,0.037128040461139794,0.03581860858364645,0.03539739273494229,0.0363588636939409,0.0355408503066024,0.0360139550642049,0.03535771298107886,0.03352939201460215,0.03937452498756191
0.09599107741320964,0.07604008651218577,0.07179046032189698,0.06741057739014336,0.06189637533480053,0.056582985755882616,0.05080284285338246,0.046053899154145275,0.04265094178337761,0.03963061359066277,0.03721000914510872,0.035907441730460815,0.03483282361337627,0.03609739947843029,0.03698748721177304,0.0387893721353693,0.04027646993375902,0.04068894961506419,0.040249333112620515,0.05012170864280616
0.09486165029926488,0.07386733373416766,0.06927258466388062,0.06402214980811914,0.05896223497304268,0.052157948520005847,0.04682833651279082,0.04281257036250765,0.03960094715667426,0.0370623297381958,0.035508478140920494,0.03440247230655414,0.034395049448605365,0.03612952392263403,0.039207535685389594,0.04165955309446576,0.043465781861999155,0.046217187875008975,0.04827826809878339,0.06128806379698977
0.09509515931681431,0.07287146045377679,0.0677251126193215,0.06100461475714097,0.054540746884924364,0.04827393418357293,0.0430565548340383,0.03908566400718563,0.03612067108742376,0.034205111519478686,0.03266991425808727,0.032965497014385024,0.03353833181341169,0.036187119924110854,0.040361939939417,0.04369583846975203,0.04691746137947786,0.0510258325580969,0.055422912475425384,0.07523612250415879
0.09550112278347059,0.07300243484844575,0.06636682755594557,0.05881922755938708,0.05152328592692013,0.044978017534350274,0.03958564557898631,0.03553545156544408,0.03257792805582084,0.031166920475956955,0.030564661143088225,0.030835677842879147,0.03273709659379329,0.03619793683159969,0.040411601235492006,0.04499952679623846,0.05050159598723212,0.056218757797107465,0.06232738817334744,0.08614889571449466
0.09686133475009197,0.07284114593976049,0.06516204176713393,0.05644488945195961,0.04886182516653723,0.04259471167599821,0.03644815889492827,0.03243491765090524,0.030038007274510593,0.028658711022109616,0.028102905717438384,0.02879970575013283,0.031764681842331104,0.035530671461849704,0.04004454616044792,0.046021496587518924,0.053690383750868445,0.060601168825861286,0.0687645592382198,0.09633413707139644
0.09826528203917867,0.07303516639131459,0.06391904649516167,0.05544803713319173,0.04671347651640314,0.039896546298481626,0.03405318228306191,0.030784360003146875,0.028072142239005577,0.02676028636613957,0.026406262292502553,0.027434898906458966,0.03058571316182834,0.03472976162379042,0.04005782393202738,0.046870820549130686,0.05525529069310046,0.06435174258516246,0.07389465817008892,0.10346550232082449
0.10044142081607338,0.07361543939173512,0.06376865414506781,0.05463970413702806,0.04560455126683562,0.03764136568632706,0.03256483487875284,0.028397562040106877,0.026425907918009816,0.02462462002588035,0.024333657475823306,0.026257455915345222,0.029368075282731377,0.03374782735201108,0.04033659772896075,0.04742689565929817,0.056529046485095824,0.06659405364430594,0.07759511795468643,0.11008721219592502
0.10317263554884415,0.07421285131510742,0.06399362918554245,0.05374999060905887,0.04363031245539302,0.036756143553682376,0.031187315468006946,0.02666088184693517,0.023967559932986247,0.02316557356112,0.023088567843915046,0.0248916285394457,0.028231047202626463,0.03296971609306799,0.03920905737489388,0.04751440570368201,0.057743018774369485,0.06887504038104683,0.08153966357892523,0.11544096103135071
0.10541352268303084,0.07576336231669108,0.06493075511225642,0.05310257883905894,0.04310239344444652,0.03519531322419771,0.029700216911696546,0.025254454105563685,0.022655221639259163,0.021548415803036767,0.02178015906857746,0.023671184115389602,0.027143625206251507,0.03157084855114111,0.03892174493409221,0.04787815866070933,0.05773929809599731,0.07033130017241701,0.08410426593003208,0.1201931811861547
0.10795126808066628,0.07801736331806171,0.0658564274771018,0.053260122785038014,0.04230976953005883,0.03425820128369517,0.02834857430478759,0.023965493803801113,0.02066624293214491,0.020260266070989012,0.0204072260207287,0.02205868845592854,0.02524771936527998,0.03030314163632556,0.03800200600331395,0.047508477752100625,0.05822736908623976,0.0714004915810319,0.08661635737720574,0.12533479313550072
0.10948902446143964,0.07896513223188747,0.06726895907525253,0.053080667289392244,0.04302644637748848,0.033431972094109405,0.02692801681359099,0.022959965555490684,0.019681534240177472,0.018710958024403066,0.01901563138536984,0.020725086111273272,0.023976151555840968,0.02918114017163874,0.0368143937182556,0.04660955105376846,0.058081324070290145,0.07299754801798122,0.08944078755327223,0.12961571019907758
0.11211415312045524,0.08073257572593955,0.06719695552945064,0.053548765453393356,0.0423317216473694,0.03264163378839405,0.026522916140886654,0.02133925475108439,0.0186521027871939,0.017268582654434074,0.01792221421321825,0.01961439369318172,0.02314037282417855,0.02850015160620878,0.035301551104001856,0.04508786805357601,0.05851636530015308,0.07451581334461453,0.09232364203504552,0.13272896622722047
0.1145453164392134,0.08206766087815182,0.06755960024162015,0.054086021116444276,0.0417120307306116,0.0325409542549382,0.025259795925010937,0.020127176118668776,0.017611505170599017,0.01638531904350248,0.016736174660990286,0.01886481930935699,0.022181670868494246,0.027270885856178134,0.03420661417094987,0.044631004785381276,0.05869959163299779,0.07462011741003448,0.09486846531412427,0.136025276072732
0.11721720007570771,0.08340648743161515,0.06802339729434986,0.054394202950798984,0.04106062927545898,0.031804457743368805,0.024291366614692698,0.019377574288212122,0.016533126639207595,0.016035618685389313,0.016033816120339245,0.0176651374906492,0.021140482907176916,0.025562174974989405,0.033113119969716893,0.04426558993447674,0.05833280758519373,0.07617820158084955,0.09676169188755604,0.138802916550251
0.11826847175046255,0.0846667973308543,0.0696542014230409,0.05404102975367404,0.04103694619812167,0.030902679754663,0.023665202388637247,0.018671792538835136,0.015929642729347118,0.014960450108157577,0.015169033306780929,0.016648895138393155,0.01925258885913982,0.02527273152285514,0.031880863030965614,0.042964542654365036,0.05818572176080183,0.07762531624629361,0.09775179678242436,0.14345129672218696
0.12046953480941082,0.08478768970060784,0.07001016044892668,0.054324294243728706,0.04090927042232284,0.030589054719223355,0.022855624688095755,0.017974659912182125,0.015384283975571835,0.014181545321705666,0.014317975377965112,0.015425572018913513,0.01862090754709529,0.023780117832485435,0.03135737135184234,0.04211559934082742,0.057916354014454406,0.07846343854005478,0.09996732859179051,0.1465492171427955
0.12138335820721706,0.08588029361335413,0.070495512846928,0.05508564917253277,0.04098009671252658,0.029972283386694235,0.022083708830437747,0.017430829402184718,0.014460296444139467,0.013464146670512711,0.013596727755491813,0.014616168800804087,0.017572368668581327,0.022472493903957547,0.0305850229956517,0.04185441521887524,0.05781251959602184,0.07903445137409545,0.10149977873291897,0.14971987766707456
0.12213905656159176,0.08713972725240329,0.07119338251732617,0.055032416722557556,0.04087100380058125,0.030113123183545722,0.0214817795662866,0.016540129666890235,0.013764363961547062,0.012592890677397715,0.012954169461211714,0.014093449586407332,0.016645651687905216,0.022063044936284373,0.02989671361502347,0.041107086966241886,0.05828929130337582,0.07908249496981891,0.10284462329532754,0.1521556002682763
0.12267921689706988,0.08835726703724153,0.07176001615234663,0.05536288283652361,0.04145471178603144,0.02909209160381725,0.021174940277412974,0.016048714333956913,0.0133364065674298,0.011899848303735592,0.012251840813620863,0.01307375225802302,0.01580928795667454,0.02079793307139373,0.029124253355989504,0.04111165309619401,0.05853260218950061,0.07948419696571735,0.10346793026617426,0.15518045423114654
0.12411620193860201,0.08833966391142306,0.07257893300172878,0.05598681193990441,0.040507968678357265,0.0291075758197489,0.020922129429248877,0.01543959308269121,0.01277058092048806,0.011337949392246664,0.011320108401857603,0.012476204579068595,0.015020329808548335,0.02008717107904094,0.028236935488762844,0.0407327651572594,0.05863263081460175,0.08034690021712487,0.1057114362532493,0.15632811008604702
0.1243502805718066,0.0893158042077747,0.07329280926644778,0.05572386099615026,0.041109520183873934,0.028993311567546753,0.02062162658540456,0.014988793175694832,0.012175051130578669,0.010643362653547756,0.010750349043095905,0.011980692522899546,0.014500221996758308,0.019093504321358586,0.027513333178797433,0.04052109504135915,0.058057947394792246,0.08146835253441845,0.10625531588623063,0.15864476774146385
0.1256320379971616,0.08862081999129945,0.07302936079474542,0.05654288587301473,0.0408676303834661,0.028875845985979285,0.020783263562519166,0.015201004129196052,0.011528230436239932,0.01055298421777052,0.010281983440426187,0.011312499554275034,0.013919099136363307,0.018412006760756234,0.026675747569907503,0.03962138338765235,0.0586163983996691,0.08167642507185087,0.10800985587037606,0.15984053743733107
0.1259220119341168,0.08991684546492885,0.07335710193813758,0.056156887024405515,0.04054005970616595,0.028554349334443473,0.02043815359215494,0.01502972854687717,0.011590753016442322,0.010016260856879552,0.009592838106624254,0.01066562767975007,0.013161687001633202,0.017950989706201546,0.026398095665076178,0.03921286066544977,0.05763530847592718,0.08294104460883212,0.10892461295958271,0.16199478371637077
0.12706990677081206,0.09030299041381239,0.0735462846185181,0.05569381122556982,0.04055229533071368,0.028144861899484667,0.020052902805769855,0.014639882027098901,0.01158560773298847,0.00953815886139785,0.009257101587973594,0.010187436739877936,0.012953538386553366,0.017799108087867756,0.026243278195114232,0.03878946141955269,0.0573872702401261,0.08253300199408356,0.10951450024281217,0.16420860141987287
0.12762987070728626,0.09019722918778567,0.07409521777018974,0.05598712408187945,0.040335058421810795,0.028140283483611674,0.019626882925180954,0.01406569563748244,0.01110459015810347,0.009624926639278664,0.009087837237012932,0.0100179622614665,0.012294367675043128,0.017163741130021875,0.02572160273168649,0.03860996994433476,0.05782425438830498,0.08294296537373955,0.11015490227462695,0.16537551797115374
0.1274806246282503,0.09001358273483484,0.07374448478822475,0.05611888887902489,0.04077661283879158,0.028062107720852606,0.01949344388910096,0.014188187459495929,0.010537716502578946,0.009035625826726915,0.008856298216489263,0.0093427909412924,0.011917296236783465,0.016966877657732832,0.025672256598279517,0.038267801816357874,0.05790151185604077,0.08339621636497602,0.11019237768880444,0.16803529735536155
0.1276193147224791,0.0907283580923845,0.07345530324142696,0.05656921026052474,0.04133214286348233,0.02793758198532741,0.01944572149750693,0.013825899109455187,0.010013082151294992,0.008356956349636025,0.008254003191547905,0.008871722140076647,0.011750860457644539,0.01639262784385911,0.02446912559042749,0.03855418264955277,0.05801055447375848,0.08338318277913176,0.11189588240619282,0.16913428819429036
0.12732256811891263,0.09092392065633881,0.07439133156139346,0.05629307578145918,0.041047773224794616,0.028070293646726734,0.01950611461105684,0.013610484115486978,0.009794725671436959,0.007957771327554139,0.007776912888291546,0.008760995572514484,0.01123627381967705,0.01602547621622868,0.02472263939841518,0.03860973053865671,0.05831266168655815,0.08408498928147777,0.11239997375779505,0.16915228812522498
0.1272647657407867,0.09170395478623447,0.07403966841347617,0.056676759869237474,0.04095547408505238,0.02815046199448302,0.019275771349959937,0.01346981612406839,0.009456172572490231,0.007892553485700508,0.007569901928108979,0.008472262602911665,0.010819464043852249,0.015285174338209745,0.024603067671732173,0.03821293584552436,0.058119827824619365,0.0842138293421454,0.11356625702919466,0.1702518809522121
0.12848290352035885,0.09223854398453914,0.0737333888883964,0.05658815081426583,0.04091630393347575,0.028388046205264143,0.019161177649134317,0.013232152197232295,0.009428994423808299,0.007622272852191029,0.007347452593505376,0.008076169537504098,0.010686075478054271,0.015260503009725092,0.02429411086781146,0.03826561821260449,0.058350546537707985,0.08511449366583629,0.11263198021294138,0.1701811154156435
0.1289191503241326,0.09156014401165707,0.07426066393557411,0.05666692074927188,0.04070226068520761,0.028383981450788034,0.019442637306535303,0.012959985535018202,0.009318922713389502,0.007441665883737709,0.007290988989950738,0.007989420709386815,0.010299208857674155,0.01490105846086212,0.024048032248400606,0.038146071498845094,0.057840427851471574,0.08517498905376684,0.11397200246046502,0.17068146727386502
0.1285430081453346,0.09104650380717402,0.07428325657626915,0.05591642978764075,0.040824020418205036,0.02881664324425738,0.01957216638996364,0.013115369230388007,0.009118810023611205,0.007194868545415286,0.006918755508986062,0.0076957659127836805,0.009835641945110144,0.015049930440754285,0.023899707249383177,0.03762571107956658,0.05836250809754579,0.0851295430329247,0.11490727203859918,0.17214408852608737
0.12813979722824378,0.0925521870281242,0.0741934571276005,0.056363404896368575,0.04101937541772609,0.028553898599976663,0.01942315785006772,0.0129623277377193,0.009150190430050107,0.007099133251526801,0.006572223734975123,0.007456300105028271,0.009892814580894757,0.014564274120255604,0.023424487500928275,0.03717894766621519,0.058043149999469544,0.085445981165637,0.11453032558764555,0.17343456597154686
0.12883231562785238,0.0911123532699833,0.07495878469691715,0.057073465835520865,0.040774847697957285,0.028109544261343943,0.0188918213272389,0.01323311941470732,0.00913458476908817,0.00713219322017109,0.006302580467130352,0.007300238447332856,0.009419377206699164,0.014545641083697134,0.022931982367633438,0.037074314906142304,0.058101195066899716,0.08478677714018865,0.11561865408155321,0.17466620911194292
0.1294308782115083,0.0912401597423192,0.07488937720648943,0.05675837648344149,0.04105992811949207,0.027990262719190473,0.01870378194713795,0.01289464891516297,0.008927608585354125,0.007078444510051071,0.006397824845623086,0.007127944122009474,0.009671870608014341,0.014162192549954832,0.02305267642634016,0.03662440931936265,0.057693565580798384,0.08574747065822108,0.11626221358728991,0.17428636586223903
0.1297479716930239,0.09189685393536658,0.07469405153765746,0.056727151809513356,0.04039987760292763,0.02827867620137502,0.018996308631646718,0.01284284888029672,0.009025899715762864,0.006822044915480573,0.006266659355858872,0.006776057576148838,0.009248761437139725,0.014144644332148867,0.022832713978205528,0.03708348293958148,0.058242965263640104,0.08635007331443134,0.11533978453162778,0.17428317234816662
0.12985531947997758,0.09185612925241031,0.07510550910463569,0.056586826876665275,0.040969534522296146,0.027562319768171695,0.018863454333608563,0.012760104032772794,0.008946394125790545,0.006693883035621144,0.006066220997151651,0.006732780401385456,0.009015348546918177,0.014172785634849206,0.022838057889888633,0.037260140278045445,0.05841677112966789,0.08642817866620933,0.11505487180665887,0.17481537011727558
0.13048858967377852,0.09194735762727443,0.07499628731250926,0.05665384316193682,0.04049834873803985,0.027990127787167543,0.01882509352436584,0.012389768540454146,0.008703600246098144,0.0067394117688657565,0.0058094719497620365,0.0063398558770075015,0.008800837299426477,0.013933185768738468,0.023211368602685866,0.03745394499565088,0.05823085137228001,0.08684152835432475,0.11641927203038038,0.17372725536925326
0.13094662122790598,0.09252202779298287,0.07492098246605335,0.056458248724242044,0.03972948634188547,0.028038422827679974,0.01888474917450956,0.012817615171366516,0.008410290819840021,0.006496212455635405,0.005782847456429998,0.006282556106863489,0.00860099235428107,0.013642222732329203,0.023074885667367085,0.03738456377023997,0.05877668497165964,0.08578743841929616,0.11694771599597407,0.17449543552345814
0.13031626596424573,0.09322378014978232,0.07474109409592139,0.056163072762004315,0.04061459477209572,0.027604859980721087,0.018819890470356024,0.0128843865527822,0.008749660147381284,0.006535763088298127,0.005398801600220331,0.006209151480698136,0.008481308988704533,0.013500534936849209,0.022446162048790477,0.03740320820872071,0.05859412240343772,0.08640554215761391,0.1173135930454679,0.17459420714590884
0.13060051979603654,0.09272638671130129,0.07501377176999026,0.05669908329448988,0.04036364535220421,0.0279937709224967,0.018754325748266167,0.0129172140062432,0.008709761713066937,0.0063809200954842715,0.005496348715341045,0.006183171603316525,0.008441388759410707,0.013699379917228135,0.022093097165134114,0.03703723321609672,0.05857769397008348,0.08664915180021751,0.11738315182846731,0.17427998361512495
0.13030049523648166,0.09262651827221413,0.0748820151147727,0.05647213721192099,0.04044313605060379,0.02798456754171388,0.01877345137116615,0.012843321014193483,0.008633987412592352,0.006399599010233005,0.005550672610916382,0.006152510245359143,0.008446905919187857,0.01360223650630606,0.022119739215457873,0.03731040349595304,0.0591018676380785,0.0862322140212285,0.11739540203106967,0.17472882008055093
0.13101580215106892,0.0922965616425061,0.07498036862862743,0.056443060199931186,0.04018740239458616,0.027790963393006813,0.01897669822391233,0.012560548443166083,0.008657214198113623,0.006402032839534495,0.005502077837284609,0.0060773431916639475,0.008246058285321028,0.01339168335700862,0.022491816585641297,0.03642700217930281,0.058814706323507354,0.08709623342362295,0.11747059705838242,0.17517182964381187
0.13056928837630144,0.09325344682532265,0.0746228643087565,0.056353852313434,0.04083454003820301,0.027428210613946742,0.018801667104666728,0.012573835346075899,0.008564811956872573,0.006490631795982509,0.005375936335368122,0.00588213506510915,0.008257917953475571,0.013245827387996916,0.022255106522203076,0.036687943475063094,0.059734977626721655,0.08644357471546164,0.11743457778263793,0.17518885445640073
0.13062983596955788,0.09262127632549229,0.07474164058668492,0.057086051590731886,0.040441319158995584,0.027764154638120413,0.018474153473783003,0.01270362673459811,0.008589634574469965,0.006336818112856051,0.005267744678448818,0.005886960479565878,0.008190937221044161,0.013035286479925762,0.02231117446361092,0.03721292908479552,0.05912540619498063,0.0869918813928298,0.11691535267074302,0.17567381616876537
0.13078347678848598,0.09228517002963173,0.07553442923663045,0.05612918018907861,0.040357344433469715,0.02809016509101172,0.018645054324820085,0.012727529278961484,0.008783688443629176,0.006332016367997741,0.005266685480457175,0.00567764921687597,0.008279243685621562,0.013143784393960776,0.022285522788203747,0.03730598278538168,0.05904472978693383,0.08731480174968251,0.11658141667842531,0.17543212925074073
0.1299944836191688,0.09354935927148521,0.0748430122611698,0.056730601461752794,0.0404986949265158,0.02788151589440272,0.018706347010315455,0.012529057932573258,0.008533647279437295,0.00619138845366857,0.005257304798546355,0.005761357487914192,0.008156488973406813,0.013093032969628179,0.021968590115280018,0.03747966605628118,0.05950994094123907,0.08693851438400708,0.11732619434932261,0.17505080181388472
0.13011863420825323,0.09295950924571206,0.07554866117858593,0.05694794549524934,0.04068465864020166,0.027527366955172845,0.018762890232508943,0.0122230252604488,0.008390770152831885,0.00632833295140052,0.005261859013908231,0.00572546669252058,0.008152796629589804,0.013053288441537839,0.021941158842919833,0.037575137936505146,0.059248356219922776,0.08687443811807014,0.11744081510338626,0.17523488868127404
0.13053158576679333,0.0924735352965545,0.07501961164535094,0.057170810820339694,0.0409931866059073,0.02804333071844728,0.018548650101804277,0.012197121274889158,0.008260689448494089,0.006071236547292711,0.005320264779247795,0.005619948348655391,0.00827655504922743,0.01296043295461557,0.022254149295302898,0.037860611883334956,0.059561227997496774,0.0870369227785955,0.11605158083082863,0.17574854785682173
0.13015807010341246,0.09256201842007428,0.0747956506493895,0.05677202911548754,0.04120993845291816,0.02801423000953248,0.01842712229949624,0.0119605379775273,0.008374843401176673,0.006145898123985741,0.005335372568643586,0.005659582790780445,0.008050633179039807,0.013401863856374875,0.022596042873277863,0.03800483848516297,0.059711065259641295,0.08733765261227101,0.11600911312646132,0.17547349669534634
0.12935709025822795,0.0928355747853385,0.07489280139807412,0.057138528428329345,0.04098915153671882,0.027892776734468088,0.018679158195892453,0.012005891078469026,0.008230597669641567,0.005987971207001646,0.00530091361043482,0.005834704512382894,0.008093186150328202,0.01335005760713694,0.022813835578308697,0.03779697624190065,0.059143327261388406,0.08744657686765157,0.11646859442109231,0.1757422864572139
0.12889581791917698,0.0922471197547828,0.0760472818236268,0.057300144452665326,0.040783215304936074,0.028094281788394463,0.018845787971673182,0.012075890497833202,0.008059401754571397,0.005913751189092062,0.00512983123700807,0.005880280449564882,0.008084064404749323,0.013520417151111576,0.02244477327978016,0.03757354754606631,0.059600817390691604,0.08675791847232499,0.11694147905436353,0.17580417855758732
0.13035226531799035,0.09186212487003716,0.07494669321726256,0.057225932648421976,0.04091317602692654,0.027862265846652686,0.018940208292949404,0.012548680987541194,0.0081607838299822,0.0057835656510476325,0.005046962835039737,0.0056866442278886995,0.008215412268489961,0.013220082118878535,0.02252806315752375,0.037554408162546044,0.05861102789574781,0.08720813435071456,0.11793222549209655,0.1754013428022627
0.1293155076446135,0.09300007045726767,0.07480448108222362,0.05724300711618402,0.04103255125766223,0.027879940815895166,0.018598957232438526,0.012298316071302754,0.008321003311491583,0.006020573522158812,0.005162756288311141,0.005818008877615728,0.008000422743606002,0.013298809272176427,0.022301486648347777,0.037271894595927564,0.05915944479673076,0.08712921862890158,0.11723208623969561,0.17611146339744946
0.12956076500769448,0.09244605963284981,0.07563272305974904,0.05662373974807285,0.041018272992664764,0.027948276408506497,0.018640987988210067,0.012217796887710367,0.008240278056562115,0.005676635994520567,0.005192431621538817,0.005803409503083061,0.008210345422595971,0.013131622595265003,0.022773452218712482,0.03766229650210762,0.05869261297808577,0.08704586031672247,0.11702251286222887,0.1764599202031193
0.12995178100333557,0.09256180590533016,0.07546854141937845,0.0572481710946663,0.04064097100168007,0.02762818187261592,0.018669451557343265,0.012003677182798957,0.008108117627583096,0.0057799396293935126,0.005064931862929842,0.005714778823090175,0.008215544902839954,0.013151916256036185,0.0228485486751223,0.037633007294488104,0.05993385297608775,0.08658990606277274,0.11654450483070519,0.17624237002180254
0.13072782456350618,0.09279084605595726,0.07587924464451266,0.05723153824189847,0.04027234816572135,0.027913395680359276,0.018333973724006886,0.012339564510841396,0.008019571279007053,0.005747653173811428,0.004936883330219509,0.005740603001258458,0.007908531061297725,0.013372414789851982,0.022511200961643538,0.037725473330959776,0.05930781405874908,0.08702732999390163,0.117085740673503,0.1751280487589934
0.13103804210930528,0.09384143044108559,0.07510308906084588,0.05671175400246252,0.04059973965718594,0.027270821700401442,0.01849526080959921,0.012194541960462416,0.007961769415179853,0.005886777297683865,0.004963775710614341,0.005731769397565319,0.008141437663044532,0.013237322379441726,0.02228590854886183,0.037496058747994145,0.05951422637846938,0.08746320764188949,0.11681606727342864,0.1752469998044787
0.13107724156870204,0.09285078037256496,0.07542310522442974,0.056835345437645894,0.04055895307202382,0.027368491467480664,0.018260330738546143,0.012037418450802908,0.008252620312571514,0.005886681383370126,0.004830458647119505,0.005877879527234705,0.00794455534783175,0.012958092602568035,0.022347912727836046,0.03789375103421811,0.06071520362213983,0.08757670817622022,0.11715622590491882,0.17414824438177523
0.13075016197639366,0.09300966224400689,0.07592467393447701,0.0563554607172033,0.04056628355728329,0.02700076058480521,0.018190653257838245,0.012259148145018165,0.008079452942336402,0.00592094143497,0.005084650271838643,0.005431491027916279,0.008088256007211471,0.013232767120200571,0.022696061860897492,0.038027479647314004,0.06004746612580637,0.08760810163666581,0.11653673342911065,0.1751897940787064
0.13053917090437997,0.09266994418363951,0.07525439481229967,0.05700802481196523,0.04073837423188697,0.027417080756821265,0.018179481898847598,0.011863836947931134,0.00812866454384955,0.005951280819132815,0.005046531235863286,0.005569314555378946,0.007725575721731418,0.013296650490307385,0.022594096596979824,0.037906191197877866,0.059752197186123186,0.08792616961766411,0.11660180281035638,0.17583121667696391
0.13060029849485374,0.09312828238739564,0.07523795108626781,0.05670522225194654,0.04077200343550682,0.027556214184137527,0.017691452064824073,0.011601875448798276,0.008222688424876447,0.005844937555439786,0.005216619968179324,0.005644298325894429,0.008191008546527183,0.013155949481153992,0.022541993438745196,0.038073933796094216,0.06003336947186122,0.08772158314912074,0.1168089914534728,0.17525132703490418
0.13077578227557637,0.09261312245063157,0.07598393743907031,0.05631574687036978,0.04030773670633033,0.02720323503637304,0.01830442142754074,0.01172841461397415,0.00803479986907816,0.005917878221574653,0.005057383886055768,0.005856288647457754,0.008184374549076332,0.013449403285011914,0.022661443870781554,0.038190815058826835,0.06040001548537865,0.08783377149916063,0.11660666082445563,0.17457476798327584
0.1310957249365203,0.09233172154154443,0.07503636216362795,0.05691162849666667,0.040028314943880774,0.027663418430774536,0.018240951720203267,0.01205498170446101,0.008165198680044661,0.005886620484664503,0.005101268185484016,0.005670032294531768,0.00809652437585623,0.013395011075932647,0.02275056436191005,0.03830441382079178,0.0599843633892002,0.08808095820024019,0.11637124976668345,0.17483069142698152
0.13022356414668732,0.09270187810774573,0.07571022877231505,0.057061115040697594,0.04017151765322748,0.02728130091600419,0.018452047901072948,0.011931280329662975,0.007872076123715113,0.005744820863640998,0.005053330940391106,0.005757137478050032,0.008157117771466979,0.013133029992715593,0.023164032670699476,0.03825188532176274,0.06033381544081162,0.08744972182046597,0.11713980061160788,0.17441029809725908
0.1302991048327766,0.09296468260812939,0.0750437375255649,0.057045349741799,0.040280764993082974,0.027224629595080273,0.018184954291205677,0.011873374143290118,0.007603465208866483,0.00579060197619693,0.004968653306627337,0.0057131592749955105,0.007981878407918868,0.013517271482429304,0.02306032434411312,0.03833413709470186,0.060561952400899725,0.08844484495619206,0.1169067977091041,0.1742003161070258
0.13039934082882323,0.09328046818055373,0.07532580028380981,0.05693098069318609,0.04042353156591889,0.02743729598968989,0.017805016320824815,0.011718598697855227,0.007672724327712303,0.005714929593335046,0.004978995961168058,0.005630420468110129,0.008116397235143121,0.01363942068994658,0.023002327522157244,0.03852383685513374,0.06017753958724333,0.08787716598648558,0.11674231407112148,0.1746028951417817
0.12953223007084866,0.09275564160322997,0.07565102861554097,0.057253942044429455,0.0402900064535756,0.02712260210980925,0.017758762882972227,0.01175887190795478,0.007786493914823352,0.0056710575599153825,0.004844577853509111,0.005864488980563661,0.008074882578335328,0.013589436534271655,0.023447405117492003,0.03831348902804229,0.06027674760892387,0.08793392382670655,0.11738121991921605,0.1746931913898399
0.13031187386427004,0.09224633971716914,0.07564907021867583,0.05699891110653741,0.040231007252839644,0.027306774183901615,0.017893738774634235,0.011464165905848542,0.007813997998124782,0.0056080651999148605,0.004848126628282731,0.005539459634420289,0.008223872274028219,0.013810828069175517,0.02336283372649601,0.0382801464289044,0.05986979015492543,0.08825666221610048,0.11721172908893566,0.17507260755681506
0.1298128593868458,0.09270839379915319,0.07461350247931851,0.05693021848609417,0.0404905515010475,0.027781735540533637,0.01798583296833965,0.011716736763042586,0.00782053920559786,0.005815272742624051,0.0048214345394835215,0.005410701438690737,0.008295470736302183,0.014116020495934063,0.0229198438706568,0.03845714094736528,0.0603444484901575,0.0876741195736874,0.11789207796616728,0.17439309906895828
0.13051970676530314,0.09173966446236198,0.07447886788601432,0.0567376760129654,0.04074209635357095,0.027887562864915658,0.01830957165632556,0.011858549100622583,0.007677526298563036,0.005791138906388025,0.0048303483129854535,0.005685557522497631,0.008201913838551986,0.013859316325345514,0.023270137009442495,0.038493212876705575,0.05986640435558402,0.08808126951055992,0.11756839034141499,0.17440108959988176
0.1295387221123133,0.09214488771132094,0.07482105144792835,0.056339364464700496,0.040470308771905175,0.028095889015001107,0.018211111852947683,0.01153809662694717,0.007873033498606715,0.005534491301185258,0.004879137251870307,0.005581929798052563,0.008324577709528816,0.013635932377301208,0.023501382744334623,0.039101620288215205,0.06039272047480666,0.0877858169436255,0.11774059224327867,0.17448933336613037
0.12975528785371784,0.09151780611877078,0.07527751451093616,0.05654033961129505,0.04028949779236831,0.027643311429922858,0.018366159142900854,0.011703700838214275,0.007747371678661673,0.005457975871667232,0.004766937045132043,0.0055494110344657815,0.008044535957756956,0.013692415629082712,0.02293967565134367,0.038691140811909074,0.06086592615907258,0.0887993683940293,0.1171231684393952,0.17522845602935777
0.12929771521332709,0.09183467085951665,0.07498764481073256,0.057064266330394464,0.0403069363175732,0.027121619031036583,0.018013074516300943,0.012056202480886827,0.0076593379729047615,0.0054450770066849915,0.004676505090689728,0.005677231452706446,0.008018122116756097,0.013422747969967657,0.022844349237671636,0.03841804332494412,0.06099506320053045,0.08774382812129015,0.11792566484988226,0.17649190009620344
0.12864055477799738,0.09223676529542912,0.07481555460216759,0.05682113895472736,0.040189403796515755,0.02757361991236646,0.018284534719340568,0.011847407917964875,0.0077523332606570395,0.005572044477891169,0.004631355365972021,0.005600177236378472,0.008019594466286405,0.013412292608821024,0.022984463684125378,0.03852253785614314,0.06070170132856951,0.08878171089370739,0.11819978478439756,0.1754130240605417
0.12932426016774806,0.09174799106750363,0.07467602117071971,0.056533206731022814,0.040183925023298345,0.027673155035079382,0.018177981748166903,0.011547185736139685,0.007814175942044276,0.005625010989783898,0.004788029048196795,0.005489616852174219,0.007935503156265934,0.01328445077455997,0.023085579645161863,0.038829983647201555,0.06078845105589842,0.08876932004009075,0.11792477712718258,0.1758013750417612
0.12942767075552802,0.09223760990609745,0.07529611572819768,0.05662636410147316,0.04024747662105452,0.02747630458823343,0.017855730061306547,0.011867485024992047,0.007524864578809771,0.005557499283555534,0.004857757203563412,0.005448494235918569,0.008020661730964994,0.01349904444768725,0.023184670374010386,0.0385420750693149,0.0609918404447406,0.08841540065508519,0.1178326983496284,0.1750902368398382
0.1285062669686441,0.09229535639427741,0.07465851702842996,0.05717290081168145,0.0405875898546851,0.02738018203046971,0.01796566179470227,0.011628356802228254,0.007624460168525891,0.005665592865080816,0.004758253970486869,0.005408865193354619,0.008183634138450071,0.013319945981684416,0.02324440474348334,0.03888896704038713,0.06106074247049391,0.08887525145244562,0.11801911741950004,0.17475593287098912
0.12984972473287032,0.09203194471080678,0.07479453934762835,0.05665453227460908,0.040041734332470616,0.027744885696841935,0.018229739406746114,0.011622976403915143,0.007720499615558531,0.005433204834285492,0.0048666595115394035,0.005368104905895414,0.008082947865514103,0.013517912157323658,0.023126309696194475,0.038774924915150145,0.06096344375102268,0.08854821881317554,0.11766196246373321,0.17496573456471895
0.12954401982109667,0.09186775853852822,0.07533845507282566,0.0564176779142129,0.04025764612168029,0.027370064728049,0.018315874989229573,0.01193450878954504,0.007563035553828381,0.005375540499431146,0.004575451874229586,0.005424776722520474,0.00822244925591758,0.013712288130377519,0.023102339248127695,0.03902146523483041,0.060993129788442506,0.08818559242606216,0.11843949307791457,0.17433843221315062
0.12861619230762467,0.09225325969728054,0.0753684588330715,0.05686678477992754,0.04018959113693103,0.02734081540375206,0.01787709300627572,0.011983159183716556,0.007927780837149732,0.005399547134756438,0.004627177896516598,0.005543816559666842,0.008094922244058125,0.013709114132949556,0.02326080569195663,0.038899963228890486,0.061043560569406796,0.08814685923702588,0.11816721530100409,0.1746838828180393
0.12938089300129973,0.09178176394753922,0.07446308943203822,0.05662557577953382,0.040807137819503764,0.027507268144859882,0.018261378845785183,0.011674759970945008,0.00780720992934994,0.00551200628938561,0.004678346116708907,0.0053941682481000825,0.008143136285850467,0.013679765449534533,0.023634441773058006,0.03909057172555344,0.06083960483804305,0.08827476313674318,0.1178134184112266,0.1746307008549414
0.12929688873264192,0.09155036034452449,0.07465986992441555,0.0564492880998418,0.04093162242924943,0.027948672877482872,0.018150817366848305,0.01155387590086131,0.007894181754262614,0.005486025663561258,0.0046247143610476365,0.005389347864299524,0.008011952891545085,0.013515556336790305,0.02330989629108807,0.03845667076814907,0.06101951133766917,0.08845315521181232,0.1179398839866409,0.17535770785726842
0.129312467463031,0.09155375459035076,0.07479985367157711,0.05661432611540247,0.04059910233140574,0.02789561436832552,0.017875986661601454,0.011878631829245987,0.007705106017756391,0.00543103569569316,0.004792607600635965,0.005562942326903325,0.00792846791327227,0.013549449157908068,0.023169839460836037,0.03909360798052706,0.06087227217086657,0.08870457135621121,0.11814613144231982,0.17451423184613
0.12891273526481953,0.0919010750194572,0.07460659628706305,0.056771006273728504,0.04047442107241932,0.02792345032229502,0.018107902508612984,0.01172349213543945,0.0076247498677966775,0.005342595471882419,0.004799727336133759,0.005504226114241242,0.00777583938130601,0.01341885702539885,0.02348739193146861,0.03906190980658786,0.06068000822208049,0.08857183515782706,0.11861580923367748,0.17469637156776457
0.12936920340043737,0.09222174564222278,0.07463770154060342,0.05628019153828305,0.04043644571324104,0.02745803947488697,0.01868271725602425,0.011559799461386472,0.007497345605658957,0.005421292813095481,0.004871077297369512,0.0054863342638362496,0.007831342244598041,0.013702651581737767,0.023615320250040425,0.03885611424794505,0.060956144483430244,0.089029440924784,0.11822426292215414,0.17386282933826477
0.1287157596537259,0.09236611842278691,0.07421414374311328,0.05649448446388496,0.03999093192086872,0.027525837874695317,0.018415581631164663,0.011688332229113101,0.007602424481001847,0.005432060580392212,0.004894302399350471,0.005488296730043636,0.008055828437566453,0.013770827145892386,0.023499681035588693,0.03904721903453076,0.06164360691634346,0.08889002142245828,0.11649845614195407,0.175766085735525
0.12913605283182,0.09209719339742836,0.07442215196880421,0.05603012735238142,0.04013524271111026,0.02750895789656815,0.018323489458765562,0.011754658194081022,0.007930747859154978,0.005560134328909009,0.0047271685666135385,0.0054617248717601765,0.007999283016812202,0.013650797555930837,0.02325274887488117,0.039124788463599916,0.06129327599810913,0.08863704659160604,0.11782950913011314,0.175124900931551
0.1293585255951575,0.09201317161246769,0.0742547015729634,0.0556435577418385,0.04018115362368779,0.02771101918252317,0.01801515122213647,0.011803818220496169,0.007851631244077433,0.005703244907251948,0.004718714343731266,0.005492274072211799,0.007930745307217489,0.013670910110601456,0.023412488418580218,0.03887137635614691,0.06114989653638631,0.08831766581868113,0.11798719758649366,0.17591275652734967
0.12953806985216543,0.0917811880213242,0.074063198908472,0.05596015078840393,0.04001097154431518,0.027922931934227006,0.018229642862166457,0.011680123218882305,0.007694147103090322,0.005601817337853234,0.00474554456838226,0.005496321719437921,0.00797019397127706,0.01354212088391262,0.023551896811219098,0.039107225746557325,0.060972950923438324,0.0889855541333183,0.11782805620806548,0.17531789346349155
0.12861278534478668,0.09166187686428774,0.07526053888352782,0.05573572243402816,0.040157000054489495,0.02722892794555269,0.01798504878567524,0.011775004086712117,0.007772662796154798,0.00552277397230176,0.0046896120172186815,0.005545624405669017,0.008038079368343713,0.013636435543321786,0.023217798026777193,0.03858910878036689,0.06131474362692625,0.08881963449852966,0.11837051801932445,0.17606610454600582
0.12887338791861405,0.09189830270232281,0.0741873704185262,0.05647292406086379,0.0402625013177777,0.027051340619179826,0.017884878940155318,0.011821344484661066,0.0075781002916681306,0.005501282636961028,0.004635063429033279,0.005341392276065641,0.008135080999402607,0.013523913272656991,0.023106792704782657,0.038449239203008044,0.06201110447341602,0.08822433847559474,0.1180570685595811,0.17698457321572897
0.12916343034678113,0.09118865782638799,0.07460522754989792,0.05606418984223159,0.039958739118057425,0.02719035887126534,0.01773444721313319,0.011826479364287195,0.0077232357809869576,0.005537182240247987,0.004653271524016716,0.005414172796637275,0.008132681500434048,0.014072280349065658,0.0231732218984926,0.03918905145660753,0.06107418875271939,0.08838404251206372,0.11825249269851089,0.17666264835817538
0.12892326623890304,0.0916814625999824,0.075002197415839,0.056397995956754855,0.04018634086314495,0.026866485013623983,0.017704139931440627,0.011528522457589873,0.007799947262019864,0.005286103542234332,0.0046954381647182925,0.005284345609563154,0.008170871055638568,0.014098620022853123,0.023607277841258673,0.03924584688406433,0.060898303594972274,0.08840994989891887,0.11806978992704575,0.17614309571943393
