0.09298328789854214,0.101931966338746,0.09962071826478604,0.10104302477183837,0.1029986962190352,0.1013986013986014,0.09920587886689586,0.10246533127889064,0.09896882778238711,0.10436173995496026,0.09452411994784873,0.10015408320493072,0.10157638971198293,0.10062818537394805,0.10442100272608747,0.0968353680218087,0.10116155031409269,0.09879103946900557,0.09582790091264665,0.1024653312788906
0.010475822303047463,0.012566630912387496,0.01724372621296846,0.022176727775630106,0.02744730781167477,0.03208628941364797,0.03881063481087438,0.04285068686329705,0.046204692340780035,0.04883998235880234,0.05170939938255807,0.059642493507059184,0.06775526649642546,0.07063012833426802,0.07284616766760499,0.07245414105335371,0.07602049428022284,0.07490975220651087,0.07329264242272449,0.08514600268973817
0.0028169110852321734,0.003953981291588084,0.006076970377775258,0.00945382842263285,0.01376164122858546,0.018437026578586663,0.024510561698940912,0.03026118262171976,0.036492739583440695,0.04146355707164916,0.049292508734141975,0.058076461959676966,0.06697721393752643,0.07531801895575042,0.08035067107753716,0.08711469293951538,0.09072858374642304,0.09414322962291179,0.09655821558988521,0.11454865870373998
0.0010618209368130442,0.0014291535852240442,0.0024708860178271124,0.004620355968294604,0.006789914422972065,0.010423063898662106,0.01445224388592025,0.020441487926808968,0.026054789960339556,0.032646689127527564,0.0412675272199232,0.05141222184596137,0.062498206383552676,0.07291266092326765,0.08308892319877864,0.09238416107536633,0.10116570720144176,0.11087706409380756,0.11798552479782355,0.1460836026149493
0.0004902073423868502,0.000702119891439499,0.0013659423342550247,0.0025072063032494096,0.0043071863885761254,0.006513119429316951,0.00997010245844089,0.013830485279737332,0.019513826655534874,0.02518950854160762,0.03283112612371096,0.04319696888459956,0.054923647653259994,0.06731159570149438,0.08008507139921006,0.09326450005233985,0.10677328676363579,0.12316970110117928,0.13604530332855894,0.17803462599988257
0.00028662576229636176,0.00048237018532802347,0.0008575469961387088,0.0016079006177600783,0.002740421922443264,0.00434832254020334,0.006988541960380396,0.010758952394490262,0.014769382775888944,0.020327126215537908,0.02685660089809404,0.03585385348529937,0.04698798269060028,0.05962048884839357,0.07573910996875081,0.09029876657710577,0.10995010847503436,0.1310928364532042,0.15303718444950376,0.20740053736504704
0.00016850946893592753,0.0003132547819962757,0.0004947265177734285,0.0010629058809804657,0.0019184154925013287,0.003080698752597855,0.00516762371403511,0.0081273413094482,0.01155154013333852,0.016302210930647557,0.021951598895614877,0.03062335541239453,0.04100181039660216,0.05275210528817279,0.06809726885037654,0.08628548960642238,0.10946202271853298,0.13647106606003262,0.1677230914142266,0.23744928513098376
0.00011155372021515669,0.0002048531953041968,0.0003224916638947258,0.0006896048158755143,0.001413689872544804,0.0025048880811948835,0.004003764430994897,0.006555302249734301,0.009281269521901036,0.013021361523296474,0.01873494024777095,0.026117768276555868,0.03529559707607556,0.046653794043437,0.06198127520099954,0.08047079726429718,0.10666969551919131,0.14081933165123847,0.18039656333411758,0.2647514583113606
0.00008682984245207474,0.00016208237257720625,0.00027013728762867705,0.0006058793451100327,0.0010959855669506325,0.001943058918871984,0.0031934086501818593,0.00509208787180056,0.007702771801526275,0.011388216225603223,0.016021070708435035,0.02246963367454245,0.03147678266490435,0.041647451544124026,0.05583930690490202,0.07555932890179543,0.10339697639193061,0.14255144668165287,0.1910584557794908,0.2884390888655199
0.00007248733794898008,0.00010966033176896989,0.00021932066353793972,0.00042191347985688404,0.000886575902606756,0.0015705589888945688,0.0026894661028762598,0.0042302866967148375,0.006603782352121181,0.009843408763533297,0.014214952836764088,0.019880117094930542,0.027346312903675483,0.03784210770874958,0.05101993401793596,0.07157474095069932,0.09995818038195252,0.1435769713303285,0.1985855675851493,0.30935365456995495
0.00004328356324720505,0.00009017409009834383,0.0001857586256025883,0.00034085806057174,0.0007087683481729832,0.001222760661733543,0.0021731955713700864,0.0036917272486261996,0.005671950267185828,0.008687371840074447,0.012568464677907164,0.01762001720521639,0.024696879796134417,0.034974922585543654,0.04762634742634131,0.06706607776974227,0.09628067947980375,0.14307922875904217,0.2068232930495615,0.3264482409740246
0.0000442267309900242,0.00006722463110483678,0.00016452343928289,0.0002901273552945587,0.0006280195800583441,0.0011498950057406304,0.0019318236096442572,0.0032373967084697725,0.005107302894727998,0.0077379088540146385,0.01101422508575563,0.016427576958934594,0.023204881215845904,0.03222890340705044,0.04433641328287945,0.06299124841447167,0.09395349824596781,0.14257105908868162,0.21075098758290303,0.3421627579081816
0.00005763286120959149,0.000045407708831799355,0.00014670182853350567,0.0002881643060479576,0.0005379067046228542,0.0010845456609441311,0.001767407743760805,0.002824010199269984,0.004455194816535391,0.007036448418589217,0.010457744634031338,0.014979304563474734,0.021294468991774215,0.029976073630346326,0.04204753837824621,0.0604114637000297,0.0912450444471612,0.14342024834523828,0.21527096177020202,0.3526537312911506
0.000032850772771204746,0.00005878559338005058,0.0001365900552065881,0.0002437873137231509,0.0004962195676492506,0.0008368302116454261,0.001495574655110111,0.0025606312881133794,0.0042204598070795145,0.006170758316864723,0.009744576596763681,0.013909708786544328,0.020284487692198636,0.02828970232012906,0.039943081713703796,0.05867493814545284,0.08989008823025971,0.1429561891720395,0.21743062003240124,0.3626241197289638
0.000020585344264151132,0.00005489425137106972,0.00008920315847798827,0.00020242255193081944,0.00043400767490251954,0.000778812191327051,0.0014152424181603897,0.0023432983554025383,0.0037722643364056963,0.006091546456833392,0.008865421596427754,0.013390766443830315,0.018756679515352374,0.02665973626743107,0.03805887065370476,0.05687387531113891,0.08789942000792532,0.14183988376142273,0.22151888962653046,0.3709341800771606
0.000027315734033526648,0.00004950976793576705,0.0001212135697737745,0.00019462460498887737,0.00034827560892746476,0.0006504559166733533,0.0012735960993131797,0.002265498691405616,0.003829324464825017,0.005668014811956782,0.008491778817672598,0.01247304705305911,0.017774006688940372,0.02561703682331671,0.03673795504171624,0.05467585613485778,0.0872481617364612,0.14155354822848937,0.2226915217083261,0.37830925849732744
0.000023805839572447117,0.00005101251336952956,0.00009522335828978852,0.00020234963636580068,0.00035198634224975413,0.000690369347600967,0.001287215754024463,0.002185035989328184,0.003497758000037413,0.005483845187224427,0.008053175443936399,0.011833202684618542,0.016985466534941023,0.024547221433417622,0.03543839303781217,0.054200795455125135,0.08535753820412151,0.14005145462181873,0.2248172476708537,0.3848469029452925
0.00002035512915329448,0.00003731773678103988,0.00006106538745988344,0.00019167746619352306,0.00036299980323375156,0.0007548360394346705,0.0011941675769932757,0.0019914101354973094,0.0033653813533446857,0.005253319582312748,0.007690846298419765,0.011322540591520056,0.016423196705183097,0.02446177645997164,0.03514482674392568,0.05268755555253999,0.08433978138591289,0.1411831758072505,0.2262794894933609,0.38723428075151145
0.00001014900429810332,0.000040596017192413274,0.00007273453080307376,0.0002063630873947674,0.00029432112464499615,0.0006782917872565718,0.0010554964470027453,0.0018589592872692582,0.0031597233381428355,0.004939182091743617,0.007467975662687694,0.011360118811010313,0.015964383760916523,0.023484795945811085,0.03461994516154678,0.05181574144396652,0.08329456977525028,0.1412470758181366,0.22802106256692004,0.39040851433800583
0.000027002442033351393,0.000030377747287520314,0.00009113324186256097,0.00015357638906468606,0.0002902762518585275,0.0005805525037170551,0.001080097681334056,0.0017433451637782495,0.0029770192341769908,0.00478449519778445,0.0073210370962923975,0.010865107613169764,0.01583861990518768,0.02293013624419659,0.03386781292033098,0.05117469061108215,0.08303250925255554,0.14261339759914543,0.22861617547536953,0.39198263742977274
0.000015167499755634727,0.000026964444010017292,0.00007920805427942582,0.00013650749780071256,0.00024942110709265993,0.0005376036024497197,0.0009858874841162572,0.0017628005271548806,0.00293238328608938,0.00451148853842602,0.006970308776589468,0.010779036493004409,0.015504555305759943,0.022626539079905757,0.03321682446484005,0.051444788615611727,0.08362853781931796,0.1417571379939128,0.2287444343702286,0.3940904050396546
0.000010097644219603566,0.000042073517581681516,0.000058902924614354115,0.00015146466329405358,0.0002541240461933565,0.0004964675074638423,0.0009559103194558048,0.0016240377786529083,0.002800413330236725,0.00455572048374448,0.007105375649194383,0.010240694179381287,0.015188539846987032,0.022127304366557955,0.032644000821275054,0.05097795684266862,0.08377847114934753,0.14344208496157845,0.22989979771052746,0.39364656225702555
0.000013446282102998521,0.00004201963157187038,0.00007227376630361707,0.00015127067365873338,0.00027228721258572004,0.000489108511496571,0.0008975393303751514,0.0015547263681592038,0.0027968266774236923,0.004228855721393035,0.006588678230469277,0.010205728116175873,0.0149825198332661,0.022285531800457167,0.03198198198198199,0.050926112679844024,0.08403926314374076,0.142347384698131,0.23015832997176291,0.3959661153691004
0.000016791990892024143,0.00003526318087325071,0.00007388475992490623,0.00013769432531459793,0.0002737094515399934,0.0004785717404226878,0.0008815795218312675,0.0015515799584230308,0.002703510533615887,0.004226544107522477,0.006641232397795548,0.00988544503813461,0.014918004708474247,0.02220740795470192,0.032719194253109034,0.051037577117218146,0.08337895157525665,0.1416622727623833,0.23066318288828955,0.39650760173427685
0.00002180121650788114,0.000038571383052405097,0.00005534154959692907,0.00012577624908392975,0.0002683226647123834,0.0004695646632466711,0.0009257131932577231,0.0016116130049287536,0.0025540963647310002,0.004209311802675517,0.006471607269531801,0.00985079582825338,0.014707436059547522,0.021826371757697933,0.03335921529036705,0.05106348011142101,0.0831397776611319,0.14175821780086087,0.23028121892278516,0.39726176720661005
0.000016760244699572615,0.00003687253833905975,0.000053632783038632366,0.00011564568842705097,0.00022793932791418758,0.0004776669739378196,0.0009452778010558958,0.0015033939495516636,0.0027168356658007213,0.0040559792172965735,0.006196262465431995,0.009772898684320797,0.01481270426548228,0.0218587111371826,0.03261208413642839,0.051259532389172885,0.08325819156959695,0.14213693119919552,0.23145897930109785,0.3964837006620298
0.000030161211676410407,0.00004021494890188054,0.00007372740632011433,0.00013069858393111185,0.0002479921848949301,0.0004708500267261849,0.0009383488077105462,0.0014393600461131422,0.002523488043593004,0.003984631187027997,0.006191426508018691,0.009790664434737003,0.014403654198356883,0.021329003523834898,0.032535569284492284,0.05081996605188065,0.08324661984976363,0.14312500314179294,0.23110525760188208,0.39757336295834567
0.000028478287818328626,0.0000402046416258757,0.000051930995433422776,0.000130665085284096,0.00027138133097466104,0.0005042332137245246,0.0008024176391164357,0.0013904105228948684,0.002377099436129901,0.004052292837208056,0.006452844980953053,0.009248742767352486,0.014458594244705551,0.020918139999262925,0.032555708556552855,0.05033788650899746,0.08354357010516865,0.14292247539978484,0.2314564466467654,0.3984564768002466
0.000013367755303239174,0.00003007744943228814,0.000060154898864576284,0.00011863882831624768,0.0002807228613680226,0.00047622628267789547,0.000761962052284633,0.0014052852762530181,0.0023259894227636167,0.0039100684261974585,0.006182586827748119,0.009218738250996313,0.014079588273136665,0.021241363176847043,0.03188710930646414,0.05027111478724381,0.08439398116817474,0.1434025950154982,0.2320475223701031,0.39789290757032686
0.000015058678651143956,0.000020078238201525277,0.00005019559550381319,0.00013385492134350185,0.00023424611235112837,0.000488570462903782,0.0007813781033426921,0.0013920911819724194,0.0024127349572166212,0.00389852458412949,0.005826035451475919,0.009510392161455805,0.01402966894331579,0.021212658659911454,0.03252507269995415,0.05080128902289252,0.08426501935876801,0.14322978539709733,0.2321010872365986,0.3970722582329142
0.000013372760689432678,0.000013372760689432676,0.00007355018379187972,0.00011032527568781956,0.0002674552137886534,0.0004463158880098153,0.0007990224511936019,0.0013941103018733556,0.0023134875992718512,0.00373768661269643,0.006046159426709745,0.009294068679155706,0.013942774613819748,0.021301136183180077,0.03221999528610185,0.05116083920759706,0.08401938381661928,0.14325737048063378,0.23222801894251546,0.3973615543159748
0.000010017881919225819,0.000015026822878838728,0.00006845552644804308,0.00012355387700378512,0.0002254023431825809,0.00047918868513630155,0.000816457376416904,0.0013540837060820232,0.0023875951907488197,0.0037183038390193176,0.00597065762385859,0.009405121475166506,0.014278821028869865,0.02142657977823749,0.032100632963172594,0.050615348396888464,0.08463106645361973,0.14412893681888836,0.23215105630216606,0.3960936939102964
0.00001834871567330612,0.00003502936628540259,0.0000533780819587087,0.00011843261934588496,0.00021851652301846372,0.0004453733713429756,0.00075730153778918,0.0013444604393349762,0.0023186104350814097,0.003701436370824207,0.005983349374559004,0.009317811431917093,0.01451383409758515,0.021371249564217997,0.03253560901889417,0.05087264823677184,0.08441076435745297,0.14379221247145518,0.23178598058038655,0.3964056534061056
0.00002002770499190547,0.000030041557487858207,0.00005674516414373217,0.00009680057412754307,0.0002069529515830231,0.00046564414106180197,0.0007710666421883603,0.0013134836523858004,0.002047832835422333,0.0037017874726705275,0.005881469365956239,0.00951816679740307,0.01428309161006059,0.021209339586427896,0.03246157184104679,0.05074686649865646,0.08494917969858304,0.14486539713270025,0.23108299814743724,0.39629153662566546
0.000015001900240697156,0.0000266700448723505,0.00005834072315826672,0.00011001393509844584,0.00022336162580593552,0.00043838886258926115,0.0006784192664404158,0.0013101659543542186,0.0022352831358638764,0.0038154832945506427,0.005999093218474339,0.009357851994585978,0.014193464505504032,0.021266027030090482,0.03298584487368401,0.051173148598822514,0.08475740260432989,0.14452497316326732,0.2327194778005214,0.3941115874677459
0.000013330200736160339,0.0000316592267483808,0.000029992951656360764,0.0001049753307972626,0.00022161458723866543,0.0004249001484651107,0.0007464912412249786,0.0012796992706713916,0.0022644678500552376,0.003677469128088233,0.005963598554339732,0.009514430775434436,0.014003375873336433,0.02148495103650642,0.03242904584089406,0.05118630455176366,0.08503168422087476,0.1445093736305301,0.23210878776820784,0.3949738478124306
0.000008324370760814191,0.000026637986434605415,0.00004661647626055946,0.00012486556141221277,0.00023141750715063435,0.00037459668423663826,0.0007525231167776021,0.0012286771242961737,0.0020877521868121985,0.0036627231347582446,0.005950260219829985,0.009391555092350564,0.014396166793752066,0.021173869467206962,0.03246171621887102,0.05106668486929071,0.08480036494041415,0.14429131301964887,0.23269280075119123,0.3952311344785448
0.000004996968505773164,0.000026650498697456886,0.00003497877954041215,0.00011826158796996483,0.00022319792659120143,0.00040142313663044435,0.0007445483073602017,0.0013008774676696133,0.0021353712081337312,0.0037427294108240998,0.005908082429992472,0.00936765029215609,0.014306320832028568,0.021180483839803855,0.03209886002491821,0.05131220392961604,0.0852466170523216,0.14486877960703842,0.23132966000626284,0.39564830669393897
0.000014991629673432333,0.000026651786086101922,0.000039977679129152884,0.0000916155146709754,0.0002248744451014851,0.00038811663487885916,0.0007445842737804725,0.001217653476808782,0.002213763981776841,0.0037878850974872365,0.005886713251767761,0.009354776916221774,0.014393630223125424,0.0216112670425679,0.0324752013459152,0.0511164599765131,0.08468271881532813,0.14371809073267425,0.23262178616938872,0.39538924100710426
0.00001497623770284482,0.00002662442258283524,0.00005324884516567048,0.00010316963750848655,0.00021965148630839063,0.0004542792103196263,0.0006789227758622981,0.001264660072684674,0.002184866678203917,0.003828924772693991,0.006008799371663625,0.00947829443948934,0.014472037700182377,0.021324498462439594,0.03224716782704775,0.050989097298952325,0.08461075094183895,0.14429937831973272,0.23127803884503267,0.3964626126545881
0.000009986734287954167,0.000018309012861249308,0.000043275848581134724,0.00011984081145545003,0.0002180436986203327,0.00036784471293964524,0.0007623207173138347,0.0012267038617037036,0.0022087327333525295,0.0037833078394199724,0.006193439714246244,0.009350912204954417,0.014202800613185488,0.021308362059064872,0.03198418101288789,0.05106550132573898,0.08457931714039847,0.1445296830709874,0.2325710680978766,0.39545636879012386
0.000009977998513278222,0.00001829299727434341,0.000046563993061965045,0.00009479098587614308,0.00016962597472572967,0.0004340429353276026,0.0007367088902303754,0.00121565281886773,0.002216778669699977,0.0038731264229041624,0.005971832110197015,0.009241289623047844,0.013841146937669108,0.02125479983303483,0.032356986178809055,0.05095098640830303,0.0853268542862987,0.14429183650051638,0.2326669693326216,0.39528173710302106
0.000011638114492445204,0.000014963290061715263,0.000048215045754415845,0.00008977974037029152,0.0002261119387103637,0.0004006836560970417,0.0006799984039157264,0.0011787747393062354,0.002099848371994041,0.0037757368589061494,0.0060036044903170865,0.009182472334539263,0.014191849329644603,0.021390854437114287,0.03228080442647372,0.05166159023196424,0.0853240051074697,0.1450158943392211,0.23175974941476907,0.39466342572887836
0.0000049923949184076255,0.000018305448034161293,0.000053252212463014654,0.00008819897689186802,0.00018139034870214363,0.0003960633301936718,0.0006673167874271527,0.0012847096256702291,0.0022066385539361707,0.003755945110282004,0.0060208282715995985,0.009242587125611981,0.014036950378922776,0.0211960446919193,0.032405635415383896,0.051133772885970374,0.08505876048818964,0.14500743866842844,0.23194001138266046,0.3953011579027947
0.000011633897854376839,0.000024929781116521797,0.00003988764978643489,0.00006149346008742049,0.00020608619056324687,0.0002875234755438849,0.0006465123236217991,0.0012614469244960032,0.0022686100816034834,0.003623128188934501,0.00596486562847978,0.009396865495520948,0.013990593162592034,0.021251807409130942,0.03193338762485665,0.05127889777127758,0.08541607804683475,0.14487360600973925,0.23201482490983727,0.3954478219681233
0.00002158640123142116,0.000011623446816919087,0.000043172802462842316,0.00008634560492568463,0.0001660492402417014,0.0003553453741172409,0.0006758204077837244,0.0012735976726538486,0.002196831448397708,0.0037477313522551988,0.006074081208041433,0.009160936584134662,0.01420219151787271,0.021149691729585487,0.03223845999292631,0.051192980766516495,0.08566480304069368,0.14515692483449041,0.23256690539012442,0.39401492118472786
0.00001495197922671686,0.000019935972302289146,0.000033226620503815244,0.00009303453741068268,0.0001844077437961746,0.0003621701634915864,0.0007260016580083635,0.0012393529447923095,0.00226439418733501,0.003822722688963944,0.005977469028636362,0.009406456264630096,0.014285785485615364,0.02137966896317992,0.03236272837071604,0.051270336768412125,0.085895797995438,0.1446803349907879,0.231813824599993,0.39416739903676024
0.00002158952011478982,0.00001826805548174523,0.00003155391401392358,0.0000913402774087261,0.0002275203273635541,0.0004035579529149174,0.0007589546686506884,0.0013152999946856566,0.0023150608492320773,0.0037864696816708285,0.005912207046819365,0.009464513471860548,0.013993330499016847,0.021219176808205342,0.03228131476856034,0.051427897645745874,0.0855841791996599,0.14467635648615607,0.2318349099218792,0.3946364989105596
0.0000066384312059374125,0.000019915293617812238,0.000044809410640077535,0.00010787450709648304,0.00023732391561226264,0.000380050186539917,0.0007368658638590527,0.0013509207504082636,0.0022587262178202045,0.0038237363746199495,0.005957992007328826,0.008988435852839259,0.01411330474382294,0.02107204025544683,0.03291168231123622,0.05139141518076446,0.08616517744526617,0.14469788499581784,0.2315152883070673,0.3942199179489903
0.00000995728325483675,0.00002655275534623133,0.00005642460511074157,0.00009957283254836746,0.00018420974021447978,0.0003534835555467045,0.0006887120917928757,0.0012844895398739407,0.0023034515262855683,0.0036526634073159483,0.006073942785450416,0.009198870180260022,0.01419410727976979,0.021403180356271593,0.032893885232353204,0.05235539535393164,0.08538868255185253,0.14468762342882363,0.23144377288100706,0.39370102261299017
0.000014934660858743,0.00003484754200373367,0.00003318813524165111,0.00006969508400746737,0.00020576643849823698,0.0003534536403235846,0.0007235013482679948,0.001213026343082349,0.002255133789670195,0.0036872018253474416,0.005829495955196024,0.009272764986517327,0.014259282306575402,0.021378137315909568,0.03278655880522712,0.05179506326488283,0.0850512341837793,0.14587015142086698,0.2314640116158473,0.3937025513378965
0.000011612455851931235,0.000018248144910177657,0.00005308551246597137,0.00009124072455088824,0.00019409390495370767,0.0004147305661404011,0.0007664220862274615,0.001279029065976998,0.0021798238556339495,0.0037242804839408023,0.0058974686505165064,0.009139002755469885,0.014029505591397491,0.02170865675405316,0.03285329652737803,0.051915972269455414,0.08593217330429113,0.14489856519813332,0.23155900537656698,0.39333378677208564
0.000004976849355746851,0.000028202146349232157,0.000038155845060725846,0.00010783173604118169,0.00021234557251186562,0.00041307849652698846,0.0008361106917654709,0.0011977617449497422,0.002291009653428799,0.003845445602207068,0.00595728867882898,0.008916855095713105,0.01411268582311282,0.02164763574771355,0.03242417355269073,0.05250576070312927,0.08641137641404732,0.1454981909152592,0.2322695594327055,0.3912815552986027
0.000023247009438285832,0.000021586508764122556,0.000038191515505755305,0.00009464853842730661,0.00021586508764122545,0.00039685966112502224,0.0007571883074184521,0.001396481066971312,0.002296472432367806,0.003629854473720914,0.005894777393279617,0.009084599188347264,0.014119237232410315,0.021470273716931127,0.03347071208910911,0.05218953618895171,0.08558054424570098,0.1459148362414235,0.23162489953970933,0.3917801895627569
0.000014938974290025246,0.00002157851841892536,0.000053116353031200875,0.00008465418764347637,0.00022574450038260379,0.0004083319639273568,0.0007552481446623874,0.001321269281651122,0.002182750132375911,0.0035986329178638596,0.005754824873724168,0.009250544857590077,0.014167127285040609,0.02175944599643788,0.03310310714066373,0.052120421411865854,0.0852567262731741,0.14480347779321479,0.23265958559285316,0.3924584738011889
0.000014933892635267883,0.00002323049965486115,0.000049779642117559616,0.00013772367652524823,0.00023562363935644871,0.00041814899378750066,0.0007301014177242075,0.0013058859448839806,0.0022002601815961343,0.0035376732331545706,0.005935392661817025,0.009212552434556364,0.014281779323527845,0.021740429034142198,0.033491743216694105,0.051974924334943974,0.0851663303775288,0.144848802633675,0.23206273562363933,0.39263194923803935
0.000014939569441608696,0.000023239330242502417,0.000043158756164647346,0.0000962772252903671,0.0002539726805073477,0.00041996789652522216,0.0007519583285609709,0.0012781631633376324,0.002159597760392546,0.0036435949915923425,0.0059791476809638346,0.009418568556854188,0.014386805372269166,0.02182837090635048,0.03281559425457359,0.05145685701338086,0.08535971993287154,0.14463495162069434,0.2316131249097401,0.39382199005024676
0.000009952708048920878,0.000013270277398561168,0.000048104755569784235,0.00010284464983884905,0.00022227714642589975,0.00040474346065611584,0.0007431355343194255,0.0014000142655482036,0.0022658998658043206,0.003826816244810078,0.005968307260002888,0.009260994839520876,0.014414838824187072,0.02174169073286766,0.0323247369582202,0.0512713755140159,0.0862169922584519,0.1449047940535887,0.2309492727058593,0.3939099379448653
0.000006633400164839994,0.000019900200494519982,0.00004477545111266994,0.00012105955300832982,0.0002205605554809297,0.00045272956125032976,0.0007379657683384497,0.0013631637338746185,0.0023216900576939967,0.003703095642021926,0.005948501597820267,0.009160725627644034,0.014416036908238516,0.02164644308791412,0.03294644026871905,0.05127784162425438,0.085547645225859,0.14466782419499544,0.23223036472092456,0.39316660282019006
0.00000663075010360547,0.00001326150020721094,0.000053046000828843755,0.00010111893907998337,0.0002420223787815997,0.0004028180687940323,0.0007940323249067557,0.0013659345213427269,0.0022743472855366754,0.0036900124326564457,0.005861583091587233,0.009576460837132197,0.014236220472440945,0.021712391214256117,0.03277414007459594,0.051688354745130526,0.0854869457107335,0.14523000414421877,0.23189888106092002,0.3925917944467467
0.000018230634094600418,0.000018230634094600418,0.00005137724153932845,0.00013258642977891213,0.00022208226987967782,0.0004590805131094832,0.0007507706586230897,0.001337465610394776,0.002267227949219397,0.00364778414929232,0.006026053233451556,0.009138519672511522,0.014012728297258772,0.021865159600914848,0.03273890417315787,0.05243296098644304,0.08564088965494383,0.14547383075342235,0.2314130398753687,0.39235307766250116
0.00001326345702059649,0.000021553117658469297,0.00006963314935813159,0.00010942352041992105,0.0002105573802019692,0.0003780085250869999,0.0007493853216637015,0.0014109002405659518,0.002196760069036294,0.0035910809883265,0.005980161184161444,0.009183286054635495,0.014379245342454173,0.02131769129635371,0.032837003718741764,0.05223480961136413,0.08658384743045391,0.1449264789998027,0.23026521940244818,0.393541691190246
0.000013254139847743068,0.000026508279695486133,0.00006295716427677957,0.00012094402611065548,0.00019218502779227447,0.00040093773039422777,0.0007223506217019977,0.0013221004498123723,0.0021803060049537357,0.0037045320874441886,0.005879867789955021,0.009253046381205632,0.014357546990067678,0.021768267932437024,0.03296470256881797,0.05169280217367893,0.08513134024205371,0.14534158403538855,0.23215951357306758,0.3927052527812984
0.000016574375021753866,0.00001491693751957848,0.00004475081255873543,0.00009613137512617239,0.00021712431278497573,0.0004209891255525483,0.0007458468759789243,0.0013789880018099218,0.0021745580028541063,0.0037607256924359514,0.005960145257822689,0.009429161949875774,0.01464346033171954,0.02173895027853238,0.032790743543037855,0.05221093875602685,0.08575084405004797,0.14525119294064226,0.2312738567410469,0.39208010063960497
0.000011599351761941532,0.00002651280402729493,0.00004971150755117801,0.00009776596485065004,0.0002402722864973602,0.0004010061609128359,0.0007754995177983767,0.0013720376084125126,0.002147537126210889,0.0037913309759031763,0.006213938443897249,0.009644032464928528,0.014673179978856036,0.02176701210640914,0.03273502772245071,0.051801047918579174,0.08632734696312407,0.14480962149658153,0.2311535389622226,0.3919619806390249
0.000021552295816865167,0.000024868033634844425,0.00007791983872251253,0.00011936656144725324,0.00025531181198440255,0.00042275657179235504,0.0007808562561341148,0.0013611103742804842,0.0022994641767686156,0.003798177670495239,0.006283323165070691,0.009534404095599355,0.014431748852754715,0.02169155680522029,0.032655043900368705,0.05190621767155628,0.08571679620149078,0.14557249529165228,0.23068582721027084,0.3923612032149393
0.000011604793774525489,0.000028183070595276188,0.00007128659032922801,0.00012433707615563028,0.00023209587549050987,0.0003945629883338669,0.0007559694230262325,0.0014157848404921097,0.0024784523847022296,0.0038080301857264355,0.006064333661030606,0.009370042059088294,0.014567331842393635,0.02140255537558915,0.03298082390720144,0.05161149139836107,0.08611420111770741,0.14560700531665335,0.2309337382853751,0.3920281698079739
0.00002815604410892745,0.00003643723355272965,0.00006790575343917799,0.00012256160376827245,0.00024181073175902403,0.0004587778951866417,0.0008347438959352613,0.001437614487444061,0.0024280447449228034,0.003849096853479259,0.006121455236858583,0.009395837542937966,0.014589799562090697,0.021541029981218266,0.03299557121988545,0.05202740079963165,0.08543703149170721,0.1458864019556857,0.230887842882649,0.39161248008373944
0.000021526422027159716,0.00001821466479221207,0.00006457926608147915,0.00013412616801537986,0.00024010239953370464,0.0005116664927994119,0.0007948217363874356,0.0013528528304761146,0.00237287405883999,0.0038648206931839063,0.006163180214237576,0.00938552000384164,0.014341564705940795,0.02150820736236751,0.0333510512345403,0.05228271146811854,0.08532080164395625,0.1444853446462961,0.23260458115378313,0.3911814528347814
0.000018231419697225838,0.000029833232231824104,0.00005800906267299131,0.00010938851818335505,0.00025358247397050485,0.0004325818673614495,0.0007905806541433389,0.0014154211292209877,0.002386658578545929,0.0038501443596959655,0.006112497803942626,0.009153830089798028,0.014359729114251343,0.021778259529231597,0.033761274475680954,0.052813108059281945,0.08543409010299094,0.14532761861195917,0.23092744889401573,0.3909877120231241
0.000019875545956402993,0.000026500727941870658,0.00007618959283287815,0.00012256586673115182,0.0002434754379659365,0.00041904276058082966,0.0007917092472633861,0.0014608526277956199,0.0023353766498773513,0.00397345289578423,0.005873223830117083,0.009472353943722395,0.014519086321152378,0.02195585309983984,0.03367580003213214,0.05217330813555784,0.0854019083836709,0.14543599494498619,0.2313381045685598,0.3906853253875318
0.000014894595909612969,0.000023169371414953515,0.0000661982040427243,0.00011750181217583563,0.00024493335495807993,0.00041870364057023155,0.0007712090770977386,0.0013405136318651676,0.002280528129271853,0.003821291328366262,0.006138228469861612,0.00949778732502987,0.014652972464857028,0.021756039758641342,0.03353104530274095,0.05210460640202832,0.08630425356560079,0.14518590110650298,0.23115750869678914,0.3905727137622756
0.000018226163492000372,0.000006627695815272862,0.00004970771861454648,0.00009775851327527475,0.00020877241818109506,0.00046725255497673696,0.0007621850187563791,0.0014564361554062113,0.0023727151018676845,0.0038225235614586226,0.006170384804019036,0.009701289749605657,0.014610755424769025,0.021767009981309905,0.03310368367333413,0.052217958404581065,0.08564142840100208,0.14508688909213824,0.2314822178921276,0.3909561776752694
0.000016558292641329165,0.00001490246337719625,0.000051330707188120426,0.00009107060952731047,0.0001986995116959499,0.00039243153559950116,0.0008312262905947244,0.0014935579962478912,0.0023810824818231344,0.0038050956489774426,0.006073581740839538,0.009580628122273057,0.014637530694934984,0.02179733643304572,0.03350570515972956,0.05211888191784769,0.08553186063878582,0.1445969463196711,0.23137233473582072,0.3915092386993794
0.00001654714115042344,0.000026475425840677506,0.000056260279911439676,0.00008439041986715955,0.00020187512203516609,0.0004120238146455439,0.0008488683410167226,0.001514063415263745,0.0023348016163247482,0.0039034705973848907,0.006215106216099043,0.009350789464104288,0.014535008786531951,0.021868701744399616,0.03306118801854604,0.051792551800825384,0.08571750058742347,0.14511015431863833,0.23189329079614912,0.39105693209384224
0.000008279722132525232,0.000029806999677090825,0.00003974266623612111,0.00011757205428185828,0.0002103049421661409,0.00046200849499490804,0.0008230043799730077,0.001538372372223188,0.002359720807769692,0.003921276401963951,0.0058885383806519444,0.009703834339319574,0.014463018621095078,0.02170611954262815,0.03325136408422133,0.052289757155749836,0.08583256745903607,0.14555751508979356,0.23079063066643482,0.3910065658196511
0.000014889371966290462,0.000024815619943817438,0.00006121186252808305,0.00012573247438200843,0.00024484745011233203,0.00044833553365163504,0.0007395054743257597,0.0014525409540447809,0.002436893878482873,0.003962227317696185,0.006175780616684698,0.00951761743578545,0.014442690807301754,0.021971749898255958,0.03362847377319846,0.051978797534320026,0.08557252943959709,0.14585297903245553,0.23003748812986174,0.3913108933954053
0.000014903277727548212,0.000033118394950107135,0.000051333512172666045,0.00012253806131539628,0.00026329123985335156,0.00043219505409889785,0.0008329276329951943,0.0014307146618446282,0.0023944599548927463,0.003907970604112641,0.006140150423749862,0.009551345103610899,0.01436179197011396,0.022207539733794343,0.03327239548662514,0.05234859097788685,0.08620718205512888,0.14455517027822765,0.23047919005653306,0.39139319152036617
0.00001820263838969532,0.000011583497157078842,0.00006453662701801068,0.00011583497157078845,0.00023497951375788502,0.00044348246258530424,0.0007429986033611999,0.0014065675119310022,0.002374616917201162,0.0039251507509415725,0.006149182205100711,0.009549766013357426,0.014332095553922833,0.02177366508469191,0.03349450942234754,0.052971332499321545,0.08671571450320036,0.14517762465497722,0.2306026066178174,0.38989554995134934
0.00001324139392153812,0.00003641383328422983,0.000054620749926344746,0.00013241393921538126,0.00020358643154364862,0.0004204142570088353,0.0008160009004147867,0.0013704842708791957,0.002327174981710324,0.004017107880946627,0.0062515931052061855,0.009604976115835714,0.014260981253496553,0.021957541470390578,0.03331203675810954,0.05270074780772172,0.08630409523210508,0.14503960831956783,0.2308736340674582,0.3903033272312575
0.000014901501077875246,0.000029803002155750492,0.00007119606070540395,0.00011590056393902963,0.0002318011278780594,0.00047519231215002153,0.000851041283780875,0.0014520684939218432,0.002513386515134958,0.003834652944039895,0.0062023358930800776,0.009421060125901127,0.014471013268958858,0.022016139981389682,0.03327505190689542,0.052249629946056565,0.08569522125417657,0.14553302669355558,0.23067192524082478,0.3908746518843776
0.00001987327475133565,0.000029809912127003473,0.000059619824254006946,0.00014739345440573952,0.00023682319078675,0.0004736463815734997,0.0007965870962827041,0.0014159708260326651,0.002250648365588762,0.003825605389632113,0.006256769334212177,0.009549108518016783,0.014353472689152174,0.02199805904349928,0.03342519202551729,0.05267080251595659,0.0869969163302011,0.1453216655129126,0.22927797080615941,0.39089406550893796
0.000021501463753493987,0.00003804105125618168,0.00005623459750913812,0.00013562461752203903,0.00023320818378789646,0.0004151436463174608,0.0008203635401333089,0.0013810555564744216,0.002330427879128694,0.003861993681877574,0.00616265030350143,0.009750086832834386,0.014490332611104679,0.02186202676105258,0.033676254114222384,0.052518152197284215,0.08638791948528803,0.14536312664362153,0.23010866508989264,0.3903871917434379
0.000021512280202414006,0.000036405397265623705,0.00006122725903763988,0.00011914493650567768,0.000231670709872151,0.0004368647671874844,0.0007760968780717054,0.0013949886315873085,0.0025334846915304496,0.003948330812535371,0.006152512137890406,0.009763265630326355,0.014538991835262268,0.02223211419380248,0.0330031474120727,0.05288876827302724,0.08596803606120075,0.14495636316700486,0.23062157251458698,0.39031550241103025
0.000021522109828982007,0.000039733125838120625,0.000057944141847259226,0.00009602172077545822,0.00021853219210966342,0.00044534211876893527,0.0008012847044020992,0.0015810472989752165,0.0024502094266841048,0.003913712895054881,0.006459944042514445,0.009506150356770358,0.014414846944688179,0.022207506249689573,0.033291392811615333,0.0527523467377448,0.08580202970051157,0.14426601327748623,0.23025677532572897,0.39141764481896596
0.000013242007620775384,0.00003144976809934154,0.000059589034293489226,0.0001125570647765908,0.00020194061621682467,0.00045353876101155723,0.0008110729667724923,0.0015426938878203322,0.0025722599803356186,0.004050399081004672,0.006361129410829978,0.009641836798877076,0.01434606000615753,0.02185593357808977,0.03364628611343766,0.05290513094690286,0.08567082355355893,0.14506950398749957,0.23024871800813715,0.39040583442855753
0.00002151819114774721,0.00004138113682259079,0.000048002118714205315,0.0001224881649948688,0.00021683715695037587,0.000413811368225908,0.000824312245506009,0.001521170589598437,0.0026517032475916187,0.00402059125368292,0.006273380342304765,0.009833813354520477,0.014450292978448702,0.02171516535902274,0.03347237395305723,0.05235872479888767,0.08632767239381602,0.1449432250802794,0.2297050352567286,0.3910385010096998
0.000023176889330353452,0.00003145434980547969,0.0000778081284661866,0.00012085092293684305,0.00023011340120850936,0.00044036089727671576,0.0009072096680738356,0.0015164307590431266,0.0025246254449135005,0.0040062908699610945,0.006055790083602348,0.009621720056286734,0.014611373230692826,0.02171012333416108,0.033192616505256185,0.05238970283916892,0.0857313136329774,0.1441122423640428,0.2310537207184836,0.3916430759043126
0.000024827038299844417,0.000028137310073157006,0.000057929756032970305,0.0001191697838392532,0.0002515806547717568,0.00046343804826376244,0.0008739117481545241,0.0014647952596908219,0.0025356681783574443,0.004147770531960675,0.006522890529312456,0.009617994637359727,0.014498990367109145,0.021660763348670925,0.03299513390049323,0.05186533814426164,0.08608196232910723,0.14528120758714286,0.2302194710185707,0.3912890198285279
0.000021508507441943575,0.00002647200915931517,0.00004301701488388715,0.00009761553377497472,0.0002796105967452668,0.0004946956711647026,0.0008537222953879141,0.0014940140169288501,0.0024701693546785963,0.004093234416259108,0.006424425722851301,0.009536541299643288,0.014294884946030194,0.022100818646883246,0.03321409899207825,0.051795794921345034,0.08628551385478783,0.14512948121480046,0.23050171075359194,0.390842670231564
0.00002315450338551917,0.000018192824088622203,0.00005292457916690097,0.0001372731272141494,0.0002662767889334706,0.0005209763261741814,0.0008385238011755868,0.001442194782298051,0.002434530641677445,0.00395445839962688,0.006494838199638127,0.009759623176996333,0.014638607818945012,0.021722231961814907,0.03317874945835001,0.05228948421689815,0.08624721732486094,0.14479503302824523,0.22984152396325713,0.3913441850772534
0.000019837366655701013,0.00002479670831962626,0.00005785898607912794,0.00011571797215825584,0.00023639528598043698,0.00044303452197732245,0.0007819228690122147,0.0014315966269864229,0.0024714052625227512,0.003868286497861696,0.0063859789492477495,0.009569876297487762,0.014686263780770656,0.021912024585109737,0.033442493953735955,0.05251612199319248,0.08563625873877326,0.1453186294363377,0.23107887171670918,0.3900026284510819
0.000009928777568905716,0.000023167147660780007,0.000052953480367497176,0.00012741931213429008,0.00025152903174561163,0.00045010458312372606,0.0008108501681273006,0.0014975906166432797,0.002320024358600969,0.004052596044375015,0.006322976515131457,0.009533281262410973,0.014623434562736634,0.021808559930101397,0.03319190341285182,0.05257122243109428,0.0867857899335434,0.14415592152294213,0.2306736344621251,0.3907371124467155
0.000016547524490336246,0.000013238019592268997,0.00004798782102197511,0.0001406539581678582,0.0002664151442944137,0.0004567116759332806,0.000881983055334922,0.0014661106698437916,0.0025582472862059826,0.0039565131056393974,0.006259928514694201,0.009443672226634897,0.014196121260259473,0.021789780248874777,0.03336808313476304,0.05224384432088958,0.08710285941223192,0.14516150383902565,0.230563277733651,0.39006652104845096
