0.10176544766708703,0.10069356872635561,0.09489281210592683,0.094640605296343,0.09955863808322822,0.10081967213114754,0.10113493064312737,0.09577553593947034,0.10107187894073137,0.10643127364438841,0.10195460277427487,0.10006305170239595,0.10245901639344257,0.10245901639344261,0.10025220680958381,0.09464060529634295,0.09791929382093316,0.09798234552332911,0.10208070617906685,0.10094577553593945
0.010763232375427183,0.011321064931709549,0.014192434616152482,0.018725558126152363,0.024186445256074506,0.02958861316954588,0.03513757912414417,0.040205047503846104,0.047374663832485835,0.0542330683139364,0.05791476318540006,0.06176674378457094,0.06341088184519265,0.06562459630538689,0.06729222205258893,0.07116769033834014,0.07825509976394873,0.080392479242757,0.08119106058648753,0.09063311059177227
0.002895882825886865,0.0034197611260473027,0.005216954739097691,0.008054628864966731,0.011747243272347588,0.016312988179995856,0.022512214731894353,0.028944276083864188,0.03611486031731018,0.043791132632161035,0.05047058095920661,0.059060002255587135,0.0644224787447294,0.07036704223404992,0.07672634271099743,0.0854358194511647,0.09336311678484245,0.10032997056822605,0.10122492933100014,0.11992083616797578
0.0011446082845221494,0.0013002750112171618,0.00235941921049499,0.0039618708088259985,0.0062144599127655865,0.009321689869148383,0.01367425363909127,0.018417510370151054,0.025218009724591987,0.03319974482865977,0.04151112711866992,0.050353607652698355,0.059895062312474996,0.06912213123010291,0.07937171688190389,0.09166328371329241,0.10346037976576734,0.11423495908406922,0.12208544577151174,0.15354843829645656
0.0005318816943145649,0.0007815404487887478,0.0012862853219648147,0.0022632108829507493,0.0038072960057312978,0.005983669061038849,0.009085407717169196,0.01245851458468452,0.018100259699378292,0.024868182891319743,0.03306350287514619,0.042034935943533705,0.051353720322493975,0.0634078962722149,0.07789624507805903,0.0929164755782178,0.10833290366699863,0.12552407985823721,0.13999071920717066,0.1863241276190425
0.0003167086058140773,0.00038351432735298435,0.0007645543687230461,0.0015489030253094712,0.0024544916950590984,0.003958857572675965,0.006254994964828025,0.009251355290147145,0.013319081446071704,0.018636322023372114,0.025952785674873875,0.034674643764675606,0.044054661925934734,0.05623062324789626,0.07198440210116368,0.08966317544914473,0.11100141776586818,0.13402712312294476,0.1576318114000252,0.21789057222811925
0.0001810157964924179,0.0002749607035327867,0.00044910248243688487,0.0010608900477973363,0.0016726776131577867,0.0028687566735254083,0.00469724535201844,0.007167309005421306,0.010368309862382168,0.01499681503851741,0.02119488756398565,0.028286582375935437,0.037314458808595276,0.04961436761329527,0.06466388345332315,0.08469477070568662,0.11017217122719548,0.13970295078661676,0.17306255814273208,0.24755628674735236
0.00013120649751783122,0.00017637594748298624,0.0003549028211547894,0.0006710889709108744,0.0012496881157026214,0.0021466243364392703,0.003734007863786146,0.005723614588441781,0.008345593612609588,0.012511937640347932,0.017280541000955014,0.024129089986148034,0.032113327999036385,0.043095957119135504,0.05865360624284817,0.07921861153412661,0.10758502611224394,0.1426107081709384,0.18556900601398965,0.2746990854261846
0.0001123871020474887,0.0001266909150353509,0.00027994605419101733,0.0005619355102374434,0.0010666557685234377,0.0019167109403735335,0.002895500429114389,0.004660999632187666,0.007080387428991785,0.010719686133475008,0.014708406555233151,0.02062609832849728,0.02781069925211492,0.03788875720299154,0.05285463239200622,0.07419387796804124,0.10326331276308799,0.14427438800114428,0.1958416772242429,0.2991172503984634
0.00004917001022736212,0.00009834002045472427,0.00020258044213673196,0.0004857997010463377,0.0008260561718196836,0.0014751003068208634,0.0024939029187318073,0.004214853276689483,0.0061482180788293575,0.008899771851152545,0.012976949099205411,0.017937219730941704,0.02440405947604438,0.03493234206592715,0.04819841082526946,0.06831091180866965,0.10048973330186449,0.14522657540712766,0.20266108095350482,0.31996892455353637
0.000044027227969157986,0.0000746548648172679,0.00018376582108865945,0.0003464751418442434,0.000694864510991493,0.0012212770193183815,0.00218796180733685,0.0033881823263221564,0.005279438901692942,0.007999555899265702,0.011602131683524633,0.01590914311529009,0.022850131315992988,0.03097602621725714,0.04504176843975162,0.0645745438396337,0.09665890766533178,0.14384461068445112,0.21003667659512565,0.33708585692299453
0.00004132014093924436,0.00007137115253142207,0.00012771679926675531,0.0002742154807786217,0.0005935074789455098,0.0010743236644203537,0.0017335677312237524,0.0031797726640973053,0.004742425266890547,0.007041327653692141,0.010322522481913048,0.014617938951369952,0.02045159157670146,0.028959784233736772,0.042084563546620386,0.06173792512790463,0.0936614903799199,0.14456039126417092,0.2142881290991458,0.35043611530573154
0.00005005654535679192,0.00006488811435139693,0.00011123676745953755,0.0002410129961623314,0.0004912957229462914,0.0009807374997682565,0.0016036633975416673,0.002665974526780251,0.004058288066148799,0.006067965664917779,0.00934018057435251,0.013604256660301451,0.019373736999202803,0.02792969836296557,0.03959658132334675,0.05884054209384674,0.09004616325849568,0.14433712156324738,0.2193199725615973,0.36127662730121063
0.000034902988063178095,0.000053272981780640226,0.00009919796607429564,0.00020390693026382993,0.0004555758441930613,0.0008982926927838989,0.0014457185055642707,0.002327478204002454,0.0035049948012917777,0.005461399132201497,0.008696355025846581,0.012811233618558108,0.0183957117086666,0.026502389936182643,0.03778891407619137,0.05697453551470884,0.08928919146309652,0.14375438583600006,0.22318623867030635,0.368116304104224
0.000027365870745519294,0.00003101465351158853,0.000091219569151731,0.00018973670383560045,0.0003612294938408548,0.0007680687722575748,0.0013080886216358227,0.0020944013077237433,0.003272958141164108,0.005236003269309357,0.00797806351801039,0.011986251386537451,0.0173590840095744,0.025448435401949916,0.03634370074143266,0.05532831747329088,0.0870800251036255,0.1434883822756728,0.224598998774009,0.377008654912721
0.00001997207540729417,0.00003994415081458833,0.00008351958806686651,0.00015614531682066338,0.0002905029150151878,0.0006844974935045364,0.001167458589717286,0.0019736041788844328,0.0030048895271883496,0.00499665013826123,0.007598466870866007,0.011482127715975302,0.016676682965090624,0.024469423660373035,0.03607138382879211,0.05361775989570945,0.08564389063291507,0.1431362331576396,0.2263889216713359,0.3824979256276224
0.00002712801166142795,0.00005244748921209405,0.00009223523964885507,0.00014287419475018725,0.000265854514281994,0.0005733053131115109,0.0010796948641248326,0.0016548087113471045,0.0029533362028741224,0.00459186810722437,0.007279349795816498,0.010901843619672509,0.01612489013155277,0.023847330784505932,0.03560099397034728,0.053308351448816696,0.08542430018772586,0.14280185338575674,0.22838711310934046,0.3848904209182289
0.00002343334565086117,0.00002523591070092742,0.00007751029715284852,0.0001243769884545709,0.00027759501771020163,0.0004921002586680845,0.000975187692085838,0.0016060854596090233,0.0027651347868016185,0.00461276396311952,0.007100303732210936,0.010586464539039052,0.01586978270078322,0.023141330112750443,0.03393508963254712,0.05295755860589619,0.0856849296548989,0.14223680297062719,0.2280082557479293,0.3895000585833641
0.00001438504818092075,0.000016183179203535844,0.00005933832374629808,0.00011867664749259613,0.0002733159154374942,0.00046571593485730925,0.0008433234496064791,0.0014906506177479132,0.0026989946649452565,0.00439463221927129,0.00689043807866104,0.010350042166172479,0.015372222112336433,0.022410106934851907,0.03401344642378711,0.0522141286346971,0.08441865524973344,0.1428399321744978,0.23005468116439778,0.3910611310603758
0.000014361058553625988,0.000025131852468845477,0.00003410751406486172,0.0001328397916210404,0.00021003048134678005,0.00046673440299284456,0.0009334688059856899,0.0014881646926194945,0.0026190980537175402,0.004317293227683814,0.006758673181800231,0.01024482014569294,0.015041413702604018,0.022342216844803624,0.03335894388775396,0.052044476198340586,0.08454355170519616,0.14264300921620932,0.23075887423662003,0.39202279099992454
0.00001433309026801087,0.000032249453103024456,0.000050165815938038067,0.00011466472214408697,0.00023112108057167532,0.0004909083416793723,0.0009567337753897259,0.0015318490223936619,0.002644455154448006,0.004120763452053127,0.006557388797614975,0.010040329732741616,0.014823998609690244,0.022065792467602735,0.03339251705189832,0.0515615006028856,0.0842821540484709,0.14255333253306915,0.23015359697858453,0.3943821452694531
0.00001788508830762352,0.000025039123630672928,0.00003577017661524704,0.00011088754750726576,0.0002092555331991951,0.0004614352783366867,0.0009049854683657499,0.0015023474178403754,0.002525374469036441,0.004034875922199865,0.006338475296221775,0.009731276548177955,0.01465504135926671,0.022080930024591997,0.03320903196959535,0.05151799687010953,0.08463939190699755,0.1425906550413593,0.2304261122289291,0.3949832327297116
0.000017867640095699084,0.00003573528019139817,0.00004288233622967781,0.00009648525651677506,0.00022691902921537834,0.00045026453041161694,0.0007754555801533398,0.0014669332518568944,0.0023585284926322786,0.003975549921293046,0.006176843181083172,0.00953953304709374,0.014594288430167008,0.02191823410539407,0.032420832953645985,0.051521340215948314,0.0843388347797188,0.14384879688245417,0.2307802262400588,0.3954144488458398
0.000007136396155623391,0.000023193287505776022,0.00004103427789483451,0.00009455724906200993,0.0001730576067738672,0.00040142228375381566,0.000711855516523433,0.0014147905378523373,0.00229435136403292,0.003835812933647573,0.00617476677365314,0.009800056020709819,0.014675998694039507,0.02158581427172186,0.033111094063053625,0.050793299637649475,0.08349048272367696,0.14314004999045507,0.2319275227606435,0.3963037036111948
0.000014264851939752398,0.000010698638954814299,0.000041011449326788156,0.0000980708570857978,0.00021575588558875512,0.0003637537244636862,0.0007346398748972485,0.001324848123904504,0.0023002073752850746,0.0037891012964967313,0.0060500803289474875,0.009644823017765094,0.014674966433020277,0.0217538992081224,0.03267186026151041,0.05081675192887545,0.08342263725016451,0.1437076846540506,0.2301812171128296,0.398183727726771
0.000024960597913294012,0.00002139479821139487,0.00003744089686994102,0.00010340819135507521,0.00019968478330635207,0.00044037626318454433,0.000757732436653568,0.0013407406879140786,0.0023623423025081833,0.003867109776709622,0.00599410929889246,0.00967936329080523,0.014530633785239017,0.02175672688113763,0.03235606649503285,0.05057552007188653,0.08335591673144538,0.1432274766261829,0.23137226235727892,0.397996733727473
0.000014232697487573076,0.000023128133417306248,0.00003380265653298605,0.00007650074899570526,0.0002508512932184754,0.0003736083090487932,0.00073476300779596,0.0013948043537821613,0.0023910931779122777,0.0038321537985290498,0.00616809527367698,0.009309963244058738,0.014501339652651017,0.02165860740171433,0.032414968527947674,0.05041399358816979,0.08360642321637612,0.14335706635639384,0.23123863608059977,0.3982059684816912
0.000008894217513425821,0.000026682652540277465,0.00004980761807518459,0.0001013940796530543,0.00022057659433296042,0.00039134557059073615,0.0008004795762083235,0.001492449698752853,0.002356967641057842,0.003872542305345602,0.006181481171830946,0.009306909206048776,0.014035075236185952,0.021355016249735397,0.031887548629134246,0.05070593404404061,0.0834081929974047,0.1434797380830826,0.2324770573659241,0.39784190706254235
0.000012449092105497165,0.000021341300752280855,0.00004090415977520496,0.0001049280620320475,0.00023119742481637589,0.00042149068985754685,0.0008963346315957956,0.0014867772857422332,0.0024204591936545193,0.003997937007593947,0.00618186345124402,0.009189208415586268,0.014140390190115417,0.021270163083106586,0.0324014298671504,0.049954649735901385,0.08370235999217483,0.14361806185420337,0.23296163901189784,0.3969464155506946
0.000015979688040979023,0.00001420416714753691,0.00005681666859014762,0.00011008229539341103,0.0002432463624015696,0.00046163543229494963,0.0007741271095407615,0.0013937839013520585,0.002480402688138632,0.003989595447564429,0.006177037188285112,0.009218504478751452,0.014062125476061543,0.021290271033264377,0.03197535576999903,0.05062720275560843,0.08350629866036949,0.1430448407801639,0.23243166463961368,0.39812682545741856
0.00000710021779918099,0.00002130065339754297,0.0000745522868914004,0.00011005337588730534,0.00023430718737297272,0.0004544139391475833,0.0007721486856609326,0.00139696785198886,0.002293370349135459,0.0037915163047626487,0.005903831100018994,0.009251583792332825,0.014058431242378362,0.02085333967619457,0.032327291639671046,0.05042219670088382,0.08345240990267376,0.14357172906278898,0.2327877407639479,0.3982157152670656
0.000014184975628438748,0.00003191619516398719,0.00007092487814219375,0.0000815636098635228,0.0002180940002872457,0.00046455795183136876,0.000808543610821008,0.0013794888798656683,0.0023795296616706,0.0038122122001429137,0.005884991763848525,0.009152855524250101,0.013927872945173291,0.021016814515485566,0.03232224009135125,0.05041340338347131,0.08425520898901909,0.14399878009209596,0.23292439230677842,0.3968424244251095
0.000017728107559974186,0.000019500918315971605,0.000053184322679922534,0.00010459583460384767,0.00022869258752366707,0.0004307930137073731,0.0008332210553187875,0.0013491089853140366,0.0023915217098405177,0.003932094256802275,0.005985009112247286,0.008966876803834943,0.013744601791247982,0.02086066416582163,0.032360887539976874,0.0510888603663336,0.08448152376630101,0.14408873981520215,0.23251831313510954,0.39654408271225844
0.000008865169635020966,0.000010638203562025159,0.00006560225529915516,0.0001063820356202516,0.0002375865462185618,0.00041666297284598535,0.0007836809957358533,0.0014397035487274047,0.0023067171390324555,0.003794292603788974,0.005819097348427761,0.00903715392594037,0.014106257923245363,0.021122153172400952,0.032299359048235374,0.05075486919442203,0.08402762386858272,0.14521502468949746,0.2323507770321185,0.3960975523266639
0.00001240868537069175,0.00001949936272537275,0.00006913410420813972,0.00010636016032021498,0.00015776757114165218,0.0004857113987956482,0.0007799745090149093,0.0013525467054054006,0.0023416961963834,0.0037048789178208232,0.0060164397354468295,0.00920901721439195,0.01429835088571423,0.021013222340597135,0.03195236482953125,0.05090220005991621,0.08457937215597362,0.14424210408759824,0.23267703205517964,0.3960799190244647
0.000010619732170354663,0.000012389687532080441,0.000049558750128321745,0.00010442736634182082,0.00022832424166262537,0.0004477987065166216,0.0007911700466914225,0.0013168467891239784,0.0022195240236041252,0.003662037643410633,0.005847932515141967,0.00915066922012227,0.014237520929722152,0.02112618719755888,0.0323406243694534,0.051293306382813014,0.0847224532997278,0.1443734889006099,0.23250310627165982,0.3955620139260088
0.000015913374660956714,0.000015913374660956714,0.00005834904042350797,0.00011846623358712222,0.000288208896637327,0.00042612481036561863,0.0008133502604488987,0.0013950725119438714,0.002259699201855853,0.003743179350805041,0.00598166071977962,0.009319933093100313,0.014055046131104991,0.021419402293647735,0.03218922063363522,0.05094401674794273,0.08527800665532692,0.14484707246950818,0.2309578790654251,0.39587348513514
0.000010613382768111738,0.00003007125117631659,0.00007429367937678217,0.0001167472104492292,0.00021403655249025347,0.0003750061911399481,0.0007376301023837659,0.0014186554966709362,0.002310179649192322,0.003765981985551649,0.006060241560591801,0.00922656741974514,0.014294457691518495,0.021331130466776583,0.032117865153434136,0.05111051361697008,0.08473901691773211,0.14357784208701557,0.23346788744153793,0.3950212621434787
0.00001237490298959978,0.000030053335831885184,0.00005303529852685619,0.00011667765675908357,0.00020153413440205344,0.0004295859180675349,0.0008185114405978133,0.0014072032542459174,0.0023865884337085294,0.0036170073595315918,0.005934649905155209,0.00924935606308372,0.014172799609660197,0.021801043381106347,0.03279172507915518,0.05141772192178709,0.08408746581433049,0.14427369042589114,0.23296462015235278,0.39423435591281686
0.000012381206743158943,0.00003006864494767172,0.00004244985169083066,0.00010435588540662538,0.00020694302699279948,0.0004492609303946245,0.0008118534135871364,0.00143975746984734,0.00231351691715027,0.003528643921800295,0.005819167169284698,0.009252298924780631,0.014486011889495958,0.021355812888128732,0.03241930548505145,0.05126350214813937,0.08512610259067908,0.1449980809129548,0.23217592633535733,0.394164560387567
0.000007072248320783039,0.000014144496641566079,0.00005834604864646007,0.00013083659393448626,0.00023515225666603597,0.00042963908548756977,0.0007319777012010443,0.0013755522983923017,0.0023356100079385982,0.0035272838499905406,0.005848749361287576,0.009195690879098146,0.014291245794222333,0.02102933038184837,0.03308574570670324,0.051639789176277553,0.08506677086445856,0.14461863784961215,0.23215185531594382,0.3942265700833288
0.000019447410665667188,0.000022983303513970308,0.000040662767755485934,0.0001272921425389125,0.00026872785647103756,0.00041723535609976855,0.0007725925873542331,0.0013401033895068843,0.002372584101211396,0.0036967759729009176,0.005993338377873796,0.009214536762677947,0.01399329594715962,0.021650271910160043,0.03291916241770208,0.05154094210329048,0.08502584737672109,0.14513956169072253,0.23218970772309713,0.39325493080257695
0.000014126039588225945,0.00002295481433086716,0.00005650415835290374,0.00010771105186022278,0.00023661116310278444,0.0004114209030070803,0.0007451485882789184,0.0013578655554182183,0.0022531033143220374,0.003711616901806366,0.005992972295304858,0.009125421573993962,0.01383822153161584,0.02171702011194887,0.032816555718397394,0.05147705401444386,0.08552787244186251,0.14433457524764717,0.23193897550897888,0.394314269065739
0.000007061872596756482,0.00003354389483459329,0.00006355685337080834,0.00009356981190702346,0.00024716554088647703,0.0004219468876561999,0.0007520894315545654,0.0012870262807588688,0.0023109978072885584,0.0037975219889057974,0.006096161519150035,0.00923869482470667,0.014099028639424317,0.021289780411071598,0.03241222975096306,0.05138571595029855,0.08552104261487022,0.14455653205560515,0.23188541405524504,0.3945009198089058
0.00002118733844654434,0.000026484173058180422,0.00006179640380242101,0.00010770230376993381,0.00022070144215150357,0.0004572933881379153,0.0007468536802406883,0.0013542240490416258,0.0023076542791361223,0.0037960648050058615,0.005821221238188059,0.009255335678065453,0.013875941070949336,0.0208571690890857,0.032916295888243845,0.051423436021300326,0.08587228272384424,0.1450803000127124,0.2319483876435442,0.3938496687712756
0.000003529839498198017,0.00003882823448017819,0.000051182672723871244,0.00010060042569864346,0.00022061496863737598,0.0004253456595328608,0.0008030384858400485,0.001231913984871108,0.002313809791068801,0.0037875177815664715,0.006028965862922213,0.009260533923522494,0.013637534901288042,0.02147907334653493,0.032621011722596974,0.051869226506270766,0.0853038662332024,0.14427159997034936,0.23163159771125194,0.39492020797814315
0.000015881558863233312,0.00001764617651470368,0.00007940779431616652,0.00010234782378528128,0.00019763717696468124,0.0004658590599881773,0.0007640794430866692,0.0013446386504204204,0.002290473711608538,0.0037939279506612905,0.006102047838784534,0.00917601178764591,0.013871659358208563,0.02113129637635765,0.03265248502280769,0.0512850828046833,0.08540396509586284,0.14420631909580992,0.23266130811106503,0.39443792516256526
0.000014110069121701109,0.000022928862322764303,0.000059967793767229704,0.00011111679433339622,0.00023634365778849354,0.0004197745563706083,0.0007901638708152625,0.001328110256080117,0.0025398124419062002,0.003945528078155672,0.006003834411283823,0.008924618719475952,0.013938984533600488,0.021140411061588683,0.03247079656631469,0.05123366098089674,0.08561284439592148,0.14547128512745802,0.2314474638032633,0.3942882440195354
0.000012349033070710565,0.000031754656467541454,0.00004586783711978209,0.0001146695927994552,0.00022933918559891033,0.0004763198470131213,0.0008026871495961871,0.0013954407369902936,0.0024574575810714016,0.003769983381729782,0.0059363566118487195,0.009111822258602863,0.01407084111028392,0.021125667288822713,0.032384457154147686,0.05152545841374906,0.08554175208081209,0.14443958323777534,0.23184251101710165,0.3946856818253988
0.00001940172146183152,0.00001940172146183152,0.000049386200084662046,0.00012875687879215469,0.00024163962184281087,0.0004374206293212927,0.000800761958515592,0.0013122618879638779,0.0022752927896147867,0.003763933963595317,0.006088612953294766,0.009289896994496965,0.014299068717369839,0.021084379850430365,0.032614293777338786,0.051566248059827846,0.0846514745308311,0.14431000423310286,0.23236207139833498,0.3946856921123184
0.000021149063889559588,0.00002996117384354275,0.0000652096136594754,0.00013923133727293394,0.00023792696875754533,0.000378920728021276,0.0007772280979413152,0.0013658770428673903,0.0022682371021552654,0.003803306656139134,0.005960511172874208,0.00891785527343096,0.014127574678225807,0.021281245538869335,0.032490249400335916,0.05177467082363266,0.08460859251217392,0.14481821498375927,0.23228369354301454,0.3946503442891359
0.000019390435227132507,0.00001586490154947205,0.000051120238326076625,0.00011634261136279508,0.000186853284916004,0.00045831937809585915,0.0007456503728251862,0.0013696698337710873,0.0022052213153766144,0.0037282518641259324,0.00604100195667119,0.009270390805408169,0.013864161187399745,0.021463449029596852,0.0329302473161875,0.05161205027411025,0.0851539776833718,0.1444446403074266,0.23287031324366725,0.3934530839605844
0.00001233991168148925,0.000022916978837051464,0.000047596802200029965,0.00010929636060747618,0.00019038720880011972,0.00039664001833358305,0.0007245291001560116,0.0013785444192749429,0.002259966682238459,0.003680819370135651,0.006025402589618607,0.008978167170546393,0.014250835147594157,0.021656545001013633,0.03360510519774709,0.0511771394321878,0.08532696358844635,0.14483354340563936,0.23217014975364245,0.3931531118612993
0.000017620120768307746,0.000028192193229292393,0.00004933633815126169,0.00010924474876350802,0.00019910736468187762,0.00039116668105643193,0.0006995187945018174,0.0012792207677791423,0.002213087168499452,0.003622696829964073,0.005929170638535555,0.009426764611044643,0.014230009532485335,0.021921192247851676,0.0328932414502769,0.05155823538014529,0.08556330645090242,0.14457485291604186,0.2326225963952757,0.3926714393700455
0.000008808430725215719,0.000015855175305388295,0.00004756552591616489,0.00012684140244310628,0.00021492570969526347,0.0004104728717950526,0.0007434315532082068,0.0012842691997364518,0.0022690517548155697,0.0037999570148580597,0.0061465229600555305,0.00921361853857564,0.014259087657979206,0.021344589333342726,0.03292239067856626,0.05185523167934493,0.08512291284233964,0.1453972426088458,0.23219199560283132,0.39262522945962036
0.00000880808934925836,0.000012331325088961705,0.000047563682485995126,0.00012331325088961708,0.00022196385160131056,0.0003699397526688511,0.0007293097981185922,0.0012067082408483954,0.002300672938026284,0.00397244829651552,0.005998308846844942,0.009410562660747631,0.014487545361660147,0.02153577845893669,0.03289116724800056,0.05206637776133598,0.08570975583976322,0.14546207236726205,0.2305834478384949,0.392861924391361
0.000008811038468993955,0.000017622076937987914,0.0000405307769573722,0.00009163480007753715,0.0002132271309496537,0.00040706997726752057,0.0007559871006396813,0.0012247343471901598,0.002192186371085696,0.0037922709570549994,0.006306941336105875,0.009688617900505755,0.014224540504343845,0.02155003788746541,0.03307487620490951,0.05214372565950622,0.08635346361922215,0.14456270816078381,0.23109944138016103,0.3922515727703668
0.000014091453533431974,0.00001761431691678997,0.00005636581413372791,0.00009335587965898686,0.0001814274642429366,0.00037518495032762614,0.0007574156274219689,0.0012506165010920868,0.0022317339533572894,0.003795885295568238,0.006261889663918831,0.009501162544916513,0.014406749806242519,0.021720214190093706,0.033465440710209265,0.0522792926090326,0.08572888043401675,0.1443211442260269,0.23078454167547385,0.392756992883816
0.000007042972697916337,0.000019368174919269924,0.000052822295234372536,0.00009155864507291238,0.00015846688570311747,0.0003785597825130032,0.0007624017945494432,0.0012941462332421265,0.002447433012525927,0.0038701134975050256,0.006160840367502314,0.009330178081564666,0.014487394839613905,0.021981117790196878,0.032913572160537516,0.05229759376837775,0.08549816706635541,0.14518559993802185,0.23144440805575214,0.39161921463811444
0.000012327720111442589,0.00001232772011144259,0.000045788674699643915,0.0000686830120494659,0.00018667690454470217,0.00042618689528130124,0.0006956356348599752,0.0013842268582276978,0.0024373663763195084,0.0038215932345472053,0.006317076005677796,0.009340889638727354,0.01438292716430738,0.02211592987992801,0.033291888712387245,0.0524509268684421,0.08551739441307728,0.14560094113337535,0.2307837260005706,0.3911074871527545
0.000010575258829459851,0.00002643814707364963,0.00004582612159432603,0.00008636461377392214,0.0001938797452067639,0.0004141976374871776,0.0007649437219975961,0.0013712585615532945,0.0024411222464669827,0.003828243696264465,0.006359255642781857,0.009699274889752925,0.0147242853768846,0.02220275591245096,0.03349713234231408,0.052717665264857376,0.08588520204031995,0.14439634660058304,0.23103944219034758,0.39029578998946024
0.0000035229068208760412,0.000014091627283504165,0.000044036335260950515,0.00009335703075321506,0.00019375987514818217,0.0004386018991990668,0.0007186729914587125,0.0014038783681191026,0.002326879955188625,0.003913949477993282,0.006411690413994395,0.009723222825617873,0.014278341345010595,0.022069249779377968,0.033983720647580734,0.05294224370412513,0.08596421078960673,0.14463822389129719,0.23064647101616487,0.390191875119999
0.000003520742454168735,0.00001408296981667494,0.00006161299294795287,0.00011618450098756817,0.0002130049184772084,0.00037847981382313896,0.0008414574465463279,0.001403015867986241,0.002350095588157632,0.00412278941383159,0.006310930849097458,0.009606345786199393,0.014530104108354367,0.021943027345606634,0.03343297034478631,0.05181828744045545,0.08543257602163146,0.1449788931489872,0.2297583714453704,0.3926842492544827
0.000008803064875066904,0.00001936674272514719,0.00004577593735034791,0.00008274880982562893,0.00017254007155131123,0.00039613791937801054,0.0008151638074311949,0.001415532831910758,0.002454294487168652,0.004095185779881124,0.006389264486323558,0.009748514042649087,0.014651821178061354,0.021780543113890532,0.03290937772895011,0.0519345615369447,0.08561156652300064,0.14544599847883039,0.23021951322572462,0.39180329023352756
0.00000528063959106727,0.000014081705576179386,0.000035204263940448474,0.00010385257862432301,0.000216506223233758,0.00039604796933004517,0.0008801065985112115,0.0015454671869856882,0.0025171048717420666,0.004048490353151573,0.006643044605562624,0.009700534928790569,0.014486554611494541,0.022150522871330177,0.03345813244900222,0.05179075289599077,0.08489156206599742,0.14461735605416534,0.22992432843466007,0.39257506869232006
0.00001583993917463357,0.000022879912141137373,0.0000510398040071526,0.00010207960801430525,0.00023935908086112956,0.0004452782901313659,0.0008764766343297247,0.0014220745392337696,0.0025502302071160046,0.004113104205679849,0.0062409360348056235,0.00945468369401461,0.014745223378342229,0.022290314405192684,0.033212832462723337,0.05175084127676951,0.08532975233375104,0.14425608605662954,0.23058375455838248,0.3922972135787
0.00001055821270575317,0.000015837319058629757,0.00005807016988164245,0.00009326421223415299,0.0002692344239967059,0.0004716001675236416,0.0007584316126966025,0.0014499945449234356,0.0024160710074998507,0.0039558103604221875,0.006181833539218482,0.00951998845635411,0.01463016340593864,0.022126494427023382,0.033583914914883196,0.051930569193246956,0.08563942295848158,0.14443283041046814,0.2302869370273,0.3921689736361429
0.000010565277567450493,0.000007043518378300328,0.00005282638783725248,0.00011445717364738038,0.0002183490697273103,0.0004824810089135728,0.0008452222053960399,0.0013611599266065394,0.002412405044567864,0.0037841302487418536,0.006170122099391092,0.009639054900704,0.014618822394162331,0.02227336599178021,0.033474321092872315,0.0526256475634709,0.0859960767602633,0.14442910522664282,0.23088124980190106,0.3906035943074285
0.000010557098064883925,0.000015835647097325888,0.000049266457636124985,0.00009501388258395536,0.0002639274516220981,0.0004416386023809774,0.0007759467077689686,0.0014357653368242134,0.00237006851556644,0.0039377975782017025,0.006102002681502908,0.009453881317103549,0.014684923408253532,0.021949966393237822,0.033363948917721487,0.05233857317300617,0.08623565554300429,0.14491024707128505,0.230985786626972,0.39057919759016635
0.00000880030695470658,0.000015840552518471846,0.00005632196451012211,0.00013728478849342268,0.0002358482263861363,0.0004664162685994487,0.0007797071961870028,0.0014995723050820013,0.002444725272017487,0.003849254261988659,0.00619013591194061,0.009680337650177239,0.014599709237858215,0.02184588198436362,0.033314442007737234,0.051773965875929764,0.0858628348956812,0.14544091297904474,0.23102565817495713,0.39077235013957307
0.000012324247428633804,0.000019366674530710263,0.00004401516938797788,0.00013204550816393353,0.000248245555348195,0.00045951836841048887,0.0008697397471064427,0.0014613036236808643,0.002500061621237142,0.0037201621166718874,0.006014232745173297,0.009368188652537213,0.014637684731665917,0.021856172511294285,0.03294975580384023,0.0519467029116915,0.08611127739063987,0.14430461314187326,0.23180324867162216,0.3915413408076959
0.000012309272223072148,0.00001934314206482766,0.000042203219050533086,0.00012836812461203815,0.0002532193143031986,0.00045544307225366977,0.0008458228484711012,0.001385672358825836,0.002474163716837502,0.0038123574542314885,0.0061405683718525625,0.009411317848268878,0.01419434934066262,0.021618598958635573,0.03289037538004879,0.05170246027182391,0.08571473789163264,0.14517379813145256,0.23225662370730663,0.3914682675754426
0.000005277351191889767,0.00002990499008737534,0.00005980998017475066,0.0001284155456693176,0.00023044433537918634,0.00045561131956648333,0.0008338214883185829,0.0013826660122751191,0.0023906400899260643,0.003987918384004701,0.006206165001662365,0.009335634258452997,0.014152096779584388,0.021652971940323718,0.032869102340153424,0.051318722107000045,0.08607007970559415,0.14501457428487496,0.23158600235369858,0.3922901417320617
0.00001583105102347745,0.000029903096377679625,0.000054529175747533435,0.000135443436534196,0.00022867073700578544,0.0004327153946417171,0.0008073836021973503,0.0014300716091207965,0.002399283732891472,0.003766031137918358,0.006154760836794179,0.009583062886211684,0.014300716091207963,0.021649841777440053,0.03251346079088414,0.0515441431267733,0.08542611032835358,0.14557882720056006,0.23199525772071564,0.39195395626760104
0.000012317828120545784,0.00003167441516711773,0.00005279069194519624,0.00014781393744654945,0.0002639534597259811,0.0004522402609971809,0.000786581309983424,0.0014095114749367393,0.002315751686662608,0.0038273251660267274,0.0061729915781249456,0.009632541590266802,0.014262285273860508,0.022018997610341342,0.03292027549702436,0.05137766109079647,0.08592388989973287,0.1456407206281388,0.23103318422895674,0.391717492371745
0.000014055850923645104,0.000033382645943657103,0.00005270944096366913,0.0001282596396782616,0.00023192154024014424,0.000418161564978442,0.0008011835026477711,0.0013985571669026871,0.0023701678619996555,0.003977805811391564,0.0062337698846366045,0.00959663221811869,0.01439143436444713,0.02198159386321549,0.032678096416109394,0.05176418498905401,0.08531901510652577,0.14556766310936503,0.23099912502328007,0.39204227999957836
0.00001230857960749698,0.00002637552773035067,0.00005978452952212819,0.0001125355849828296,0.0002514466976960099,0.00045541744547738844,0.0008229164651869412,0.0014154866548621527,0.0023421468624551397,0.004010838583528658,0.006266825388731319,0.009502223456987669,0.01445378919623217,0.0218090446959693,0.03249465016379204,0.051163248691334234,0.08570463980700145,0.14633846132204698,0.2299664679124122,0.39279139243444355
0.000014069966425542617,0.00002110494963831392,0.0000580386115053633,0.000102007256585184,0.00025325939565976714,0.0004871725874844129,0.0008213342900910503,0.0014544827792404682,0.00235144313886881,0.0037988909348965058,0.0061591278027812845,0.009367080147804994,0.014609901387122814,0.021511219918851472,0.03255614356290243,0.05218374672653439,0.08564036814067154,0.14542893172021165,0.2312909018320855,0.3918907748506385
0.000017582974054563484,0.000024616163676388875,0.000033407650703670614,0.00013538890022013882,0.00023209525752023808,0.0004624322176350198,0.0008316746727808529,0.0014681783335560512,0.0023279857648242047,0.0038805623738421627,0.006145249432069939,0.009436782175084224,0.01448837062096031,0.02142309558808015,0.03261114197899889,0.051118980468832405,0.08651350724066872,0.14535317161685998,0.2316785410351449,0.3918172355344873
0.000012308557964516185,0.00001582528881152081,0.000050992597281567035,0.00009846846371612945,0.0002479295247138258,0.00043255789418156844,0.0008158815565050733,0.0013961421462608363,0.002359726398340104,0.003933463452374673,0.006045260326000948,0.00946879780555995,0.014068681753442,0.021666578748395497,0.03274955601273056,0.05082027747006383,0.08615638902076632,0.14504053032301173,0.23199170051520107,0.39262893214467837
0.000014065167437027608,0.00002285589708516986,0.00005274437788885353,0.00011955392321473472,0.00020921936562578563,0.00046590867135153926,0.0007735842090365185,0.0014065167437027606,0.0024192087991687485,0.003952312049804758,0.0061095571054588646,0.009319931572960414,0.014073958166675752,0.021424766298452302,0.03282458450616318,0.05154532236484693,0.0853140312352206,0.14545317090409143,0.23157067482915225,0.3929280338126625
0.000017584087104533882,0.000031651356788160986,0.00006330271357632196,0.00012308860973173714,0.00020749222783349983,0.00042553490792971994,0.0008352441374653595,0.001357491524470016,0.0022736224626162317,0.0038772912065497206,0.006261693417924518,0.009472547723212404,0.014250144189514253,0.021324222431668243,0.032790805632534795,0.05144752205044522,0.08549734831966462,0.14544501807644156,0.2324141544867556,0.3918842404377735
0.000024632405336786556,0.000029910777908955103,0.000059821555817910234,0.00011612419658770806,0.00024456459584380936,0.000395877942912641,0.0008392612389747993,0.0013618201236194859,0.002283775866224926,0.003809225539581636,0.006195049942201819,0.00943948961656142,0.014269200520095652,0.02156918978740474,0.032773415300594515,0.05108233029592316,0.08540406821768713,0.14621619862164092,0.23170648025800683,0.3921795631970751
0.000008792182694522647,0.000028134984622472465,0.00005275309616713588,0.00012309055772331706,0.0002514564250633478,0.00042905851549270507,0.0008932857617635012,0.0013979570484291008,0.002208596292864089,0.003998684689468898,0.005998027034203351,0.009268718996565775,0.014475449588262083,0.021653387540070377,0.03236226606199894,0.05135338068216787,0.08583456277354679,0.1461313516925831,0.2326077438028301,0.3909233022734826
0.000010556299383688054,0.000021112598767376112,0.00006333779630212834,0.00012843497583487135,0.00023223858644113703,0.00039410184365768706,0.00084274456746443,0.0014356567161815754,0.002352295379331821,0.0037316518321337273,0.006131450558692146,0.009375753235945606,0.01453954301779968,0.021476791096113355,0.03259961188005932,0.051175180028889065,0.08648248270086441,0.14626104672745924,0.23104396522754983,0.39170204493112887
0.000012311437149233964,0.000028140427769677636,0.00005100452533254071,0.00011432048781431534,0.00023039975236423547,0.0004625582814640758,0.0008336601726766998,0.0014351618162535594,0.0024165592347210663,0.0038358920603541835,0.0061574773513525865,0.009421766972635191,0.014277749539640186,0.0214940104858269,0.03293485315093645,0.05178366342641367,0.0862609637744756,0.14573399908895363,0.23101532422169738,0.39150018379216883
0.000022851116189136934,0.000026366672525927232,0.00006152223589383021,0.00011952891545087014,0.00023026894005976435,0.00047635788363508514,0.0008630690806820179,0.0014677447706099493,0.0022991738442608546,0.0039813675514150096,0.00610124802249956,0.009456846545965897,0.014522763227280718,0.02135173141149587,0.03269818948848656,0.051411495869221294,0.08617155914923541,0.1449042010898225,0.2312392336087186,0.39259448057655116
0.000015828795745219705,0.00003693385673884597,0.000045727632152856934,0.0001354241413757686,0.00024270820142670204,0.0005170739943438439,0.0008934475820635123,0.0014245916170697738,0.002439393299846636,0.0038903662431584423,0.0061732303406356855,0.009289744347361163,0.014363752761245477,0.021629170008301325,0.032932688925471,0.051239570582358986,0.0856320262265558,0.14481941102809792,0.23127981089865357,0.3929990995173976
0.000012297983657736574,0.00004216451539795397,0.00006676048271342714,0.00013703467504335042,0.00028636733374443735,0.000493676201117711,0.0008713999848910491,0.00145643263603766,0.0023787814103679037,0.004012656382038619,0.006287783358719884,0.009269165968316881,0.014286743300673407,0.02188865405596286,0.032633578063208116,0.05149692813936778,0.08528475981159489,0.14411304306578196,0.23289570080059868,0.39208607183076566
0.00002988390979981296,0.00003867329503505207,0.0000632835736937216,0.00013184077852858666,0.0002689551881983168,0.0004623216633735768,0.0008543282448652413,0.001462553703143787,0.0024276282019730405,0.0038515086100817768,0.006122685754867563,0.009443315496740894,0.014472601728344713,0.02192072677668633,0.032976015525570085,0.05151282898668935,0.08564552760921688,0.14608837199490915,0.23185870887446655,0.39036824008381554
0.000024603315472497885,0.000038662352885353815,0.000050964010621602754,0.0001388329944519524,0.00025482005310801387,0.0004797646517137089,0.0008558439025076052,0.0013584544900172046,0.0024216691943644356,0.0038644779088587745,0.006182461702303395,0.009677889879074702,0.014310342706610739,0.021714183284155995,0.03276282931098416,0.05224689778552588,0.08581460698839599,0.1460997594147223,0.2312606211634205,0.3904423148908051
0.00003163161122641029,0.00003514623469601143,0.00007029246939202289,0.0001493714974580486,0.0002389943959328777,0.0004375706219653422,0.0008435096327042742,0.0014357236873320672,0.0023547977246327653,0.003887173557378864,0.006407158585082884,0.009635340241911535,0.01449254987690031,0.021493679828345793,0.03294783771577591,0.051654421132728,0.08619438328023327,0.1453542828322945,0.23075963314360223,0.39157650193040683
0.000029887534964020687,0.000019338993212013387,0.00004922652817603408,0.00010724350781207424,0.00026371354380018246,0.0004922652817603407,0.0008104796246125609,0.0013625199763009428,0.0024964882146417283,0.003978558330798751,0.006383625850256417,0.00975388494002275,0.014189546746741818,0.02146100819445885,0.0331030821080909,0.051881244516955895,0.08591963066039145,0.14599533402836506,0.2318411248964924,0.38986179652214586
0.00001582434276229727,0.000021099123683063027,0.000042198247366126055,0.00012131996117761249,0.0002250573192860056,0.00047121376225507455,0.0007841840968871764,0.0014734221372005689,0.0024369487853937817,0.004191692571701855,0.006299846679701239,0.009420758724487638,0.014241908486067543,0.021837593011970236,0.032809137327163014,0.05177900777854359,0.0860756333253626,0.14560681079712492,0.2311391416876486,0.3910072018342172
