0.10143949617633825,0.10132703553756188,0.09345479082321186,0.09829059829059825,0.09800944669365724,0.09784075573549257,0.10008996851102116,0.10031488978857396,0.10065227170490326,0.10363247863247864,0.10301394511920826,0.10256410256410257,0.09947143499775078,0.10380116959064326,0.09677237966711646,0.10616284300494827,0.09750337381916326,0.10290148448043183,0.09508547008547008,0.09795321637426897
0.01011343376140151,0.01249580114208935,0.016304488256117414,0.019431022454200145,0.023565282550838475,0.027999276504483094,0.035136042996304996,0.04151313919536963,0.047740368465931125,0.04946125423115683,0.050624014883336343,0.05417431074132451,0.06150745458773677,0.06819462029404925,0.07209632826025165,0.07699025864964729,0.08149660215498308,0.08487119195886408,0.08178083253662696,0.08749644712022946
0.0027890220991264943,0.003631539191570956,0.005691025417546309,0.008221804729716644,0.011737134667157324,0.016537222469704897,0.021957092960947243,0.028842491268165772,0.03500480977190705,0.04070551929396422,0.04709702827112911,0.05396951443899982,0.06270457670779182,0.07214980664071326,0.08071055502830987,0.0886256964485161,0.09642462861459199,0.10147650313442182,0.10263213960605061,0.11935013202662485
0.0009520460876856087,0.0014307738079138836,0.00242609471776702,0.004059719254591188,0.006466881237659912,0.009152624888432097,0.01299867470857112,0.018505395829389017,0.024196034944418906,0.03153923133097124,0.03892299786330566,0.04755091553295647,0.05815054228761528,0.06981310686176395,0.08231682579179399,0.09419846915316585,0.10625862115597867,0.11677169826630246,0.12263814134638794,0.15168907040272636
0.0004465956137068642,0.0006131637074678027,0.0012987483252664479,0.0022040097044019845,0.0036355296986083107,0.005851609554732105,0.008591533995582323,0.01255537182102379,0.01752827433040833,0.023659911405086356,0.03099373559125639,0.04052191336045094,0.05142850245627588,0.0643821892841193,0.07868773310480509,0.09412545715699644,0.11035498316213833,0.127538051153303,0.14000893191227406,0.1855834107834736
0.0002421984574160067,0.0004821951106736862,0.0006979719181897647,0.0015192448692458607,0.0024682224614849396,0.004049117847163968,0.0059052387526339085,0.009047213286567012,0.012878352522056576,0.018759371428948887,0.02510717281740657,0.033304489698859255,0.04419461306594622,0.057475895748976685,0.07325182254339209,0.09088827385159401,0.11202999737985303,0.1344994088155835,0.15757872000317058,0.21562488302915406
0.0001779144742627285,0.0002515342567162714,0.0004969335315614141,0.0010102270147791708,0.001633950171677242,0.002844586594246614,0.004593056427518257,0.006732120106585082,0.010404929253434057,0.014959130795768497,0.020895748253063912,0.02843768596663797,0.03841930147096415,0.05004713711070985,0.06575064570684193,0.08578954149190489,0.1108591224112933,0.13986940668590328,0.1726833797206129,0.24414364855551846
0.00010387831617096828,0.00018467256208172148,0.00038858184938028907,0.0006963694528498245,0.0012696238643118347,0.002006390440117037,0.0035722598727682994,0.005536329517408276,0.008342967726546104,0.012405764092343974,0.017566977468023756,0.023955493912538303,0.03325837422740502,0.044790790994904184,0.060091682232383495,0.08022099149929113,0.10758908046529796,0.14288270022064523,0.18471295920467673,0.27042411208085587
0.00008957723202696826,0.00013710800820454323,0.0002449663079921172,0.0005009012566405978,0.0009378187761190757,0.0017293890101533055,0.0028920649197278305,0.004619625823105074,0.007018101913296551,0.010215460664626502,0.014995959884024907,0.02094461933332602,0.028995601575096792,0.039640667332097534,0.05396388392253216,0.07442039874664999,0.10359698289257682,0.14506392889395892,0.19558731586394495,0.2944056276438993
0.0000615202893914413,0.00010722107579651198,0.00020916898393090057,0.0003954875746592657,0.0007224239697109254,0.0014817601130567154,0.0024010490088202507,0.0037878921039587433,0.0057477527517146585,0.009024147592447417,0.01311612569825529,0.01868107530434966,0.025798093925662402,0.03535834689709239,0.04936915337535463,0.06981146667885355,0.09987906868828195,0.14684014216460012,0.2022277375649918,0.3149803662390714
0.000057979021825691165,0.00010572645156449573,0.0001534738813033003,0.0002847793130850126,0.0005883165449959839,0.001284064806904278,0.0020821289896814413,0.0033337937549772416,0.005235164617790352,0.007960178643597838,0.011773151961310945,0.016679200366973103,0.02310464019753794,0.03250065226399554,0.045765911404644095,0.06543785245703157,0.09703641935203328,0.14461843835209975,0.20815491994631827,0.3338432076723299
0.000025081808498719992,0.00006521270209667194,0.0001320975247599252,0.00025081808498719977,0.0005752094749039782,0.000998255978249055,0.0017791362828425365,0.0030064727787132337,0.004717052118325934,0.007208511762532119,0.010654752250256246,0.014871840319174377,0.021291111174280102,0.030479413687644532,0.04267251685915561,0.06283996301269308,0.09354009661512634,0.14459328175398758,0.215016311536127,0.34528286427564564
0.000019773299125525844,0.00006426322215795899,0.00010545759533613781,0.00025375733877758163,0.000515753552190799,0.0009474705830981131,0.001534078457155381,0.002662804282237482,0.004364955781959831,0.006688318429209119,0.00960323227529705,0.013640280846758576,0.019601930533104616,0.028506506239299755,0.04061600417875722,0.05953410811710406,0.09081876288354021,0.14399740310671488,0.21836972444259897,0.35815541483557667
0.000031005323124422725,0.00004079647779529307,0.00010933456049138538,0.00023988328943632325,0.00042265150995923626,0.0008306162879121664,0.0015339475651030192,0.0024738984135065714,0.003825077758086679,0.006029719418144318,0.009203685390618117,0.012811725886833837,0.018498754891497698,0.026672737182562595,0.03874033531441029,0.0573386336117285,0.08901628269021768,0.14371946383637021,0.22172396124008234,0.3667374893521193
0.000027536562886220546,0.00006155231703978709,0.00010528685809437267,0.00024944886379282144,0.00041790783674381743,0.0008325760778539622,0.0013654895595931716,0.0022822951239226314,0.003633206503164276,0.005704927910898164,0.00829984401347024,0.01189741496466411,0.017595863684294923,0.024987001122519895,0.037056114655768656,0.05576315964241343,0.08831785616519347,0.14313667368039126,0.22325997269020886,0.37500587176708605
0.00003870955254983048,0.000054838532778926526,0.00009354808532875699,0.00019193486472624275,0.00037419234131502813,0.0008048361134318921,0.0012951571123964122,0.002101606123851214,0.0033564407856748846,0.0051822413476085545,0.007706426753462087,0.011354802081283605,0.016548333715052526,0.024353147247912106,0.03593536795042598,0.054369179454259835,0.08650617256073369,0.14246728236360529,0.22539282131347965,0.38187296170012347
0.000028930395076689658,0.00003535937176039847,0.00010125638276841375,0.00019447654468219148,0.000348771985091203,0.0007377250744555862,0.0010784608386921538,0.0019190495400870807,0.0031743072375812263,0.00483780495449088,0.007300103024351358,0.011027302256731542,0.01635853117169707,0.023793642706406326,0.03496881142686314,0.053628916251328033,0.08585898361093122,0.1431684890136825,0.22644302399776273,0.38499605421556027
0.00002404258422517964,0.00002083690632848902,0.00008334762531395605,0.00014746118324776843,0.0002949223664955368,0.0007020434593752459,0.0010787106122363934,0.0018320449179586883,0.0028562590059513413,0.004645027272304705,0.007198349717018784,0.010468141171643212,0.015941836180242447,0.02331329250368252,0.03435525001883337,0.05226216674974716,0.0852726348909188,0.14253726199845157,0.22784515934623403,0.3891212114897905
0.000012785598302072545,0.00002237479702862695,0.00006872259087363993,0.00014543618068607527,0.0003132471584007773,0.0006057177195606864,0.0010452226611944308,0.0017596179663227338,0.002892741615843914,0.0044190224131538235,0.006837098692033295,0.010266835436564259,0.015158924986894763,0.022432332220986274,0.03392818329433726,0.05195747510004729,0.08483723933361459,0.14300212240931817,0.22898047639139282,0.3913144234334445
0.000023927757315114207,0.00002552294113612182,0.000057426617556274065,0.0001244243380385938,0.0003413693376956295,0.0006013843005198705,0.0009730621308146439,0.00160475492393366,0.002726169150102012,0.004283068559405445,0.006567371791088346,0.009883758954963183,0.015001108652755604,0.021686524046598512,0.033455790277992684,0.051100118522157886,0.08378064946314086,0.14201123966520282,0.22997286592320462,0.3957794626463779
0.00001114458023142517,0.00002228916046285034,0.00005731498404732943,0.00013055079699669477,0.0003184165780407191,0.0005142427735357613,0.0009552497341221573,0.001695568278066829,0.00259509511103186,0.00423334840505136,0.006432014876422524,0.00957637858457463,0.01462487342941023,0.021669840218561144,0.03294178708120259,0.05103421704547626,0.08345539302158225,0.14232424996975046,0.2303743942124602,0.3970336311589728
0.000014316005134673841,0.000027041343032161694,0.000058854687775881335,0.00011611870831457673,0.00026723209584724513,0.0005344641916944897,0.0009432656716512876,0.0014888645340060797,0.002505300898567922,0.0041086934736513925,0.0062592755783268395,0.009641034124584235,0.014298507795064797,0.02152331838636353,0.03249892232294681,0.05088862625205397,0.08340981791632136,0.14223905501640768,0.2315454763809775,0.39763181461727737
0.000009526123010826438,0.00003175374336942146,0.00006668286107578507,0.00014924259383628096,0.00027149450580855357,0.0005032968324053301,0.0008430618864581398,0.0015384688662484697,0.0023481893221687176,0.003916824244618136,0.005991931373809829,0.009245102382007061,0.01428918451623966,0.021592545491206587,0.03246026415939108,0.05079646326806352,0.0840140542068153,0.1422774102281983,0.23203730429771036,0.39761719909755844
0.000009516936181012127,0.000023792340452530322,0.00005710161708607276,0.00011737554623248289,0.00020620028392192942,0.00045205446859807616,0.0008232149796575487,0.0014386435193629993,0.002295167775654091,0.0035720233799398844,0.005791055666145877,0.00912515564156046,0.01413899485292368,0.02169861449270765,0.032490820121975406,0.05042548635509273,0.08390448168386327,0.14342657287197338,0.23157719424859824,0.3984265332180727
0.000009508731392601256,0.000014263097088901887,0.00003645013700497149,0.0001014264681877467,0.0002139464563335281,0.0004960388209806989,0.0008114117455019739,0.0013407311263567768,0.002123616677680948,0.0035340785009167993,0.006030120491474631,0.009050727497190962,0.014118881329447436,0.02096675272068576,0.03244220672299005,0.0508986543560291,0.08378143230020964,0.1434534761544789,0.2329322233474222,0.3976440533186265
0.000012672002635776546,0.000023760004942081025,0.000039600008236801724,0.0001092960227335727,0.00019800004118400858,0.0004577760952174278,0.0007983361660539226,0.0013368962780744259,0.002086128433914715,0.0035560807396647917,0.0057261611910415285,0.00917452990830222,0.01364933083906082,0.02118600440668892,0.032186886694872435,0.050661082537505175,0.08398052946795016,0.1435231018528052,0.23315217649565276,0.3981416508134633
0.000014236564242496144,0.00003321864989915767,0.00005378257602720765,0.00008067386404081148,0.00022145766599438444,0.00040811484161822276,0.0007292284573100809,0.001232253727211611,0.0020959386245897114,0.0036239965199509633,0.005572823980701547,0.009005417803614506,0.013774666824850715,0.020987859374382106,0.03190888598884802,0.05081820698382566,0.08381381737651761,0.14407403013406103,0.23246569383477672,0.39908569620753737
0.000009485371186287947,0.00003161790395429316,0.000060074017513156996,0.00010591997824688207,0.00017547936694632706,0.0004094518562080967,0.0007082410485761673,0.0012536498917877237,0.0020788771849947763,0.003547528823671692,0.005789238214031076,0.009058529482904984,0.013777501648083248,0.020826713334692912,0.03199889969694239,0.05015864283309065,0.08394711589384604,0.1436464612451447,0.23344763205612815,0.39896894015205053
0.000011052881723112683,0.00002368474654952717,0.000056843391718865235,0.00008684407068159966,0.0001547403441235775,0.0003789559447924346,0.0006631729033867609,0.0012568705502282419,0.002118995324631031,0.0034406041820946487,0.0055927581518950146,0.009001782671923631,0.014142951656274324,0.020594676616365527,0.0321544119156381,0.050675883717368336,0.08379347532602052,0.14433168750661202,0.233343701989045,0.3981769061089277
0.000009472971244795786,0.000017367113948792274,0.00004262837060158105,0.00007894142703996494,0.0001673558253247257,0.0003978647922814233,0.0006946845579516914,0.0012125403193338602,0.002144049158405447,0.003366062448984101,0.005663257975847082,0.008841439828476065,0.013746860104739488,0.021151565961088192,0.03252386794046552,0.050822490728329395,0.08461573681559756,0.1437618116110209,0.23251565803205346,0.39822634401726614
0.000009471789852555805,0.00002052221134720424,0.000042623054336501114,0.000099453793451836,0.00016102042749344863,0.0004025510687336218,0.0006567107631105356,0.0012171249960534205,0.002112209137119945,0.003474568244245888,0.005449436428503774,0.008857702143781773,0.013601490228270136,0.02114103495090456,0.03233195466169925,0.05089824140435067,0.08439838348119849,0.14494364285037728,0.23201780696492275,0.39816405140024624
0.000009468486509773844,0.000022093135189472308,0.00004418627037894461,0.00008206021641803997,0.00016885467609096687,0.00035033400086163243,0.0006864652719586038,0.0012671991112247329,0.002141456032293851,0.003515964657296021,0.005575360473171833,0.008895643075932524,0.013784538277145758,0.0209253551866002,0.03222283767384535,0.050716369908518646,0.08458672423506466,0.14410405235441803,0.2336491073584343,0.39725192959864675
0.000014189943429425527,0.000012613283048378246,0.00003783984914513474,0.00007883301905236404,0.00020969583067928824,0.000353171925354591,0.0006968838884228981,0.001202991870739075,0.0021616013824158225,0.003534872574308004,0.005718547202058489,0.008729968529858795,0.013896684598550738,0.020881290086590183,0.032170178414888714,0.05124776902556083,0.08452633968832579,0.14385922314789706,0.23311869730012671,0.3975486084395476
0.0000063012369328099105,0.000011027164632417345,0.00003623211236365699,0.00010081979092495858,0.00016383216025305764,0.0003828001436682019,0.0006805335887434703,0.0013248350651232838,0.0021896798341514445,0.0036090334532668765,0.005715221898058589,0.008728788461174931,0.013659506361098686,0.020989420223189816,0.03238048128847692,0.050778517823048666,0.08412623898071193,0.1451048840887467,0.232969331879848,0.39704251444558564
0.000012598643441067482,0.000004724491290400307,0.000026772117312268407,0.00006456804763547085,0.00020157829505707982,0.0004157552335552268,0.0006945002196888448,0.0013748269655064886,0.002176415654444407,0.00351659635048796,0.005603246670414762,0.008934013030146978,0.013444327382049136,0.02099248963367869,0.03227929932644503,0.051087499153528636,0.08420303343837451,0.14405918842688614,0.23254261097436338,0.39836595594569363
0.000012593645561290911,0.000006296822780645456,0.000039355142379034085,0.00008028449045322958,0.00018890468341936355,0.00041401609782743855,0.0007603413507629388,0.0012546419390436073,0.0021361971283339705,0.003660028241250171,0.005657695268409942,0.008870649092234284,0.013509833275874822,0.020801554055862263,0.03237983694377409,0.050747668994916915,0.0848370933236362,0.14441920467979874,0.23313671504200761,0.39708708978167345
0.000006291336043850612,0.00001415550609866388,0.00002831101219732775,0.00011481688280027373,0.00022491526356765935,0.0004057911748283645,0.0007470961552072603,0.0012299561965727946,0.0021374814208982456,0.003491691504337089,0.005832068512649518,0.008851909813697809,0.013400545773401806,0.021362231536894746,0.03220692204248226,0.05116586321062607,0.08542847930543655,0.14450727042521566,0.2325812565370914,0.3962629463899528
0.000011014272924242258,0.000022028545848484512,0.00004248362413636299,0.00009912845631818035,0.00019668344507575472,0.00040595463063635757,0.0006923257266666562,0.0012241577621514969,0.0021525036229090577,0.003710236507909035,0.005887915611787791,0.008787816325984712,0.013833926792848278,0.021285869159878474,0.03244175416457524,0.051594001312272,0.08520798880949876,0.14483139508354315,0.23155305968634526,0.396019756458691
0.000009431248555840066,0.000020434371870986805,0.00005501561657573372,0.00009902810983632068,0.00020434371870986796,0.0003961124393452824,0.0007293498883182977,0.0012512123084081144,0.002175474666880441,0.003487990090901516,0.005737342871469372,0.009052426738847152,0.013733469772062443,0.020904362424019503,0.0327924512286559,0.05187972643091689,0.08530721506233269,0.14438455601611488,0.23250071127332855,0.39527934572285006
0.000009440196356084207,0.000014160294534126311,0.00005506781207715785,0.000124295918688442,0.00020453758771515773,0.00045942288932943124,0.0006639604770445891,0.001203625035400737,0.0021114572516441684,0.0035967148116680826,0.005840334812297432,0.009142830170867554,0.013960477044589189,0.02126404229207967,0.03294785864879324,0.05201862865414267,0.08509392995374307,0.14476698448661068,0.23199597218288806,0.3945262594795305
0.000007859188491633108,0.0000220057277765727,0.000050298806346451895,0.00009116658650294402,0.00017290214681592834,0.00037881288529671573,0.0007183298281352661,0.0012558983209629713,0.002216291154640537,0.0037818415021738496,0.005822086834601807,0.009097796597914485,0.01397992448891697,0.02120566238812445,0.032997588800970756,0.05199010370985134,0.08498454883542542,0.1440432066746515,0.2315474113404946,0.39563626418190545
0.000009430018262802037,0.00002829005478840611,0.00004086341247214214,0.00009744352204895433,0.00019488704409790868,0.00044006751893076136,0.0006931063423159491,0.0012086140073491272,0.002179905888417737,0.003676135452782326,0.005898476423382673,0.009263421273492535,0.014119880678835583,0.021764482150547104,0.032989347222702456,0.051689073437838906,0.08455740209283542,0.14403252727632782,0.23147551495758062,0.3956411312249908
0.00000941718605063621,0.00001883437210127242,0.00003923827521098421,0.00011300623260763447,0.00019305231403804232,0.0003845350970676453,0.0007706397251437297,0.0012917240199455998,0.002198912942823555,0.003748040048153212,0.005775874111056876,0.009360682934332397,0.014113222827886792,0.021679931819573,0.03259445045226036,0.051681517045891516,0.08511095799464156,0.14343316073724008,0.23322289066803945,0.3942599111959355
0.00001256717548018392,0.000021992557090321853,0.00004555601111566671,0.00011467547625667824,0.00019479121994285073,0.0003848697490806326,0.0007273252809156444,0.001299131765264013,0.0022950804220685894,0.003814137758235818,0.005999255394852797,0.009348407660321809,0.014422404760446065,0.021493011864984538,0.03257568974157174,0.05092690773651033,0.08518345719855663,0.14448481649567452,0.23256814943628362,0.3940877722953475
0.000009420113512367823,0.000020410245943463616,0.00004553054864311116,0.00010362124863604607,0.00021352257294700395,0.00045216544859365536,0.0007394789107208739,0.001285845494438208,0.0023330481132297644,0.003790025669809321,0.0057337090911945485,0.009427963606961463,0.01423379151718778,0.021060233775817,0.032201088023110676,0.05124698752619969,0.0852441771923352,0.144391499917574,0.23225289864742868,0.3952145823357172
0.00001255770658604619,0.000009418279939534642,0.00005650967963720786,0.00008476451945581172,0.00024330556510464475,0.0003987071841069662,0.0007722989550418406,0.0013169894782115944,0.002192889512588316,0.0036448743365999074,0.005909970662057988,0.00905253673521605,0.014425665440720558,0.02141402915585527,0.03235493101894802,0.05136415936357545,0.08466091837647688,0.14516394870804744,0.23199735032391028,0.39492417499792015
0.000017259829472884806,0.000036088734352395513,0.00004707226219877675,0.00009257544899092761,0.00021025610448786945,0.0003891307008432212,0.0007562943459936799,0.0012960562858729866,0.0023551821853454624,0.0036983107334172256,0.005832253286428438,0.009309324387511418,0.014115402358006521,0.021781904794780628,0.0329427381621106,0.051150289180597414,0.0851568604684004,0.14473936088420533,0.23218707144627954,0.3938865684007041
0.000012546756271417706,0.00003293523521247147,0.00006430212589101575,0.00010507908377312325,0.00021015816754624655,0.0004218846796264204,0.0007559420653529163,0.0012358554927346438,0.0021658838013534814,0.003572688848286191,0.005906385514769882,0.009309693153391937,0.014375445997976834,0.021638449534593766,0.03285211295217334,0.05189024724951578,0.08529912251123326,0.14468605663292114,0.23339789684998008,0.3920673133473961
0.000018835052031831235,0.000023543815039789045,0.00006906185745004788,0.0001239974258762223,0.00025741237776836026,0.0004410541350787148,0.000809907237368743,0.0013937938503555116,0.0021911443863697013,0.0036116212271036395,0.005981698607775735,0.00930765487906327,0.01417651582929165,0.021941266029414066,0.03279496476275681,0.05180894978889047,0.08544364395473308,0.14507541868751073,0.23250302145626336,0.39202649463985817
0.000029800088459209947,0.00001882110850055365,0.000056463325501660955,0.00013174775950387557,0.00021801117346474647,0.00043759077263787226,0.0007355916572299719,0.0013174775950387555,0.0023871439281535553,0.0037030530974839324,0.005776511883961592,0.009307038153523782,0.014217779046459903,0.021975212600104772,0.03286165544196667,0.051588658400017556,0.08625557183232904,0.14486450370305312,0.23128319180905357,0.39283417662355613
0.000017254035875846237,0.00003293952303570645,0.000043919364047608605,0.00014587503058669993,0.00023057666124994507,0.0003607662046767849,0.0007827058092770249,0.00141169384438742,0.0023292948432392414,0.0037645169183664513,0.006020089971954349,0.009284239849921256,0.014036942459358904,0.021476569019280606,0.03315598275851251,0.05152211967399283,0.0857588324978197,0.1439927721275167,0.23221422610943457,0.3934186832974658
0.000023522917594515076,0.00002822750111341809,0.00007684153080874928,0.00009722805939066239,0.0002289563979199469,0.0004390944617642819,0.0008499614224151457,0.0014364661677717225,0.0024557925968673754,0.003846781123956367,0.005918366066779997,0.009158255916797869,0.01415766000288548,0.02157992460120813,0.03322533700499941,0.051966829549802716,0.0859433317233203,0.14488705863165613,0.23062652506915737,0.3930538392537904
0.00001567692983006208,0.000028218473694111744,0.00005643694738822351,0.00013795698250454634,0.00021320624568884434,0.0004467925001567694,0.0008841788424155013,0.001465792939110805,0.0023295917727472245,0.003718567755690726,0.006038753370539914,0.009432808678748354,0.014363203110302883,0.021290838402207305,0.03249357245876967,0.05205994857967016,0.08552549068790366,0.14482504546309655,0.23213927384461025,0.3925346460149245
0.000004701457451810061,0.000026641592226923685,0.00006425325184140417,0.00009402914903620119,0.00022096850023507297,0.0004199968656950321,0.0007976806143237739,0.001357154051089171,0.002356997335840777,0.0036373609152170502,0.0061228647547406385,0.009431123648330982,0.014377056887635162,0.021473123334900483,0.03322206550697382,0.05221125215483468,0.08531264692054535,0.14430966933082592,0.2314026014731234,0.3931578122551324
0.00001723927168778739,0.000031344130341431614,0.0000658226737170064,0.00009873401057550962,0.00021784170587294972,0.00041217531398982554,0.0007992753237065065,0.0014010826262619935,0.0024072292102219474,0.0038067446299668703,0.006129344688266952,0.009384432624224627,0.01414560602308809,0.02182961957629005,0.03289879920636662,0.051998345029917944,0.08529521469162077,0.1446751024169459,0.230898103366673,0.3934879434802641
0.000018806920319780334,0.000036046597279578986,0.00005798800431932272,0.00012537946879853562,0.00020844336687756551,0.00048584544159432566,0.0008243700073503712,0.0013587999931041284,0.0021126440492553245,0.003809968608115499,0.006088740453528883,0.009177777116052803,0.014340276743832505,0.021414813270789878,0.03319107987769232,0.05213905209987103,0.08548685631356151,0.14492769522758722,0.23105398683202125,0.3931414296080481
0.00002038099926471626,0.00003605869100680569,0.00004860084440047723,0.00013796368733038692,0.00019753891595032677,0.0004374075996042951,0.0008246465856339041,0.0013279004905549742,0.002219961150679863,0.0037375617113141186,0.006071970011711235,0.00938623404598894,0.014410934249328601,0.021975420514886754,0.03307209072993766,0.05200447127768486,0.08497308924212468,0.1449904287691915,0.23103116881895244,0.39309617166445343
0.00002193542524172055,0.000037603586128663805,0.00004857129874952409,0.00010497667794251978,0.00021778743632851124,0.0004105058152379131,0.0007520717225732759,0.0013427613880110363,0.0022859846734050197,0.0037760267737533227,0.0059539011370384354,0.00946513599180242,0.014308164521956579,0.021575057541320854,0.03291567239129039,0.05208723405255413,0.08563903377585443,0.1453488280999065,0.2315237129780944,0.39218503471281047
0.00001878507525770775,0.000031308458762846246,0.00005635522577312326,0.00013149552680395427,0.0001862853296389352,0.0004148370786077129,0.0008265433113391411,0.0012961701927818347,0.002149325694069395,0.0037006598257684274,0.005787368602312131,0.009401930166482724,0.014588176360548212,0.021646668388631902,0.032725166521865044,0.05187968159297438,0.08618279443648688,0.14471865436244238,0.23144465055846464,0.39281314329098865
0.000025077426554486974,0.000017240730756209793,0.00005172219226862939,0.00013635850689002295,0.0002256968389903829,0.00042788359058593394,0.0007319473875590886,0.0012664100410015922,0.002203678858475544,0.0037851240705678783,0.005626747583163017,0.009388361566336061,0.014215766178074808,0.021764071570975378,0.03336551603074493,0.05254191064912919,0.08597168758541997,0.14445538098880295,0.23060574523842353,0.39319367296528024
0.000007827041174932805,0.000029742756464744673,0.000056354696459516214,0.00010644775997908619,0.00021133011172318585,0.0003553476693419494,0.0007216531963288045,0.001297723426803859,0.002193136937216172,0.0037162791498580967,0.005873411697669577,0.009177988481726206,0.014336008616006927,0.021511839965185308,0.033623403479276344,0.05268694496494271,0.08523804380325321,0.14475643030567725,0.22985202195954685,0.39424806398136547
0.00002034174125305126,0.000017212242598735684,0.00005320147712336484,0.00010327345559241415,0.00021750015647493287,0.0004177880703511301,0.0007150904425111098,0.0012705764536521246,0.0021014583463729113,0.0036928084120923833,0.005858421480878761,0.009192902297052014,0.014137510170870622,0.02150591475245666,0.033701571008324466,0.05242692620642176,0.08548225574263003,0.14451398885898484,0.23054703636477444,0.39402422231958445
0.000017228579393992553,0.00001879481388435551,0.000059516910633792443,0.00010180524187359237,0.0002004780147664588,0.0003931248570811028,0.0006640834239138949,0.0012827460476072636,0.0022898348249106456,0.0035788458104793613,0.0056979610759404446,0.009137412016777502,0.014091411709795543,0.021754997071141504,0.03313525687811876,0.052060068225174394,0.08577326563023711,0.14410297052033444,0.23094754054197977,0.3946926578059561
0.00000469492384833518,0.000029734517706122807,0.00003286446693834626,0.00009702842619892707,0.00021909644625564185,0.0003662040601701442,0.0006729390849280426,0.0013521380683205325,0.0022363487264236573,0.0037418543071231387,0.00596411826200179,0.009175446174263052,0.014225619260455593,0.021473016707668997,0.0332713603385353,0.052288931873525006,0.08598283535841048,0.14471476772646752,0.23138775689058316,0.3927632443801762
0.000010956056821240975,0.000018781811693555955,0.00005164998215727888,0.00010486511528902074,0.0002003393247312635,0.0004398074238241019,0.0007058830894828113,0.0012975101578298238,0.002213123477890678,0.0035920214863925794,0.005753494982125977,0.009289171033437885,0.014493298023527347,0.021599083447589356,0.032865040161774016,0.052211871357111125,0.08594400515873758,0.14445404403708778,0.23128079434542254,0.39347425952707404
0.000014088034562644794,0.000021914720430780794,0.00004696011520881596,0.00010331225345939512,0.00020975518126604482,0.0003975956421013086,0.000705967065305867,0.0013227099117149835,0.002246258844155031,0.0036534969632458832,0.00588566777283827,0.009443679168492897,0.014261786988917408,0.021513994114332226,0.032911214075511855,0.05211320518439674,0.08553002316699015,0.14556696512428774,0.23189217957548053,0.3921592260973014
0.00000782138460407369,0.000023464153812221065,0.00005005686146607162,0.0001454777536357707,0.00023933436888465498,0.00039263350712449917,0.0007101817220498916,0.0012920927365929744,0.002222837504477744,0.0036181725178444923,0.005991180606720446,0.009058727648438146,0.014180170287185602,0.02171529221475019,0.033463011890068874,0.051933993771049326,0.08569108972223137,0.14469092234460076,0.2312001288964183,0.3933734101080446
0.00001095118898623279,0.00002033792240300376,0.000057884856070087624,0.00014549436795994992,0.00022997496871088853,0.0004286608260325405,0.0007744055068836045,0.0013219649561952446,0.002224655819774718,0.0037343554443053793,0.005879224030037549,0.00942584480600751,0.014500938673341679,0.021902377972465577,0.03285982478097622,0.05216677096370464,0.08553973717146433,0.1452659574468085,0.23162390488110132,0.3918867334167711
0.000009390420831709573,0.000017215771524800885,0.00004382196388131133,0.00012051040067360623,0.00020971939857484704,0.0004163086568724577,0.0007434083158436744,0.001281792443528357,0.0022646564905806255,0.004003449414585515,0.005964482298274202,0.009290256342838001,0.01450820018499129,0.02197827995661626,0.03298385317137988,0.051949373111155994,0.08584566217335031,0.14460935066805017,0.23184323005435495,0.39191703876209216
0.00001877887251649411,0.00002034377855953528,0.000051641899420358804,0.00013145210761545878,0.00020343778559535276,0.0004193948195350348,0.0008090564242522873,0.0013458191970154114,0.0023504888766478463,0.0038199356510635104,0.005927864091039974,0.00940978003680659,0.014336104260300214,0.02170368191093806,0.03271279592373273,0.05241496300562115,0.08592899082339095,0.14577569262741463,0.23082051153648728,0.39179926637204693
0.000009390494315620774,0.000031301647718735917,0.0000626032954374718,0.00011112084940151248,0.00019563529824209955,0.0004100515851154406,0.0007559347924074723,0.001381967746782191,0.002272499624380228,0.003724896078529575,0.0059473130665598254,0.009404580057094204,0.014032528672309308,0.02142597786347473,0.032680485300746236,0.05146303901437371,0.08654592577753292,0.14569821455401413,0.23208450192818153,0.3917620323533829
0.000012515820779704346,0.000028160596754334778,0.00005945014870359564,0.00009699761104270868,0.00021433343085243693,0.000433360294497263,0.0007384334260025565,0.0013861271513522574,0.0023326360978173965,0.0035998629517624615,0.005957530691139268,0.009125597826001931,0.013987994198917067,0.021569452636222976,0.03302455760484738,0.052064249965972635,0.08590233592150075,0.14568728283095347,0.23182898382486614,0.39195013697001363
0.0000187590571072596,0.000031265095178766,0.0000375181142145192,0.00010317481408992777,0.00020947613769773223,0.0004408378420206004,0.000745672520013569,0.0012975014499187892,0.0023917797811755983,0.0036236245312189813,0.005752777512892946,0.009338883929897405,0.014095868161346652,0.021427532980767272,0.03302532003733052,0.05186722964681386,0.08580861697288224,0.14628312732241036,0.23151021352496756,0.3919908205680557
0.000021893541092612806,0.000021893541092612806,0.000054733852731531985,0.00011415917855433815,0.0002095524647435795,0.00044256229494353023,0.0008100610204266741,0.001380856913198365,0.002184662636170006,0.003579593968642195,0.005834628701181312,0.009179649015259798,0.014016557772363472,0.021493202055490743,0.033082704415301714,0.05196901125640777,0.08575700045976437,0.1455451335349624,0.23202305702641934,0.39227908635125375
0.000012510692732694977,0.000014074529324281849,0.0000547342807055405,0.00008601101253727792,0.00019235190076518526,0.0004175443699536949,0.0008194503739915209,0.0013355164492151886,0.0022175202868701845,0.0036890905195534306,0.005742407964306995,0.009267295641743802,0.014035433409492178,0.02184836102106019,0.033212761532121986,0.05213518429032313,0.08560441502346536,0.14522255740453172,0.2322641382556654,0.3918286410416403
0.000006253351405518896,0.000017196716365176962,0.000029703419176214755,0.00010943364959658068,0.0001907272178683261,0.000400214489953209,0.0007738522364329628,0.0014257641204583071,0.0021151961129167664,0.003612873774538542,0.005762463320185662,0.009211186620329334,0.014148207554986504,0.021586569051851225,0.03331003959934777,0.05208416385656687,0.08554897390320124,0.14596885518332484,0.23270127584002054,0.3909970499814745
0.000007814490252986307,0.000017191878556569876,0.00006407882007448772,0.00010783996549121105,0.00021567993098242194,0.0004266711678130521,0.0007033041227687672,0.001342529425463047,0.0023380954836935033,0.003550904370956978,0.005790537277462856,0.009391454386038943,0.013914481344467416,0.02151954325867369,0.03300215523641178,0.05199761814337091,0.0861313115684151,0.14509476632329799,0.23191687883007708,0.39246714397573124
0.000015641619220421698,0.000015641619220421698,0.000051617343427391604,0.00011887630607520482,0.00020646937370956628,0.00037383469936807867,0.0008039792279296755,0.0013185885002815487,0.002211724957767628,0.0037492961271350816,0.005890633798410812,0.009275480197710064,0.013942939373083904,0.021557279609585187,0.033028843145842465,0.051900456735281236,0.08596164674967154,0.14496809109679032,0.23182443846587003,0.3927845210536195
0.000009377930603313536,0.00001875586120662707,0.00005157861831822447,0.0001187871209753048,0.00019849953110346984,0.0003985620506408254,0.0007783682400750236,0.00135354798374492,0.0022835261019068464,0.003819943732416379,0.005962800875273524,0.009313848077524228,0.013994998437011564,0.021606752110034377,0.03293998124413879,0.052439824945295394,0.08615661144107539,0.14506720850265709,0.2315629884338855,0.3919240387621132
0.000009383195634937391,0.000023457989087343477,0.00004535211223553075,0.0001188538113758737,0.00020486643802946654,0.00039565808260652667,0.0007881884333347412,0.0013558717692484532,0.002325468651525316,0.0038220883552978306,0.00587700819934912,0.009256522493865734,0.014238999376017488,0.022009849227684807,0.03301477384152721,0.052250324893148875,0.08622218468943971,0.1453675945083284,0.2304809982469063,0.3921925556853565
0.000009377168470208736,0.00002188005976382038,0.00005001156517444658,0.00010627457599569902,0.00021880059763820377,0.00040478110563067716,0.000778304983027325,0.001369066596650475,0.002348980701787288,0.003539881097503797,0.005743515688002852,0.009161493595393935,0.014281427580127898,0.02196914286428737,0.03299825584666453,0.05199014772166063,0.08589955177134714,0.1448069241011984,0.23224276864024807,0.39205941373942726
0.00001406085224387767,0.000028121704487755333,0.00005624340897551069,0.0001124868179510214,0.00020466351599421947,0.0004108893489044251,0.0007717845564972853,0.001382650470647971,0.002207553802288795,0.0036855056048119366,0.006068038901691208,0.009244229191891575,0.014362379408663048,0.02157090965902433,0.03310862008358396,0.05161113931961099,0.08601179549271572,0.14514705307971715,0.23167910010545642,0.39232277467484283
0.000015618581739066602,0.00002498973078250656,0.000035922737999853184,0.00010620635582565288,0.0002108508534773991,0.00041076869973745184,0.000791862094170677,0.0012088782266037555,0.0023271686791209237,0.0039702434780707315,0.006161530496061773,0.009492973981004682,0.014569013046201326,0.021764493653389314,0.03314106859212543,0.051953650296831154,0.08554765775938948,0.14459214416575691,0.23189064493809577,0.39178431363361615
0.00000937643576672678,0.00002344108941681695,0.00003906848236136159,0.00010157805413954011,0.00022815993699035173,0.00045788261327515804,0.0007376129469825069,0.0012783207428637513,0.0022659719769589715,0.0038615287965969784,0.006082181334016771,0.009673356232673132,0.014463152170176055,0.021750205500217213,0.03298317554875589,0.05171885694997046,0.08554591171773175,0.14566918059327832,0.2310213126384977,0.39208972623933036
0.000015627759276247213,0.000021878862986746096,0.00004688327782874162,0.00008751545194698436,0.0002156630780122116,0.00044539113937304555,0.0007329419100559944,0.001301792347711393,0.0023347872358713334,0.003816298815259569,0.006171402138190025,0.009500114864030679,0.014704158703021,0.021594437767918407,0.03328243893062369,0.05174507373958215,0.08630586337900287,0.14614611642368108,0.2302625307280817,0.3912690834475462
0.000021894979168491247,0.000020331052085027584,0.000043789958336982494,0.0001079109687589926,0.0002111301562675943,0.00042069638545172455,0.0008273174271522765,0.0014403768438700315,0.0024178312710348188,0.003692431844057702,0.0060570895942547555,0.009518060229959836,0.01442097163661841,0.02175109787681259,0.03316776558609732,0.05263396599396951,0.08628811290302403,0.14597226218924772,0.2302100666858508,0.39077689641798147
0.000014073054791093321,0.000012509382036527396,0.000056292219164373264,0.00013134851138353758,0.000243932949712284,0.0004769201901426066,0.0008068551413560163,0.001444833625218914,0.0023502001501125853,0.0038935451588691526,0.005815298974230673,0.009511821366024518,0.01415749311983988,0.022055604203152362,0.033375031273455084,0.052903740305228916,0.08612084063047286,0.1455622967225419,0.23096697523142357,0.39010038779084316
0.000014056328393314805,0.00001717995692516254,0.00005778712783918309,0.00012806876980575718,0.00025145209681374267,0.0004794769796386272,0.0007996489041530205,0.0013993855822677856,0.00231773237063102,0.0038732993794911917,0.006073895680177922,0.009278738553853697,0.014215633448439043,0.021907568708114094,0.03306204619534235,0.0524941392919671,0.08640893607650388,0.14586720518022556,0.23075337234745366,0.39060037702196393
0.00001563332963344532,0.000026576660376857047,0.000056279986680403154,0.00010630664150742815,0.00021730328190488983,0.0004783798867834269,0.0008035531431590893,0.0014210696636801795,0.0023012261220431503,0.003955232397261666,0.006176728538174247,0.009586357731228668,0.014449886580193506,0.021408281600040022,0.03299883219027637,0.05256238089356985,0.08625845958549792,0.14501476567983873,0.23058223209553838,0.39158051399261173
0.000010935842536365583,0.00002655847473117356,0.00005780373912078948,0.00010310937248573261,0.00025152437833640836,0.00043743370145462316,0.0008170636637884572,0.001373229369923621,0.0023621419878549653,0.003893159942946148,0.005895981390320531,0.009314213314544512,0.014532172467610377,0.0218201303864883,0.033319949945086434,0.051634361667059835,0.08598852986344256,0.14495771734596477,0.231939846616997,0.39126413652930736
0.000009379059374135368,0.0000281371781224061,0.00003751623749654147,0.00011880141873904794,0.00022040789529218123,0.00042831037808551526,0.0007706460452414562,0.0013318264311272228,0.0021946998935476764,0.003779760927776552,0.0062448903666118,0.009363427608511807,0.01492989934706115,0.02166719033081506,0.03324876548130989,0.05179898174678727,0.08591218386707995,0.14515970193349303,0.2311265969802555,0.39162887687327186
0.000012497637165473402,0.000014059841811157578,0.00004061732078778857,0.00010622991590652387,0.0002218330596871528,0.0004264818682717798,0.0007935999600075605,0.0013622424510365998,0.002258947917659316,0.0037305446938938067,0.005997303634781544,0.009582563296626724,0.014606613437147023,0.021652156389182678,0.03332651170638049,0.05175271550222537,0.0863164932879878,0.14549592967579567,0.23115004819401333,0.39115261020963227
0.000017193786478181086,0.00003126142996032925,0.000025009143968263405,0.00011254114785718532,0.00022508229571437064,0.000440786162440642,0.000836243251438807,0.0014661610651394417,0.0023414811040286597,0.003756060809733561,0.005928730191976442,0.009486280921461908,0.014670989080382514,0.021895505544214596,0.03282919067283976,0.05216594817480141,0.0863940878383659,0.1450061428709872,0.23078125439613859,0.39159005011207226
