0.10079981848091214,0.09461682455045671,0.10079981848091213,0.09631856599920591,0.10131034091553692,0.10006239718645414,0.0982472063077883,0.09983549832662092,0.10380622837370243,0.09694253786374721,0.0975097850133303,0.10233138578478641,0.10352260479891089,0.10057291962107895,0.09841738045266327,0.09433320097566512,0.10443020023824377,0.10562141925236827,0.10238811049974476,0.09824720630778831
0.010239192108482342,0.012612893990265743,0.017006324666198173,0.02233674292704511,0.027157023502771927,0.030727987298612734,0.034085526144556365,0.04003539730876344,0.044808828505244536,0.04789047656229667,0.05408500559589809,0.05933734155800211,0.06524036334296349,0.07000338356627887,0.07224694828349078,0.0738085942583483,0.07538065120637152,0.08013326045652115,0.07868613518648657,0.08732203742744853
0.002725908447074914,0.003688565770239303,0.006015797952165328,0.00929272237546229,0.013318380272331539,0.017538514396102694,0.022338835930131175,0.028224983064361903,0.034059269871418794,0.04048022662962975,0.04804211058566515,0.05737372820650782,0.06501016138285562,0.07236784530064405,0.07988435147040232,0.08667481305972688,0.09237944904884916,0.09887495502737252,0.10082944110773658,0.12122351476884877
0.000864383613447648,0.0013560017935959979,0.0024715968947018685,0.0042273761095174035,0.006339713564880091,0.010110587078545459,0.013695077875561172,0.019167706628201598,0.024586311405001546,0.031258272421300554,0.03964279347174275,0.04945354748437354,0.05971540169527237,0.06983409237019389,0.08101435417038079,0.09231076751862473,0.10304803271691974,0.1146874983117508,0.12139727611113814,0.1549056471261946
0.00042834956195872984,0.0007418344369117667,0.0013161578719402326,0.0024265165129952644,0.0037402813706228777,0.006018430996235788,0.009146100702828303,0.012986888674581159,0.017741808113754327,0.02369802073786204,0.032123824132592134,0.04052091135557079,0.05195473374126251,0.06464010261245372,0.07705984689494427,0.09209036979250171,0.1098345709205687,0.12572657897066886,0.14095811507048617,0.18686330862944897
0.00027264240658180574,0.00039478620473045475,0.0008484631692825795,0.0014330084889939713,0.00273732976208133,0.0041921496436018455,0.006410368263551419,0.009549027648121173,0.0134161875430775,0.0183957284568876,0.025975187359861807,0.033716050567532435,0.04399575986529283,0.05616651689510468,0.07169186609549898,0.0886284123923608,0.11011481517025973,0.1348293040420873,0.1593867508877237,0.2178521885551261
0.00013356862999060976,0.0003420166434608038,0.0005626072596574167,0.0010645015056827377,0.0017525823268464858,0.0029830327364569493,0.004842874720720138,0.007180325745555805,0.01053168409804747,0.01506896998348606,0.021063368196094945,0.028518926270116245,0.03749838098630314,0.04956205679500049,0.06441650746365314,0.08370907942881196,0.10953032412654212,0.14017015833953952,0.1735441019331024,0.24752898034517368
0.00014275408800123343,0.00021698621376187472,0.00040732499776351935,0.0007423212576064135,0.001364729081291791,0.002392558514900673,0.0038600705395533505,0.005719680459249418,0.008633767242314601,0.012680369790189558,0.017585400253911938,0.024399528721170807,0.03267926582524235,0.04385405583397889,0.05765552106193816,0.07794563543651341,0.1059825383199557,0.14317473671387704,0.18578397690048518,0.27477877874829404
0.00010145423779786328,0.00013949957697206202,0.000307986079029228,0.0005887969157911707,0.0010417176202459182,0.001835234694450635,0.0030997893012882872,0.004855309951754888,0.007230426125915576,0.010669000114136013,0.015111246383428175,0.020941241691169683,0.029113742882351128,0.03885697307658163,0.052835917698872956,0.07274812354952143,0.10230210535660259,0.14355593480115872,0.19543166060658768,0.29923383933634434
0.00006447734144237558,0.00012024152863578146,0.00024571094982094466,0.0004705103294443622,0.0008277496536521187,0.0014794935914750503,0.002552954194948113,0.004069043034268836,0.006367573125147036,0.009307391368749402,0.013480992254005874,0.019006874678702435,0.025187986302921517,0.034859587519277854,0.047868326812989574,0.06819960093753542,0.09841681987296225,0.144051093936516,0.20317681603917445,0.32024675652833073
0.00005255279436769663,0.00009493408014809713,0.00015257262880944192,0.0003610885548490126,0.0006984435896610006,0.0012900863391553915,0.0022106078663056915,0.0036702193485826855,0.005407852065579106,0.008360980058757414,0.012126133487488196,0.017071181912345336,0.023126620024648954,0.032013128027083344,0.044815666835626725,0.06328034542443166,0.09531042596582713,0.1434335283437563,0.20954324840688737,0.33698038424568943
0.00004488725816989661,0.00006317465964652116,0.00015461166702964384,0.0002975858967559809,0.0005669094457753607,0.0011238439452907452,0.0019218396460889066,0.002985833913819789,0.004882736194258755,0.0076840336022689654,0.010812841745815096,0.01560081595060407,0.021702158079623345,0.03006116304548411,0.041489126477331106,0.06070419795613353,0.09221671568244427,0.14301911698450728,0.21424189577178654,0.35042651207716596
0.000029537734455767236,0.00004922955742627873,0.0001247148788132395,0.0002822494625773315,0.00047588572178736116,0.0009550534140698076,0.0016688819967508484,0.002835622507753655,0.004241946864897684,0.006901983951164278,0.010164262623279019,0.014306109388076605,0.020097146326654523,0.028640115525361436,0.03965276752162,0.058266463184495985,0.0894090812123599,0.14227998490293564,0.218649797338322,0.3609691658871988
0.000039038609184483444,0.00004717165276458416,0.00010410295782528926,0.00021633895923067918,0.0005009954845342044,0.0008344502713183337,0.0015273855843429152,0.0024594323786224577,0.004038869441878017,0.006122555207099822,0.009061837156948221,0.013175530599763167,0.019228141632074126,0.026785365726703713,0.038282236131534086,0.05615053287701539,0.08766932996733767,0.14210053743151976,0.22236229130610177,0.3692938566242014
0.000021005551928955992,0.00003877948048422646,0.00010664357133162276,0.0001745076621790191,0.0004378849671343903,0.0008224481486029688,0.0013071916546557997,0.0022831419135088318,0.003632344672022542,0.005737747299978671,0.008743157037506217,0.012611410215807813,0.0177981657305731,0.025823902379121123,0.03747875207631801,0.05520905371604372,0.0859547184932879,0.14243703181856368,0.22331971742685217,0.37606239618409915
0.000011253784084898548,0.00003054598537329606,0.00008359953891638925,0.0001913143294432755,0.00036976719136095254,0.0006655809444497146,0.0012041548970841446,0.002094811523231829,0.003430796462453357,0.0053166091383942135,0.008096293807364157,0.011808434871939973,0.017448188381914843,0.025010731286966664,0.03658122900968308,0.05414356291588761,0.08550625147705916,0.1424230683281539,0.224561222996947,0.38102258312929155
0.00002884476707850584,0.00003204974119833982,0.00006890694357643062,0.00016665865423136708,0.00033652228258256815,0.0006377898498469625,0.0010448215630658782,0.002030351104914828,0.0031953591974744804,0.005137573514093874,0.007465987212153262,0.011438552633687486,0.016585741070140853,0.02412544268705029,0.036076791179911236,0.05325224748810154,0.08468022370719358,0.14152043972244932,0.2267455090300146,0.38543018765123466
0.000015989025133148606,0.000023983537699722902,0.000060758295505964706,0.00014550012871165232,0.0003293739177428612,0.0005963906374664429,0.0011176328568070874,0.001805160937532478,0.0030043378225186237,0.004822289980157621,0.0073101822908755425,0.011059608684598892,0.01612493184678038,0.02337115803712332,0.03477293185957158,0.05243440902164755,0.08422698659640025,0.1418738178114542,0.22837764158681492,0.388526915125458
0.000011165414013551622,0.00003509130118544795,0.00004466165605420648,0.00015153061875534347,0.00031582171066903164,0.0005550805823879948,0.0009315145405591638,0.0018135822476297424,0.002853560810034837,0.004429479245090409,0.007126724258935523,0.010594382839715696,0.015700167162198377,0.023069340411142454,0.03422039889239093,0.05229241900289665,0.0838761851289446,0.14235424349534878,0.22856559521227046,0.3910590554697768
0.000012736298131266657,0.000025472596262533308,0.0000843779751196416,0.0001369152049111166,0.00027860652162145814,0.0005205961861155248,0.0010125357014356994,0.0016604948688638916,0.002668254458500365,0.004416311377016715,0.006804367276629213,0.010567943374418508,0.015369527769906032,0.022482750276218468,0.033927906184427974,0.0518558378414522,0.0842251395420664,0.14159261039982426,0.23053495636225863,0.39182265978482034
0.000012722342819430198,0.000030215564196146726,0.000058840835539864665,0.00013994577101373223,0.0002798915420274643,0.0005375189841209254,0.0008905639973601137,0.0015712093381996294,0.0026430667207366235,0.004257213965951831,0.006798501944133011,0.01011267224859458,0.014921717834339194,0.02211143182016968,0.03338024697247998,0.051883304310488765,0.08322956672471235,0.14253794836319109,0.23005971549660864,0.39454370522331694
0.000015866946136477948,0.00003490728150025148,0.00004918753302308165,0.000131695652932767,0.00024435097050176045,0.0004680749110260997,0.0009218695705293685,0.0014946663260562223,0.0024165358965855914,0.004220607672303134,0.006621276622752249,0.009934294976048846,0.01500378426665355,0.022151843501136873,0.03288107247862325,0.05134385100302903,0.08386791719358148,0.14226145236504756,0.2309656147410277,0.3949711300915048
0.00001902967678093988,0.000022201289577763193,0.00005074580474917301,0.00010149160949834601,0.0002505574109490417,0.0004440257915552639,0.0008880515831105271,0.001398681243399081,0.0024802012071158306,0.0040247766391687855,0.00626234946732763,0.00984151450854274,0.014911337564264803,0.021968176037196672,0.03249000149065801,0.05140232859811543,0.08379083847927513,0.1426163268283555,0.2321287547930998,0.3949086099772595
0.000012677846414229615,0.000019016769621344423,0.00005546557806225456,0.00012994792574585359,0.00025355692828459253,0.00044530935529981557,0.000811382170510696,0.0014167493367901597,0.002494366281999678,0.00397925904326632,0.006326245360700579,0.009877627087486645,0.014766521610973945,0.021682286829936195,0.032314245779069516,0.05089362969912299,0.08377837856683285,0.14247839219551775,0.23161316087236256,0.39665178076200197
0.000011083069186851046,0.000018999547177458934,0.00006016523272861995,0.00013616342143845577,0.00020107854096144048,0.0004765719750345953,0.0008296468934157069,0.0014423822898887574,0.0024762743154621483,0.003939239448126486,0.006423430241579242,0.009672352808924724,0.014616984961858405,0.021488487857706066,0.031903406302149794,0.050591044246778766,0.08385925135450935,0.14228285892519563,0.23156173111207518,0.3980088474558022
0.000012650121362101816,0.000026881507894466365,0.000049019220278144554,0.00010436350123733995,0.00020240194179362912,0.00048702967244091983,0.0008696958436444999,0.001462670282493023,0.002354503838521201,0.0038661933412923676,0.006168515429194898,0.009633067417240532,0.01429463713917505,0.021027664234153753,0.0323906357476617,0.05020833168618213,0.08367106521928197,0.14312347309082,0.23153675255571984,0.3985104482096127
0.000015789307480973884,0.0000410521994505321,0.000037894337954337326,0.00012789339059588841,0.00023526068146651104,0.0004721002936811191,0.0008589383269649795,0.0014289323270281363,0.0024741844822686082,0.0037736444879527585,0.00608204124167114,0.009323586067515077,0.014175640256418353,0.021050304733634388,0.03152019452426816,0.050047367922442916,0.08408595698992642,0.14401901032620712,0.23161966716139837,0.39861054094167425
0.000017366922013047294,0.000025260977473523335,0.0000694676880521892,0.00012314726518342632,0.00025260977473523337,0.00045311878343132493,0.0008762401561128405,0.0014398757159908304,0.0023808471268795747,0.003924924374948688,0.005833706985291796,0.00894870126999564,0.013898274043714118,0.020980820602853226,0.03188724762704693,0.05013198860729918,0.08364699047029628,0.14399388684345138,0.23215154060386367,0.398963984161367
0.000020493192319151515,0.000033104387592475524,0.00005675037872995806,0.00011192435805075064,0.0002206959172831703,0.00043823903574800974,0.0008165748939477302,0.0014219122670672826,0.0023519879184749283,0.0038952829400479543,0.005924108979643954,0.009012275422199173,0.013845516010700595,0.02077221501457382,0.031611537351995796,0.05030921074410781,0.08447451513895175,0.14425788633214423,0.23236127291099495,0.39806449680542644
0.000009464453877350142,0.00003470299755028386,0.000052054496325425806,0.00011830567346687678,0.00025869507264757044,0.00044640674121501514,0.0008439138040637205,0.0014133584456842878,0.002356649015460185,0.003799978231756082,0.006084066434156582,0.009196294350825219,0.014089417005415245,0.02068929617588741,0.031787945756060004,0.0502814886324022,0.08415319165045876,0.1441672936867361,0.23329721066770143,0.3969202667083104
0.000015750958445821427,0.000026776629357896428,0.00003307701273622499,0.00011340690080991424,0.00021421303486317134,0.0004315762614155072,0.0007544709095548464,0.0013939598224551963,0.0024035962588323492,0.003736127343348842,0.005868807116913061,0.009203285019893466,0.013971100141443609,0.021103134125711548,0.03135385788225214,0.050966951338988965,0.08431330546463753,0.14342350232011614,0.23207462174073282,0.39859847971749085
0.0000063021502936802034,0.000020481988454460666,0.00005356827749628174,0.00011186316771282358,0.00024735939902694793,0.0004348483702639337,0.0007546824976682044,0.0013407824749804636,0.0023443999092490355,0.0037387506617257804,0.006016977992891174,0.009164902064584436,0.014042766391892916,0.021046030905745052,0.03172502457838615,0.050841021956691664,0.08381072121807963,0.14409551538985096,0.23274628803347697,0.3974577125715294
0.000011021487176499671,0.000015744981680713814,0.000055107435882498335,0.0001102148717649967,0.00020625926001735094,0.0003951990401859168,0.0007400141389935492,0.0013398979410287454,0.0023475767685944286,0.0038181580575730994,0.005814621734687612,0.009213963279553728,0.013968947747129295,0.0209282296500048,0.03187414091443705,0.05126566035240417,0.08436476084160076,0.143924877543405,0.23354058977552386,0.396065014178356
0.000012600528592174442,0.000029926255406414304,0.00006300264296087221,0.00010395436088543918,0.00020160845747479103,0.00037644079169121147,0.0008284847549354695,0.0013340809646964686,0.0023625991110327073,0.0037045554060992857,0.005867121125731225,0.009302340233172777,0.014018088058794065,0.021093284863300015,0.03215497390115515,0.05037691331151344,0.08434006306564562,0.1448352008366751,0.23301212485863793,0.3959826364716001
0.000026757916408269142,0.000026757916408269136,0.00005036784265085956,0.00008499573447332551,0.00021248933618331388,0.00044386661336070024,0.0008090334725794317,0.0013819676827329591,0.002326364732436576,0.0036217626856133705,0.005803319870428725,0.009319624885491857,0.013953466409370938,0.021063202198556327,0.03177896072252669,0.05059764593295413,0.0849390706503433,0.14420785549465934,0.232808038707687,0.3965444511951346
0.00002359262148627224,0.00001730125575659964,0.00003145682864836298,0.00008336059591816189,0.00026738304351108525,0.0004183758210232276,0.0007754108261821477,0.0013778090947982994,0.0021610841281425376,0.0035939426730754714,0.005783337947001537,0.008894418300324634,0.013768653899388479,0.02075206985932507,0.03195699222387195,0.05172446334650325,0.08439237989782825,0.1447045574653346,0.2324895563328888,0.3967838538389914
0.000029891274422351128,0.000017305474665571705,0.00005191642399671512,0.00011641864775020967,0.00022339794568283457,0.0003618417430074082,0.000742562185649986,0.0013545466988233849,0.002188355932710022,0.003546049081472601,0.0060474767831325115,0.009219098321840924,0.013816061683004612,0.020988394319399275,0.03254845139600119,0.05078684846854415,0.08523418240284938,0.14431035323620242,0.23175177027139712,0.3966650777094473
0.0000157118324238801,0.00003142366484776019,0.00005656259672596834,0.0001021269107552206,0.0001806860728746213,0.00039122462735461457,0.0007101748255593807,0.0012396635782441399,0.0022279378377061984,0.003657714588279287,0.005785096698472654,0.009089295057214637,0.013736855088198364,0.021261251635994557,0.032540776133098075,0.05087648457176616,0.08513927753852148,0.14401622718052745,0.23258225537069718,0.3963592541907386
0.000020426441242556138,0.000020426441242556135,0.00004870920603994156,0.00010527473563471233,0.00019797935358169784,0.00036924720707697613,0.0007023553258017381,0.0012664393570384809,0.002309759125119808,0.003591911129267945,0.0058796725484342345,0.00933645491255912,0.014009396162971576,0.02114293795075656,0.03258017378187704,0.05118394795971274,0.08504627374573798,0.14430495105510424,0.2312571688952438,0.39662649466555633
0.00000942797342568557,0.000020427275755652073,0.000043997209319866005,0.0000769951163097655,0.00023098534892929633,0.0003849755815488272,0.000799806412278992,0.001274347741371833,0.002141721296534906,0.0036847662805387766,0.005894054719957763,0.009181274787713467,0.014332090935946342,0.021234938812452465,0.03248879642491247,0.05153801673151017,0.08482347691089305,0.14471153543975213,0.23129804338124837,0.3958303216196001
0.00001255839654392927,0.000014128196111920429,0.00004552418747174362,0.00009418797407946958,0.00018994574772693013,0.0003830310945898428,0.0007864695835635711,0.0012856658461847595,0.0022338247852514196,0.0036450745968754712,0.005838084593359124,0.00930577183905159,0.014349537851007186,0.021332006329431868,0.03221856633345054,0.05051301049881952,0.08531075752247955,0.14492075651780778,0.23136176972924094,0.39615932837695284
0.000010989287015058463,0.000015698981450083518,0.000042387249915225476,0.00008477449983045098,0.00020565665699609414,0.0004395714806023383,0.0007033143689637415,0.001318714441807015,0.002314029865742311,0.003679841251899575,0.005923225701116513,0.00934717355537973,0.014163621064265348,0.021702271956595465,0.03246706353691773,0.05175169235020033,0.08470228451578059,0.14496125491378123,0.2321847958504453,0.3939816384712959
0.000009421637103663132,0.00001570272850610522,0.0000439676398170946,0.0000863650067835787,0.0002355409275915783,0.00038628712125018857,0.0007867066981558713,0.0013834103813878708,0.002408798552836541,0.0038691523039043265,0.006144477664438974,0.009338412642580776,0.014116752926988592,0.021729435706748405,0.03251563991759207,0.051244284206823774,0.08532705642932516,0.1434915330887895,0.2322983141550676,0.3945687402643083
0.000004704989327515875,0.000018819957310063497,0.000037639914620126993,0.00008625813767112443,0.00020545120063486004,0.0004171757203730744,0.0007637766008334103,0.0014726616595124688,0.0024418894609807393,0.003897299492958983,0.006122759444873993,0.009595041568580707,0.01421220442864962,0.02137006152557711,0.03250833959358303,0.05150081317898878,0.08473215279923339,0.14382525042305694,0.23144156168005758,0.3953461382231765
0.000010980753875813947,0.000028236224252093,0.00004706037375348833,0.00013647508388511614,0.000236870547892558,0.00041569996815581393,0.0007655154130567437,0.0013820063092274408,0.00235615604592465,0.0037993408410316254,0.006254323671838601,0.009600316245711626,0.014053796281916739,0.021516002880094882,0.03253911109228696,0.0512016866437953,0.08452984333601578,0.14451299572221202,0.23156370641228968,0.3950498761527831
0.000020384035223612872,0.000020384035223612872,0.000058016100251821216,0.0001113281923751164,0.00022422438745974156,0.0003543686123489622,0.0008357454441681273,0.001346914327467958,0.002295555966720711,0.003869830687067425,0.006351978976219671,0.009478576378979982,0.013992856179655478,0.021738789564628377,0.03223186369666048,0.050869143901880666,0.08513313911006438,0.14445224961348735,0.23185115263879172,0.3947634981513248
0.00002037320578661731,0.00003291056319376642,0.00006111961735985192,0.00008932867152593736,0.00024447846943940766,0.00042940449119485723,0.0008321670978995229,0.0013900795025176581,0.0023726948893029697,0.003972775128390376,0.006293753418388855,0.009357570134760915,0.014200124433272263,0.021490597765529484,0.03262690548242969,0.051122641997326385,0.08435447497465104,0.1443300584711006,0.23182514147624259,0.3949534002096875
0.00002194811465695097,0.000036057616936419456,0.00005487028664237742,0.00014109502279468478,0.0002069393667655378,0.00042955595828604045,0.0008512733041945985,0.0015269616911335886,0.0024111571673136136,0.0039240093561677325,0.005773921877253602,0.009511372258837249,0.01443558855437175,0.021763123404842388,0.0325427831463563,0.051225331886848094,0.08463506556215392,0.1447258680479347,0.23203703587576113,0.39374604150074943
0.000017240298413892546,0.000021942197981317786,0.00006582659394395334,0.0001363550874553319,0.00022255657952479464,0.0004858629553006079,0.0008102940254529496,0.0014481850667669742,0.002319603786596451,0.0038602595448561216,0.006002758447746225,0.009381856936869163,0.014500658265939435,0.021669487806407123,0.03262177919879632,0.05164409754874304,0.08465299981192406,0.14517271644411003,0.2328364992790421,0.39212902012413003
0.000012542114067391915,0.000031355285168479786,0.00006114280607853558,0.00011758231938179922,0.00023830016728044646,0.0004828713915945888,0.0008826512774927064,0.0014298010036826784,0.0024206280150066402,0.003765769748734423,0.005861870562247294,0.00906951623498278,0.014334068614770533,0.021461124933565986,0.033123723251982054,0.05149164930367749,0.08536789939970303,0.1448943405278035,0.23217491232278384,0.39277825071999567
0.000006266135298393363,0.000031330676491966815,0.000054828683860941925,0.00013785497656465398,0.00025534501340952954,0.0004433290723613304,0.0007707346417023836,0.0014412111186304735,0.0024672907737423866,0.003770646915808207,0.0058979998496127535,0.00921435195628744,0.014261723939143297,0.021224966789482918,0.03294420633130311,0.05161415645286612,0.08543092212447051,0.14418064014838208,0.2320114920921372,0.3938407023084443
0.000007835541388896725,0.000026640840722248863,0.000045446140055601,0.00012380155394456824,0.0002538715410002539,0.0004293876681115405,0.0008274331706674943,0.0014182329913903068,0.0023647663911690315,0.003840982388837175,0.005951877239005953,0.009319592927953764,0.014176061480791953,0.02155714146913267,0.032650700967532656,0.051496745116107044,0.08520210995458519,0.1451016896561451,0.2307128148712307,0.3944928680902278
0.000010981873633148942,0.000026670264537647427,0.00005647820725619455,0.00011452525360283901,0.00023061934629612776,0.0004706517271349549,0.0008032456143103226,0.001413524020495314,0.0022732478420618304,0.0037573696216273884,0.006096508705488112,0.009307922323638952,0.014271729205822278,0.021369157251017387,0.03253615389683942,0.05174501972030737,0.08573705629308426,0.14539686922471107,0.2319622725575529,0.3924199970505826
0.000009404477158092396,0.00002978084433395926,0.00006269651438728262,0.00015203904738916036,0.00024608381897008437,0.00042790371069320403,0.0007915434941394433,0.0014608287852236855,0.0023448496380843705,0.0037492515603595013,0.006112910152760059,0.009476578149637769,0.014434305024812138,0.02130270817593895,0.03301128223776401,0.05233905021050357,0.08542400085267257,0.14536186860691475,0.23133916619905517,0.3919237484992023
0.000012533978833243245,0.000031334947083108114,0.00007363712564530407,0.00013944051451983107,0.0002099441454568244,0.0004621904694758448,0.0007833736770777031,0.001320768019553007,0.0024159244201076356,0.003882399943597095,0.006104047691789463,0.009212474442433784,0.014191597533939669,0.021483239720178925,0.03285625876399303,0.052249457513728614,0.08590789092304922,0.14549285954893343,0.23188174190970837,0.39128888471089607
0.000010964568779173586,0.000029760972400614012,0.00006265467873813477,0.00013000845838162962,0.00023338867829955192,0.0004385827511669434,0.0008223426584380188,0.001383102033144325,0.0023244885811847995,0.0038830237147959024,0.005853513361110242,0.009476520159142885,0.014451301650950791,0.021546944018044547,0.032491150026628245,0.05173710096801477,0.08580558253187551,0.14630337395445,0.23131167569938288,0.3917045205350708
0.000014087505321946456,0.000031305567382103234,0.00006730696987152194,0.0001314833830048337,0.00023635703373487953,0.000463322397255128,0.0007513336171704777,0.0014384908212076444,0.0022446091812968016,0.003789538931603597,0.0059167522352175095,0.009335320193343185,0.01427064289113176,0.021544491472363446,0.03306963610408474,0.05169331813969797,0.0855440281499662,0.1454675799544191,0.23071577049262443,0.3932746249593027
0.000017220380163374445,0.00003130978211522626,0.00005322662959588465,0.00009706032455720135,0.00020821005106625456,0.0003991997219691347,0.0008234472696304503,0.0014026782387621362,0.002341971702218924,0.0038104004834230367,0.005994257785960066,0.00932248762480862,0.01446668482634029,0.021635059441621342,0.03266079921349826,0.051695581250450075,0.08568861169295122,0.14414710588029014,0.23136206945135873,0.3938426182492196
0.000025046414136196135,0.000023481013252683877,0.000046962026505367774,0.00009548945389424782,0.00022385232634225313,0.00045240085533504275,0.0007936582479407153,0.0014902616411036705,0.00239036714912322,0.003918198411431183,0.006062797621842979,0.009378316693121945,0.013999380101250132,0.021607228395119703,0.03247580672934531,0.05115103926964657,0.08579179542088933,0.14402157748577835,0.23202058815241997,0.39403175259152123
0.000014093792623935332,0.000026621608289655626,0.00006107310137038644,0.00009552459445111732,0.0002442924054815459,0.0004776229722555866,0.0008346657187286147,0.0014798482255132099,0.002510261064018704,0.003896150672039013,0.005994559796047161,0.009359844279251274,0.014139205955723566,0.021596388230743575,0.03306873542662693,0.05160520468101832,0.08533008445313735,0.14470253484690224,0.23203863578351303,0.3925246523922647
0.00001721854719290721,0.000015653224720824737,0.000059482253939133993,0.00010800725057369067,0.00027549675508651563,0.00046803141915266,0.0008671886495336909,0.0014792297361179384,0.002415292574423256,0.0038052989296324937,0.005971705230994639,0.00950463805048478,0.014399401420686674,0.021513792056301512,0.032779417887879074,0.05191235446414315,0.08556991825886051,0.14428359886420195,0.23137031459851048,0.3931839598275641
0.000012516134079086323,0.000020338717878515277,0.00004850001955645951,0.000142371025149607,0.00024719364806195505,0.00048343567880470916,0.0008307583994993544,0.0013877263660186964,0.002285758986193139,0.003908162866194703,0.006209567019986699,0.009376148941995545,0.014495247780341844,0.021632573238940817,0.032645206711776904,0.05217663394219111,0.08584816364845305,0.14492118746822077,0.23145148042398409,0.3918770289826731
0.000015644237523329467,0.000029724051294325994,0.00005162598382698725,0.0001235894764343028,0.00025656549538260315,0.00043960307440555805,0.0008682551825447856,0.0014189323433659825,0.002288751949663101,0.00367326697047776,0.006082479549070493,0.009264517461315711,0.014693067881911034,0.02175487669994197,0.0327684199163659,0.052078102291411466,0.0853361868422576,0.14486251061852626,0.23066020246772206,0.3933336775065588
0.000018769443970863565,0.000020333564301768867,0.00007977013687617018,0.0001298219874651397,0.0002565157342684688,0.00045203077563163115,0.0007116747505619108,0.0013420152439167462,0.0022601538781581556,0.0038743260596524245,0.005992144987698191,0.009547390499845937,0.014238187372230917,0.02164898950006022,0.03268855079558981,0.05221502900661153,0.08551984321257806,0.14447935908605314,0.23133339694089344,0.39319169702363566
0.000009384707306620285,0.000028154121919860846,0.00005318000807084829,0.00012512943075493712,0.0002737206297764248,0.0004051065320691087,0.0007679818812584261,0.0013232437302334594,0.0024353315460679636,0.003853986467252063,0.006198599176022697,0.009250193168558726,0.014041086248588384,0.021370542655058826,0.03281362909759783,0.051556453706802965,0.08580750714019811,0.1449546249401725,0.2307120803080687,0.3940200645042215
0.000010945384096982357,0.0000203271418943958,0.00005472692048491177,0.00012039922506680593,0.00026268921832757664,0.0004471971216767075,0.0007739950182866098,0.0014275908115064131,0.0022547491239783665,0.003807430039450292,0.006120033336512708,0.009303576482435004,0.01402885515973225,0.021199645369555247,0.03278455262306131,0.052221991153002405,0.08504094355465419,0.14457288765814122,0.2317731991325001,0.39377426552563644
0.00001251527254352577,0.000023466136019110826,0.00004849668110616238,0.00008917131687262115,0.0002205816785796418,0.00046619390224633515,0.000805670669989471,0.0014189190246222338,0.0022824728301255115,0.003907893851715923,0.006130919137259685,0.009510042724011642,0.014278361563094966,0.021174276734577672,0.03218928098194828,0.052072920235474836,0.08580314414934473,0.1445576555139944,0.231473094510645,0.39353492308582805
0.0000046915391219628145,0.00002345769560981407,0.000048479237593615736,0.00009695847518723146,0.00019860848949642573,0.0004644623730743184,0.0008163278072215294,0.0014074617365888436,0.002492771120136244,0.0038032743815378566,0.006272587806064286,0.009118788206721726,0.014424918953661664,0.021343375312182826,0.032718793836568665,0.051677303428420376,0.08524213815331637,0.14487003654708977,0.2312756764026529,0.39369988849775345
0.0000062549550972410955,0.000015637387743102738,0.00003909346935775684,0.00012040788562189119,0.00020641351820895631,0.00043471937925825633,0.000774050693283586,0.0014339484560425212,0.0024159764063093722,0.0038624347725463755,0.005914060044441455,0.00946531080090009,0.014062702797372293,0.021729714007815565,0.03286353408090471,0.05193489217239281,0.0850048397715065,0.1456466294392589,0.23109713476144378,0.39297224520049473
0.00000938410551488241,0.000025024281373019766,0.000034408386887902174,0.0001032251606637065,0.00021739844442810903,0.0004160286778264532,0.0008304933380670936,0.001348183158971439,0.0023804347656085035,0.0037833585400834265,0.005871322017144759,0.009147938859424533,0.014387397771900545,0.021683539809721614,0.03274896422935379,0.051287264674004004,0.08595371446356541,0.14544581539274823,0.2317138973910623,0.39261220653165047
0.000007815650684182061,0.000014068171231527709,0.00005470955478927441,0.0000969140684838576,0.00020477004792557015,0.00043767643831419566,0.0007440499451341327,0.001347418177952988,0.0022837331299179983,0.0037562017188179004,0.006127470136398736,0.009305313704587159,0.014379234128758156,0.021543059545879435,0.03327904061324722,0.05168177171422229,0.08578614503971911,0.14569779692438511,0.23145893188191494,0.39179387940763616
0.00001876551086757648,0.000020329303439874516,0.000032839644018258835,0.00011259306520545895,0.00026271715214607085,0.00043942571281574953,0.0007068342426787145,0.0013823926339114668,0.002201819941795641,0.0037452832106538063,0.005870477316406843,0.009324895108613214,0.014443188197744695,0.021733589169798156,0.03265042511701078,0.051350256696550745,0.0861039828233024,0.1454592936974468,0.23134434556062738,0.3927965458949662
0.000012514743932695705,0.00001564342991586963,0.00004693028974760889,0.00011576138137743532,0.0002502948786539142,0.0004552238105518065,0.0008369235004990258,0.0013891365765292235,0.0022229313910450753,0.0037544231798087124,0.006058700406416308,0.009431423896277802,0.014398212894566413,0.021583240254925338,0.03327044674507155,0.051620190036386626,0.08607171574010629,0.14471737015171,0.23115044912287286,0.3925984675696054
0.000009380085765250846,0.000028140257295752546,0.00005784386221904691,0.0001313212007135119,0.0002470089251516055,0.0004580608548697496,0.000756660251730235,0.0013616757835889146,0.0022965576648589156,0.0037489076108452547,0.006040775232821542,0.009262834693185212,0.014309320834890164,0.021607027560255333,0.03288970738822455,0.052258021145840036,0.08581527797102494,0.14489731151108493,0.2317959893879963,0.3920281777776387
0.000012511573205214824,0.00004222655956760005,0.00005161023947151118,0.00012042389210019272,0.00020174911793408915,0.00044728874208643023,0.0007757175387233196,0.0014294472386957937,0.002334972349423216,0.00372219302855141,0.006055601431323977,0.00912250081325226,0.014141205615194052,0.021674736631384035,0.0330415008883217,0.051765070189925676,0.08519286590095837,0.14550334059004577,0.23171746365387985,0.3926475740059556
0.000023459163070898287,0.00004222649352761692,0.000051610158755976215,0.00010947609433085864,0.0002643065705987874,0.0004347764889139817,0.000847657758961792,0.0014153695052775308,0.0023474802512945575,0.0037800531428240814,0.006013365467173596,0.009405560447225488,0.013976969357641195,0.021774795162407788,0.032752119535383456,0.05181816333520484,0.08576200835458991,0.14500734271804117,0.23195169289140444,0.392221567103372
0.000021887516923740766,0.000031267881319629665,0.00006253576263925933,0.00012038134308057416,0.00022669213956731494,0.00046589143166248214,0.0008020211558485012,0.0014305055703730577,0.0023747955862258737,0.0037490189702235974,0.006169152984362934,0.009367857243361049,0.014295675339334683,0.021165228865257315,0.03289850133044835,0.05189842941432131,0.0853847669135787,0.14565517155123084,0.2330645337802557,0.3908156852199852
0.00002656764748169958,0.00003125605586082304,0.00006407491451468724,0.00011095899830592172,0.00021254117985359654,0.0004844688658427571,0.0008173458607605222,0.0013596384299458019,0.002320762147666111,0.0038882533490863856,0.005916771374453801,0.009476836137001544,0.01427776631722396,0.021405709856284656,0.032798542217554676,0.052021016571960794,0.08531496727490952,0.14557351736899024,0.23326394488932226,0.3906350605429802
0.00002188454029178345,0.00002188454029178345,0.00005002180638121931,0.00012349133450363525,0.00022978767306372638,0.0004173694469932986,0.0008284861681889449,0.0013568414980905737,0.0023072558193337413,0.0038454263655562336,0.006040133120532234,0.009502580030982258,0.014004542605291999,0.021474986752037212,0.032750214546653944,0.05164438872571013,0.0862969950962998,0.14508981259017606,0.23329857859910802,0.39069531874051344
0.000009375454123559111,0.00003437666511971674,0.0000671907545521736,0.00010000484398463045,0.000242199231525277,0.00040314452731304157,0.000759411784008288,0.0013172513043600547,0.0023907408015075727,0.003945503610331125,0.005975289428081673,0.009347327761188436,0.01415224799951248,0.021499478881008303,0.03254688898993545,0.05132904875079888,0.08606510627858541,0.145883628738267,0.2327206474063587,0.39121113678943836
0.000017198302683873307,0.000029706159181235714,0.00006097580042464169,0.00011413419053843194,0.00020168918601996867,0.0004299575670968326,0.0007598522822147663,0.001305507521912201,0.002464047729980394,0.0038680546218093238,0.006091326114215493,0.009190147561437025,0.014165147483262927,0.021491624426592956,0.032897226070125296,0.05179503375557772,0.08615567903589443,0.14645292824555425,0.23186438981985555,0.3906453741256228
0.000025004805611078373,0.00003594440806592516,0.00005313521192354157,0.00008595401928808197,0.00021879204909693584,0.0004203932943362553,0.0007282649634226578,0.0015143535398209342,0.0023504517274413684,0.0037600976437659112,0.006098046968401739,0.009353360098894004,0.014465280046008843,0.021336913188003317,0.03275629535051267,0.051933418453859084,0.08649318540907083,0.145660806686285,0.23081623499516313,0.39189406714102876
0.00001719897494109351,0.00004534275211742835,0.00005628755435266968,0.0001063209359994872,0.0002126418719989743,0.0004440462621155053,0.0007489371815257991,0.0013305752431700527,0.002259319889989101,0.0037556307098642375,0.006238537274087554,0.009523541487836415,0.014544078627459257,0.02132360184060302,0.0324435209116082,0.05191119700174961,0.08573376299499821,0.14553459886518036,0.2312058201331201,0.3925650394872829
0.00001563802354148064,0.0000172018258956287,0.0000656796988742187,0.00009695574595717993,0.000220496131934877,0.00044568367093219825,0.0007803373747198839,0.0013245405939634105,0.0024317126607002392,0.0038250605582461645,0.006222369567155144,0.009670553758051627,0.014615296801867805,0.021691502454387796,0.03248799390742602,0.0514100023926176,0.08587464247568677,0.14568069970772535,0.23205106752967708,0.3910725651206396
0.00000625148472762281,0.00002969455245620834,0.000045323264275265374,0.00012346682337055056,0.0002500593891049126,0.00043135244620597383,0.0007579925232242658,0.0013909553518960756,0.002395881521861442,0.0038087170703041975,0.006292119378352358,0.009663232517722959,0.014087720833698001,0.021567622310298698,0.03281560620647404,0.05169665295507685,0.08597510658781461,0.14531263675122835,0.23201135269626535,0.39133825533564215
0.00001406718173392082,0.00001563020192657869,0.00006252080770631475,0.00011097443367870872,0.00022194886735741744,0.00045327585587078223,0.000786199156906909,0.001433289516667267,0.0023992359957298306,0.0038997353806813854,0.0061629886196499836,0.009317163368433565,0.014164088985865625,0.02143369590191735,0.032454551280348014,0.05211578228379131,0.08566132165861448,0.14570474235956654,0.23077993144593437,0.3928088566976198
0.000017194055233557797,0.00002500953488517498,0.00005470835756132027,0.0001297369622168451,0.00019695008722075294,0.00044548234014217894,0.0007690431977191304,0.0015349602035776128,0.0024540606106077936,0.003865536235689856,0.006207053939314364,0.009295731497633467,0.014138202689775475,0.021802062036151277,0.03292192648447219,0.052151132619311126,0.08574050106603139,0.14485366295900318,0.23083957008609532,0.39255747503735794
0.00002501199794276317,0.00001563249871422698,0.00005940349511406253,0.00012662323958523855,0.00022198148174202317,0.00040644496656990175,0.0008082001835255353,0.0014147411336375417,0.0024480492986479457,0.003964401673927962,0.006046650502662994,0.009279451236765135,0.014378772317345979,0.02178545020814673,0.03273132580784846,0.05189989573123358,0.08593809843159146,0.14483353733744156,0.23165330869651546,0.3919630197610417
0.000017184519559888832,0.000021871206712585787,0.00005467801678146447,0.00011716717881742387,0.0002218365252276557,0.00044835973760800837,0.0008217324807728657,0.0013497658999767227,0.002305850079126901,0.0037759076160228467,0.006016144075011986,0.009520223836178416,0.014124112849177715,0.021808717550549826,0.03267714505765407,0.052170639154771596,0.08577418603960875,0.14450150052100336,0.23163951252204695,0.39263346513339104
0.000021875170899772652,0.000020312658692646032,0.000060937976077938096,0.0001281260009843827,0.00024218939210462594,0.00042500332033844026,0.0007468808350065233,0.001357823107993031,0.002314080578754522,0.003726591613996983,0.006068797412479779,0.009382885803795343,0.014496988257720764,0.021673606825053322,0.033276822475175584,0.052072281814701665,0.08599598434362772,0.145443323775967,0.23038773740419846,0.3921577512324316
0.0000156244629090875,0.00003593626469090125,0.00006249785163635002,0.00010624634778179502,0.0002312420510544951,0.0004546718706544462,0.000718725293818025,0.0013187046695269848,0.0022983584939267714,0.0038576798922537042,0.006202911774907738,0.009390302208361592,0.014429191496542306,0.021916434122577044,0.03328791822781092,0.05241694816740676,0.08581111274299946,0.14514188574767745,0.2302780216930042,0.3920255866204601
0.000017184063187362525,0.00003905468906218757,0.000060925314937012616,0.00011716406718656265,0.0002265171965606877,0.000370238452309538,0.0007873425314937015,0.001309113177364527,0.0022807938412317545,0.003961707658468306,0.006256561187762444,0.00938406068786243,0.014258085882823434,0.022186187762447518,0.0330761972605479,0.051603741751649675,0.0858859478104379,0.14533030893821236,0.23130217706458714,0.3915466906618677
0.000006251279558784689,0.000017191018786657897,0.00004375895691149282,0.00010783457238903582,0.00021254350499867947,0.00043602674922523215,0.0007470279072747704,0.0013455879250284044,0.0023707977726690936,0.0038742305065568106,0.0060152937554405666,0.00960977950174177,0.014615491608438594,0.022401460298904934,0.0328645394604208,0.051630880695892445,0.08570816839071747,0.14546571251303003,0.2313270372529377,0.3912003863290769
