0.09964012595591541,0.09947143499775078,0.10211426000899686,0.09913405308142148,0.10278902384165538,0.09975258659469184,0.10346378767431397,0.10048358074673863,0.10267656320287899,0.1043634727845254,0.10042735042735038,0.1015519568151147,0.09958389563652721,0.1047570850202429,0.09367971210076471,0.09486054880791721,0.09694107062528112,0.09553531264057574,0.100314889788574,0.09874044084570398
0.0136017157179401,0.016971137696700344,0.02411307201364305,0.030583189064882048,0.03722384434510736,0.043342549288132096,0.04950776465724402,0.05518203663988011,0.05979690447275263,0.06264437611431228,0.0621275936022325,0.06615849719645486,0.06842200459936436,0.06708870571819851,0.06425156972688045,0.06275290044184904,0.059889925324927,0.05719748843699128,0.05139918865145603,0.050737707035993895
0.00986810249656214,0.013315643702426834,0.020552897806873124,0.02958171124582776,0.03782611221940307,0.04612216175036961,0.05369190344302196,0.061416590807847976,0.06697203876224232,0.06926071546164125,0.07065522651120454,0.07215949074522413,0.07297295552413603,0.0709973982039214,0.06639422052642793,0.06078066794496845,0.05513806304997643,0.04760705777536751,0.038413614559728325,0.03653167024978534
0.008914613366510702,0.011914099477997458,0.01951424012116951,0.029394422957293168,0.03839829064452438,0.04861114867606089,0.059007924701809426,0.06643496605631136,0.07399183187731588,0.07564709382522379,0.07827603927190108,0.07753766261866765,0.0758769913179888,0.07070835474535472,0.06434425121034265,0.057260703756795504,0.04834068103751387,0.03846049820139019,0.029919130176074428,0.02748492142915101
0.008478074569397337,0.011517338772948381,0.018945310142548497,0.02840106700141221,0.039046940820046096,0.05070912141365618,0.06250890173689486,0.07173773974338858,0.0786418665282623,0.08197805646416977,0.08309333848326472,0.0814493838187546,0.07813974821663507,0.06971236828446933,0.06142258808193218,0.05131987109077961,0.04175789689676398,0.032649760407488314,0.025019010488961844,0.023481273159603605
0.008311810697685681,0.010747006096795715,0.018213323997683693,0.028092819256098453,0.039172297780801585,0.051949367311575095,0.065327529377572,0.07590279475001815,0.08325461883467317,0.08712318874085426,0.08678190909631353,0.08386011497821313,0.07719965739927298,0.06856197968615484,0.05755736250283483,0.04760300590303694,0.036774533052383124,0.02860804142914705,0.022627941335130002,0.02233510138207247
0.0077791570125910255,0.010314949519324167,0.01762784790970942,0.02768921817836028,0.040218896153161876,0.05339683721234604,0.0667690526974493,0.07903697144574938,0.0862414851564114,0.09092656631199657,0.09039282288920834,0.08450733028083902,0.07740302127407211,0.06658500324131542,0.05415961995832304,0.04376287068071714,0.03435998846623409,0.02628839731778592,0.02088961327119278,0.021650351023212732
0.0073657420855303265,0.010008868130324965,0.017224563759163893,0.027810533645994253,0.040045090883908285,0.05464191797845102,0.0684096422161477,0.08201577796202286,0.08974509415415158,0.09459851992636183,0.0923612887836426,0.08659796590867556,0.07595813319123806,0.06336962020933404,0.05072916806934453,0.041203141741962414,0.03165018399927671,0.024988506056682937,0.020200485150209977,0.021075756147576463
0.0069376652151498875,0.009820589600997416,0.017399920294544565,0.02809251682772287,0.040666235233467525,0.05593823924067756,0.07104936985159428,0.08484243547697135,0.09370692523408908,0.09638327355424173,0.09385682998972607,0.08574552022434524,0.07476591092732542,0.06102220418490205,0.04770627442807679,0.03845239792765816,0.029854811759845272,0.023988417115466884,0.019535149008983316,0.020235313904214514
0.006768989555612583,0.00984851947029273,0.017032331548659026,0.02826769411409025,0.04226795425702825,0.0569572416411504,0.07285935758756097,0.08701429731525456,0.09665892096927853,0.09932362836120494,0.09498556909783135,0.08618113682463907,0.07300524855954636,0.05891534456635228,0.04541955079642412,0.0361018635374518,0.028643846740655076,0.02260606976752361,0.01856155017067486,0.018580885118769312
0.006715334939693291,0.00986325477175876,0.017088464050448574,0.02834662587671954,0.0427680549231863,0.05854175939046994,0.07561828658348382,0.08983167325751724,0.09923109585467049,0.10152126721678528,0.09742351458598715,0.08574415221880598,0.0710601123087758,0.05636072501061528,0.0434382242048774,0.034432717903069315,0.027248434992727038,0.021324343174419665,0.016699663551146875,0.01674229518484224
0.007032939103041079,0.009646463548607709,0.017594052601568783,0.028583228965141295,0.04356877348284323,0.06049397785777945,0.07783052389209476,0.09363039112572172,0.10285213605041782,0.10309626565313867,0.09746623570545931,0.08611922554063833,0.06983778758383594,0.05420680452743365,0.041829768093598604,0.03230369722578477,0.024989841867558007,0.01965912150129673,0.014880200922007288,0.014378564752032886
0.007088727736501017,0.009888297337690049,0.01757187182288397,0.029098057438138408,0.04442401203534806,0.06289062564366209,0.08111172078783413,0.09628443231682102,0.10555975738161973,0.10595357558920314,0.0982881266282076,0.08475495115171229,0.06871056668627519,0.052949599508303954,0.03958944039915701,0.029933479326191878,0.022780488367532898,0.01773005821588817,0.013058616297482697,0.01233359532954675
0.006961510970988808,0.010037565396753904,0.01789986259746278,0.030146965231609757,0.0460918606131221,0.06473911468379467,0.08389224507912883,0.09894451352648018,0.10849578490791417,0.10827874764604324,0.09951566421561427,0.08448297807760473,0.06721301309730125,0.05066432984441853,0.0377106322148571,0.027878681066191475,0.020512469035473355,0.015489606689316867,0.010946510922033036,0.010097944183890938
0.007327965323368338,0.01043311773824391,0.01833935088222288,0.030283739983575253,0.047074564152902454,0.06638579372522724,0.08625747334217743,0.10298998479009847,0.11110679165026625,0.11009603781256025,0.10028168284034786,0.08419547072134459,0.06560991057096253,0.048772112264947105,0.035650130150754585,0.025772603063685597,0.018830149620724337,0.01336009239326747,0.009087065752452779,0.008145963220870772
0.0075838465037209556,0.010248354037567622,0.01875800400643869,0.031053125635078598,0.048067586878752004,0.06921267995909688,0.0896658397876136,0.1052464346889204,0.11394318082844897,0.11115125435079241,0.10065773981374249,0.08329811839316649,0.0644401147093074,0.04663372053638535,0.03324666694623566,0.02386282624894758,0.016877364911726086,0.011478995229047648,0.007924167986554882,0.006649978548456293
0.007708343043766865,0.010567630423846357,0.01881279302070291,0.03223328184794504,0.05014923262127061,0.0703940801982696,0.09289871307959233,0.10887311289443782,0.1156203239239902,0.11245887463977643,0.10153604325415515,0.08325364080985821,0.06267770093364812,0.044300471083266506,0.03047817121329256,0.0216656514240987,0.014945763545452061,0.009810618419339645,0.00629718266169278,0.005318370961598116
0.007815442712131726,0.011152553402586663,0.019605926016159805,0.03284858140738876,0.051603399941977254,0.07357030772904968,0.09482715786200516,0.11137486716472214,0.11717233564088711,0.1140820621484774,0.1012128682322129,0.08157809111498282,0.06106976677090462,0.043013786017794715,0.02880301590176521,0.01974697584361422,0.013221818484900456,0.008208138254476326,0.005010474552527436,0.004082430801435503
0.008072507127971053,0.011467083477171318,0.01999028294529042,0.033971334688606754,0.05309379514914401,0.07572430414381241,0.09725525168450258,0.11396602866531141,0.119315203354941,0.1148338511500646,0.10001694091775025,0.08152097477401456,0.059139784946236555,0.04099382455602009,0.02736757316558629,0.0175274570723537,0.011412744684387507,0.007118381854678888,0.0041281500517816715,0.0030845255903750018
0.008521471971822675,0.011751719209363092,0.02081395849650735,0.03518975509142797,0.054714805060561165,0.0783139545085478,0.0991295081888761,0.11509889342098338,0.12129139701413495,0.11610226404439715,0.10071671609077876,0.07860427796397117,0.058109356231665354,0.039324471555479704,0.025114574077943874,0.015908768246908938,0.00984706972708,0.0056740688513240815,0.0034360259504504,0.0023369442977761545
0.008616352601781861,0.011934253344966153,0.021360976137861643,0.03582504919536131,0.05621167060441835,0.08015022894151962,0.10187101581256727,0.11796538174963546,0.12279098498984252,0.11614563100613272,0.10084253026549575,0.07861705311825354,0.055673546587529536,0.03667203729294962,0.02356760302368382,0.014257102281773203,0.008309080603972565,0.004809682411305063,0.0026778834213224477,0.0017019366096276442
0.008974544552203315,0.012098615006036578,0.021688747779030876,0.03744271609612085,0.058364762266828074,0.08128150515296652,0.10371468519900046,0.11906462403784514,0.1249739528239911,0.11773164489308328,0.09958690371850279,0.07650632210693419,0.054133587415913335,0.03523009796919513,0.021758737137467052,0.012804871259347162,0.0072486705998565226,0.0038764560570222393,0.0022173901286372598,0.0013011658000181335
0.009205410202795283,0.012387135288411311,0.02258802534583796,0.038196577899077065,0.059433481464546155,0.082823288830462,0.10542719104798468,0.12139932396280365,0.12622112989345033,0.11874471101712002,0.0985969608492221,0.07546118343026162,0.05247306091796898,0.03323664318477344,0.020236660649332303,0.011707605180305695,0.006033211240190077,0.003242057198017932,0.0016257916605143786,0.000960550736924999
0.009101363301107931,0.01288275927703008,0.02327366743066515,0.03939377116526951,0.060827497600938994,0.08480065984090858,0.10687519331276617,0.12372968728933866,0.1270510980165119,0.1180131809566107,0.09883972686393165,0.07416389750259732,0.05066499591564821,0.0315946419649301,0.018535819368551285,0.010389321997604908,0.005231142587496331,0.002704396031437612,0.0012054785829282025,0.0007217009937267529
0.009342328593230736,0.013190195230103372,0.023751226230152498,0.040252044773446564,0.06240738891820748,0.08646606413005412,0.10862774742907676,0.1245612116659456,0.12887183656392479,0.11950732093077801,0.09783058293277802,0.07286223908437256,0.04797947381850049,0.02982096643576296,0.017223482129131742,0.009044388342929227,0.004553097548490568,0.0022297975115649943,0.0009572122935218601,0.0005213954380276358
0.00961012999890704,0.013389554785027395,0.024571013110770725,0.04149130463019136,0.06331407716932805,0.0878835062797693,0.11042383096815685,0.12543381809023418,0.13030303510303126,0.11909464877168693,0.09767262831590667,0.0717742229290384,0.046636137700316625,0.02809541384384608,0.015516867227508387,0.007977025659221336,0.003883968807865511,0.0018390243825170713,0.0007207201499097909,0.0003690720767669921
0.009926048957962591,0.013880650136433742,0.024978842883695177,0.042779293708229534,0.06496618815992407,0.08970459129196824,0.11263969628662951,0.12788863843081424,0.1306157314034879,0.11801953572982164,0.09665994384466328,0.06991576699489858,0.04522956459841025,0.026113022501680707,0.01402459761933009,0.007107209237948352,0.003291810020959388,0.0014094198600071199,0.0006153359433701116,0.00023411238976549212
0.010108243894187522,0.014213828722652488,0.02581759947387808,0.04354575822105025,0.0660608676269024,0.091598648650785,0.11451530543685673,0.1291654612340784,0.13097716713065938,0.11786996504640719,0.09574375585919283,0.06834209939720463,0.04351572121229368,0.024813731023329268,0.013066098809111646,0.006057990397642567,0.0028092507663389473,0.0011619579703202744,0.00047110676891896826,0.00014544235818974855
0.010424446447998557,0.014465064209347898,0.026402176470309593,0.04408205027798,0.067975222597143,0.09347737869857059,0.11682580184709446,0.1301429453403419,0.13116454740817818,0.1178410879825175,0.09460950958363794,0.06610096965352374,0.04173252342026688,0.02344158315161869,0.011886584801656037,0.005505914081213418,0.002456897708737618,0.0009773905409438215,0.0003536922151396057,0.000134213563780654
0.010824448475719983,0.014984661680726133,0.027007441018912788,0.045437106575662974,0.06869798746725905,0.09549070780462315,0.11793217668354439,0.1322710974910836,0.13129853910995123,0.11650017919703938,0.09303089293805784,0.0652008822493886,0.04039906470197243,0.02167100055101116,0.011054957442676676,0.004870686048365833,0.002110893759048661,0.0008462520978684231,0.00025734905215028564,0.00011367565493754946
0.01099043349224892,0.015743693366589834,0.027938622801755443,0.0468711520853724,0.06929719319294034,0.09669750260474219,0.12012281754175484,0.13245666656142455,0.13055757269598714,0.11679506204022354,0.09172639156379252,0.06375146023426893,0.03893852808385691,0.020956335048779712,0.009995895557730554,0.004345972910681021,0.001853313547816752,0.0006219808669844977,0.00024468790452435813,0.00009471789852555802
0.011532616568904544,0.015678235579100527,0.028823651016836555,0.046749074060923414,0.07152179093266173,0.09804617780870818,0.12133392037949695,0.13376446508574508,0.13184867464860078,0.11533879033772511,0.09076491168269213,0.06196650996321492,0.036974439820666886,0.019714966994434105,0.009615248050675339,0.004030419090993734,0.0015007551117991547,0.0005554845419067323,0.00017358891934585378,0.00006627940556841691
0.011763463102993754,0.016236448604024897,0.029229706804235537,0.04825526762233308,0.07252322420741285,0.09982782868638965,0.12220221615383156,0.13388526957739194,0.1313058531939986,0.11478402906100411,0.08971512900235241,0.0604412757074475,0.036160705839319386,0.019019254176573352,0.008832451454626866,0.0037319551219389137,0.0014016510787510329,0.00048245807660046806,0.00016081935886682263,0.0000409931699072293
0.012062142798631372,0.016967655750823887,0.029666223479669063,0.04911971720048645,0.07458144033673808,0.10123409725329079,0.12323486600419661,0.13517886061033776,0.13054587615548938,0.11440053182439709,0.0869145363234803,0.059092999955891345,0.03508843786035198,0.018290915506713967,0.008342837699040321,0.003459379076112641,0.0012271658926647298,0.0004080050913994415,0.00014020252175502048,0.00004410865852966938
0.012482105989237607,0.017236519057810446,0.030358006201682247,0.05057095477244489,0.07604698664071347,0.10183483493414845,0.1245470393975329,0.13469682151974283,0.13166369811130585,0.11309644734003262,0.08620149325421388,0.057574225695248255,0.03351396638366965,0.017447546335448327,0.008069431124003724,0.0030598955257492653,0.0010897826576523372,0.00035906133807042326,0.00010708846924907361,0.00004409525204373619
0.012615684441023168,0.017816860057836312,0.031155104912938544,0.051933045883373385,0.07707468504079554,0.10343003678918704,0.12537603838543163,0.13606332084988215,0.13051109736304803,0.11258246870085527,0.08505275950387335,0.055901618440875205,0.03234992703556603,0.016540179239060447,0.007353114802098732,0.0028115313715581965,0.0010216594961597251,0.00028965384790969104,0.00009602654740484322,0.000025187291122581823
0.012859490873630653,0.018376992584087634,0.031525884915735415,0.052444577261538707,0.07812738382654788,0.1055780558198791,0.12638035844887108,0.13570097279783574,0.13103909278934248,0.11110499453440181,0.08357882650854441,0.05485887746836635,0.03144095187914344,0.015833719988361025,0.00714381207779237,0.002796498871491596,0.000869777208062347,0.00025794477779787507,0.00006291336043850613,0.000018874008131551834
0.013086529701560408,0.01833719095130275,0.032499972464317683,0.05317218927555983,0.08006117641875637,0.10662760271202881,0.12753269272224035,0.13579497088298265,0.1299998898572706,0.11086967125542266,0.08296422406807452,0.05355139495766591,0.030202709825832876,0.015168227284242199,0.006484259817257478,0.0025663255913484454,0.0008622602232121083,0.00017937530190908823,0.00003304281877272677,0.000006293870242424147
0.013621866664151668,0.018890790857347652,0.0326949949935789,0.054207672949450086,0.0809075376110333,0.10728831169647729,0.1286453740511771,0.13577854170891085,0.12958849890676108,0.11011454251371067,0.08079121887884458,0.053028766879970074,0.030227151621467406,0.014701744623795355,0.006169608430278708,0.002265071528160921,0.0008047998767650185,0.00023420933913669484,0.00003772499422336026,0.0000015718747593066776
0.014040718713615907,0.01928474778942068,0.03353629755498914,0.0545706284024041,0.0819613581295824,0.10863148620157963,0.12914188615123195,0.13581453160892418,0.12889486767991445,0.10892098555649961,0.08041945939142205,0.05181094433430881,0.029366877497718623,0.014393152710909718,0.006074766355140188,0.002133484376475031,0.000752068976368042,0.000196670757418421,0.00004877434783976839,0.000006293464237389471
0.014376027588895283,0.019636968365194483,0.034025570655676386,0.05552202301799125,0.08230928107287354,0.10921599879282863,0.12959015903853832,0.13638992892149931,0.1291814812369734,0.10824617493296108,0.07899113169170605,0.05114131135275496,0.028329230836940715,0.014045941672246692,0.005869241965551603,0.0022178629923388636,0.0006806057233754275,0.0001713303091176017,0.00004401145555314541,0.000015718376983266216
0.014567806546318672,0.01986590514030296,0.034843917481053525,0.057288932616232816,0.08311146595920574,0.11015518666721158,0.12914567177878436,0.13746923456541765,0.1284667104638626,0.10729946280329297,0.07786208912624595,0.04968362288728299,0.028092024404887266,0.013544649564804657,0.005654867618260288,0.0020463139630280416,0.0006946780120264162,0.00014302194365249752,0.00004715009131401017,0.000017288366815137063
0.014858750056895501,0.02067229291215492,0.03543530157753562,0.05765358253300332,0.08411116674226575,0.11158580704499683,0.13024596120433252,0.13596376266807716,0.1281474982460491,0.10581464152696533,0.07785030754960112,0.04896308933927453,0.027287866112726867,0.013334735447700872,0.005381921827938595,0.0018944239271863174,0.0005838655351394449,0.00016009216286081552,0.00004237733722786295,0.000012556248067514946
0.015066472503805496,0.020666720077162463,0.03623587960017531,0.05801950739813913,0.08480958372802119,0.11145513753988114,0.13089027441998563,0.13638527189869598,0.12771392081736913,0.10517312069672426,0.07627175888617123,0.04959635803254583,0.02685291220728299,0.013077716984066389,0.005202810648796143,0.0018787927342874956,0.0005026870192073572,0.00016494417817741392,0.0000314179387004598,0.00000471269080506897
0.015623258260262039,0.021046103605548448,0.03624074670099776,0.05883488896041198,0.085931845478738,0.1123238635025552,0.1312849819840329,0.137119172286026,0.12673663717647793,0.10445492868189063,0.07578010315024297,0.04784004647256,0.026666771334594584,0.012373319098495136,0.00530038386962563,0.0017913915862686149,0.0004898459026431267,0.00012560151349823764,0.000032970397293287384,0.0000031400378374559413
0.01594043879766239,0.021315137216490147,0.03674855861074092,0.059132670600368226,0.08645353099163497,0.11218898092641343,0.13240217938997806,0.13721335072575694,0.12587060225191074,0.10376119009385314,0.07527089327676087,0.04740848178897086,0.026327231857645843,0.01261264655236014,0.004947736394902199,0.0017329635088743744,0.0005085871167348705,0.0001224376392139503,0.00003767311975813857,0.000004709139969767321
0.015858645134767892,0.021292353267913344,0.03737537618582873,0.06037174534533781,0.08693462290410756,0.11318682353236534,0.13224952064746326,0.13736156832225047,0.12581631148029715,0.10267872553419172,0.07406035919274208,0.047026759011984595,0.025972905205878388,0.012651455003624565,0.0048374594786276225,0.0016914632883427104,0.00048013707442752306,0.00012081880631019366,0.000025105206506014262,0.000007845377033129457
0.01609591995169499,0.022016420567270215,0.03787552049434219,0.060691796773915306,0.08761399904330984,0.11375987076841036,0.13236984700799065,0.13616210409102672,0.1269418065760686,0.10275479717384317,0.07296095606282788,0.046405746414372305,0.025600087827293894,0.01185041129835402,0.004753652282333383,0.0015652078448593577,0.00046893501564423674,0.00008939563843385112,0.000021956823474980982,0.000001568344533927213
0.01646340506348982,0.022167286653796046,0.03803581799061387,0.0612782721978936,0.08835208990598169,0.11435230964825539,0.1323962894947497,0.1367832870304971,0.12514636405016408,0.10261336346941657,0.07304861013011882,0.04577231561268855,0.025206008381598154,0.01169185854875924,0.004548665065687244,0.0015821443706738234,0.0004426237227480341,0.00009417526015915617,0.0000204046397011505,0.0000047087630079578095
0.01686528164220446,0.022596309180623046,0.038644441028761786,0.0617316674561076,0.08874466343152726,0.11536398455414361,0.13298211053637024,0.1364796998660564,0.12462083308499926,0.10162300692303108,0.07227776191925114,0.04581528336747273,0.024478420030678415,0.011262865011872982,0.004463739566047975,0.0014868675715437388,0.00040935910988704194,0.00012233720525359876,0.000029800088459209944,0.0000015684257083794711
0.017062672932495936,0.02296198465331937,0.03916822998688693,0.06230275499896477,0.08900102269376282,0.11557380649128199,0.13288117302347172,0.13653275443428722,0.12494745361801449,0.10092513003268858,0.07238224904789094,0.04469265856458971,0.024011343744314007,0.011208849124436107,0.0043307630048374035,0.0014807099878908052,0.00043135089689615586,0.00008783872809521716,0.000012548389727888168,0.000004705646147958063
0.017003933031821804,0.02320771049874858,0.039836845043564446,0.0629786913730484,0.08998300077155168,0.11501295328662205,0.13350823929393607,0.13696924456934242,0.1254524241150678,0.09977480726889516,0.07122582628168539,0.04418074382601823,0.02350566745494577,0.011085566965041807,0.004408194757212127,0.001332965330355856,0.0004140033496634657,0.0001066372264284684,0.000010977361544107037,0.0000015681945063010055
0.017257164356932343,0.02347306703455194,0.03945726468928324,0.06346805041700632,0.08985545870696685,0.11594500533015613,0.13324292970464663,0.13690662820593213,0.1253542986141594,0.10058474948266131,0.07027340565623627,0.04387972659434375,0.02337273468363956,0.01075123847745658,0.004264124913776885,0.0014610898601617865,0.0003558663071424094,0.0000768169561673042,0.000020380008779080705,0
0.017744867575615112,0.023201692524682647,0.03962701770882308,0.06429399780598652,0.09071932299012693,0.11668860680144179,0.13296975395705998,0.13724024447578748,0.12376430026641592,0.09947970537533302,0.07068954709293214,0.043773703181319554,0.02311706629055007,0.010503055947343675,0.004214073029305751,0.0015154364519667763,0.0003322363265945777,0.00010970067387556807,0.000014104372355430183,0.000001567152483936687
0.017949216240020816,0.023675788853400378,0.0402004143694031,0.06358940443017938,0.09156717517294125,0.1163384413817746,0.1343785555997856,0.13701773137453416,0.12328430066543589,0.09948000087763563,0.06973598839013415,0.04325019825162441,0.02327615119154712,0.010456401881901587,0.004070035324834893,0.0013070502352376982,0.0003228445425167456,0.00006425546719993479,0.000031344130341431614,0.000004701619551214742
0.018085988374188754,0.024334587650435776,0.04020606115697041,0.06393882735717317,0.0914204396744522,0.11771094703814518,0.13439895433523016,0.1366902641275235,0.12361005104511623,0.09873319719212682,0.06976427092622518,0.042933064603338546,0.02264196482165554,0.009972369499563526,0.003820939311635371,0.0013086482055847145,0.0003306883489561378,0.00008619838479899322,0.000012537946879853556,0
0.01862509778960224,0.024358429659684332,0.040390437235145,0.0640073120754285,0.09250778789337287,0.11798560474344241,0.13338109803417425,0.13689760429192488,0.12404346483258574,0.09820976437997078,0.06891756512905092,0.04231252224272516,0.022619773645486636,0.01020460955492601,0.0038504410918571634,0.0012887062611997506,0.0003119860656675795,0.00007682068953623819,0.000007838845871044715,0.000003135538348417886
0.018452393076553067,0.02463191573036349,0.04078578960480198,0.06430839954436987,0.09243274833643304,0.11830401559295371,0.13512065267290985,0.13640074141737324,0.1232034495023009,0.09744342618807751,0.0689963132817433,0.04248891869321271,0.021830448563778033,0.009963383508007215,0.0039483765435097,0.0012816555605519577,0.0003164968499162538,0.00005953901137038437,0.000026635873507803522,0.000004700448266082976
0.01875533222188305,0.024661672967493997,0.04135377775690548,0.06460657008007135,0.09267303793802491,0.118270833822528,0.1338280069817863,0.13661915608049408,0.12345238374777903,0.09811757891688389,0.0686907585256847,0.041749829760255486,0.022053678352548903,0.009932608542512978,0.0036349120623664494,0.0011678055118541654,0.00033656593170059703,0.00006574776340197715,0.000021915921133992374,0.000007827114690711563
0.018638797286622454,0.02464640828558173,0.041697491003473225,0.06553985430015173,0.09226455431143654,0.11820871942121298,0.1361939362782591,0.13663749326044158,0.12257689365917268,0.09715308515040187,0.06813536794854111,0.0415188143392725,0.0215947989417326,0.009864832670871314,0.003750642609055459,0.001145724925708124,0.00032600654520833084,0.0000909056712600153,0.000006269356638621744,0.000009404034957932616
0.01880994535159852,0.02499174247156044,0.041909109267060214,0.06554364279888732,0.09278644231235841,0.11874560707314052,0.13523874823695894,0.13706088342248332,0.12268417419236677,0.09700208668917726,0.06780722310667787,0.04133773526129013,0.021366256999331572,0.009561513499297916,0.003639574146343754,0.0011850140338848267,0.0002692502164176885,0.0000532238799895431,0.000004696224704959683,0.000003130816469973122
0.01890530137072041,0.024995305752018526,0.04208706265256307,0.06553326657069537,0.09292107404393814,0.11877699192589347,0.13501752519246418,0.13690774237967077,0.12247449458596733,0.09735400888777619,0.06823245916004256,0.04098234962758965,0.021349439819740884,0.009422920448144204,0.0035973587031357577,0.001129749014207924,0.00024097139638229974,0.00006258997308631158,0.000009388495962946736,0
0.0189514373333918,0.025141196039306223,0.0420972506319756,0.06590088241651187,0.09271168442254503,0.11874563412135813,0.13504230399358472,0.13772056497210539,0.12239496048390382,0.09685750711853576,0.06791662620560898,0.04040884985136435,0.02162499960844138,0.009384877066254849,0.0037511316044192868,0.0010258835911877379,0.00025372998743879946,0.0000657818485952443,0.0000046987034710888775,0
0.018724921281776816,0.02528842482174939,0.04257826438055176,0.06572110900361196,0.09247904498989025,0.1187330591497806,0.13583040683080122,0.13718567484835395,0.12291623629864723,0.09666691706260519,0.06746605570057654,0.04051093291266815,0.02124140046448447,0.009582339574452101,0.0035775319724314068,0.0012081604036382535,0.0002535258878100998,0.00003286446693834626,0.0000031299492322234534,0
0.018878851053972672,0.025375792748968565,0.04263314739339756,0.06615267108665303,0.09288075427755764,0.11866192112891208,0.13596466515160047,0.13669559065667475,0.12324624833311419,0.09609400922813015,0.06764425996531626,0.040286986082677535,0.02107945332406764,0.009358037676314258,0.003566979070801172,0.0011112571918687273,0.00030207413807135827,0.00006260603897851985,0.00000469545292338899,0
0.01897814789305616,0.025571348068373922,0.04240185335921358,0.06628263728007013,0.09410024419259909,0.11890927305741655,0.1348318827875524,0.1360559764573289,0.1229227975705967,0.0974782418132866,0.06695416692755618,0.0401994239559201,0.020969256777909957,0.009520380690000626,0.003392085655250142,0.001073821301108259,0.0002645419823429967,0.00007670152150773275,0.000014088034562644794,0.0000031306743472543985
0.019378262495052978,0.02533815756335713,0.04254520369231923,0.06684311710333456,0.09450891872486399,0.11929019370441109,0.13441988008253125,0.1358762218958098,0.12257361096120123,0.0965518643834481,0.066721103503511,0.04092461280235517,0.021017624708066823,0.009232362386648582,0.003397609472009612,0.0010418084292626157,0.00025184858425117293,0.00005944252299096003,0.00001877132304977686,0.000009385661524888429
0.01936795994993742,0.02556789737171463,0.04288016270337923,0.06665050062578223,0.09449155193992494,0.12049906132665837,0.1342255944931164,0.13609042553191486,0.12188360450563204,0.09643460575719648,0.06669274092615769,0.0396229662077597,0.021140488110137676,0.009583854818523155,0.003430851063829787,0.0010826032540675848,0.0002784730913642052,0.000057884856070087624,0.000014080100125156447,0.000004693366708385482
0.019147068075855818,0.026091284280905055,0.04283909983425908,0.06662660087111806,0.09437842456909708,0.11974664644596052,0.1344363947670315,0.13615171163895712,0.12195496041155077,0.09616260452712187,0.06705229994882221,0.04044610759231174,0.020968809717207472,0.009176006222718872,0.003452544725791888,0.001014165449824634,0.00027388727425819575,0.0000626028055447305,0.000018780841663419146,0
0.01960983762534898,0.026182443006121908,0.04280174518321918,0.06670724989671621,0.09412127395871155,0.11998917085018214,0.13498097074251655,0.13644885261088927,0.1225149292036506,0.09517445572567824,0.0662205641173304,0.0404794246153461,0.02076160847302728,0.009259549056674641,0.003276913254128222,0.0011063885724301107,0.000295767242134782,0.00005946642963556469,0.000009389436258247054,0
0.019540053588420894,0.026229215705914754,0.043534331647217914,0.06739714278559623,0.09427743276406068,0.11922015074873542,0.13606982771573095,0.13695879451094306,0.12090730956077526,0.09523213301948213,0.06592596534281564,0.0396544924124806,0.020871938698853103,0.009243376571342717,0.003535521109831223,0.0010298242099464115,0.0002817148294686233,0.00008138428406871335,0.000009390494315620774,0
0.019739013847191213,0.026226902443870454,0.0435597497461635,0.06682666057563391,0.09427854897831792,0.12075889679297742,0.13587644381726277,0.13524283039029023,0.12145978275664077,0.09554264687706808,0.06602095461294041,0.039909823511282236,0.020601041003393345,0.009164709765938505,0.003394916386494803,0.0009856208864017172,0.00030976656429768253,0.00008135283506807825,0.000017209253572093475,0.0000031289551949260864
0.019939314450258015,0.02645652354027179,0.043669521690941404,0.06729655411753485,0.09518658227175304,0.12090681282056491,0.1350917865031711,0.13512930461738554,0.12116631311054867,0.09543513977842429,0.06555039855180078,0.03995679163846295,0.02053647776817244,0.008944943730644946,0.003323479617502827,0.0010239318671045861,0.00028451236612677056,0.00007972599270585328,0.000017195802348321298,0.000004689764276814899
0.020113908966656137,0.026625673617344685,0.04342583875719751,0.06763853138126351,0.0952150102117731,0.12078979385667238,0.1361528044062315,0.13550068964654444,0.12082888946576632,0.09468956522555039,0.0652333695098036,0.03983217036928149,0.02053926919359833,0.008904415927238377,0.003183946404611405,0.0009883369978950925,0.00026741396620262776,0.0000516062040040159,0.000009382946182548345,0.000009382946182548345
0.020353333239503148,0.02655863683491984,0.04397664879201442,0.06864304335111417,0.09581314029334446,0.12056554586498147,0.1353281632895616,0.13542512115823993,0.12025590621984728,0.0949827430632119,0.06486794181902343,0.03955881042078149,0.02041275902998344,0.008860698127931214,0.0031792797906961094,0.0009195359158530806,0.00025334152783707334,0.00002814905864856369,0.00000938301954952123,0.00000781918295793436
0.020431262379681615,0.026889411043731243,0.04435189484364277,0.06840853770067395,0.09601552081818854,0.12000337680975899,0.1361354600981464,0.13506613700780262,0.12076628568123228,0.0940347717604904,0.06539442232321385,0.039039672824654446,0.020440642406789892,0.008560838074155367,0.003204842595328435,0.0009614527785985295,0.00022824732630143953,0.000053153486946910614,0.000007816689256898619,0.000006253351405518896
0.020677141209401777,0.027013129906523072,0.044104982987854716,0.06859403254266325,0.09576032645814483,0.12020405196948598,0.13591274027603906,0.13525163440063634,0.11993367060673264,0.09468036390518203,0.0655245007712902,0.039080265755184515,0.02000665794569555,0.008819433699520344,0.003214881290078567,0.0009299243401053703,0.0002141170329318246,0.00005939012592269594,0.000009377388303583569,0.000009377388303583569
0.02077050616279797,0.02672996308577865,0.04401082400050053,0.06860414190076958,0.09560626916098351,0.12138678596008257,0.13488706750922858,0.13583651379590816,0.12072201714321462,0.09410467371582308,0.06489394982168555,0.038924169430019404,0.020130763936682724,0.008782769192266783,0.0032706625789901767,0.0010526809735343801,0.00022523931677407232,0.00004692485766126509,0.00001094913345429519,0.0000031283238440843398
0.02065645514223194,0.026997499218505795,0.043704282588308836,0.06899968740231323,0.0962738355736167,0.12075179743669898,0.13582213191622378,0.13556423882463275,0.12002344482650829,0.09494529540481396,0.06435917474210691,0.038290090653329154,0.02011097217880587,0.008916849015317287,0.0032854016880275072,0.0009987496092528911,0.00023757424195060956,0.0000453266645826821,0.000014066895904970303,0.0000031259768677711785
0.020578911893356863,0.027117435384969062,0.04364593449591125,0.06884294250759644,0.0969987848761653,0.12071481184346958,0.1360156761921741,0.13452687581809739,0.12010646799313775,0.0945575901451424,0.06498488523569806,0.03868222400502939,0.020017484021199766,0.008828023226536927,0.003144934403643183,0.0009336279656762705,0.0002298882930559663,0.00005004371005299943,0.000021894123148187246,0.0000015638659391562318
0.020593824821990094,0.02703281383820008,0.043997674462219395,0.06840331826734931,0.0968114501478467,0.12067790676593963,0.13515000343829509,0.1359923857392022,0.12040909460312699,0.09432806336465308,0.06455399061032861,0.038685508523846154,0.02001712896107224,0.008808286916349403,0.003236685983633715,0.000968974075254903,0.0002453692416371285,0.00006564017929146114,0.000018754336940417472,0.000003125722823402912
0.020575713783540995,0.026898410342537978,0.04424481506073506,0.06910908877865873,0.09629809006757026,0.12030465179861738,0.13504823653478107,0.13585595438034606,0.1201827910791704,0.09421395930164432,0.0651501777135492,0.0386423466000078,0.020158575166972618,0.008677108151388509,0.0032433699175877825,0.0010967464750224587,0.00023590985431394773,0.000053118775143537866,0.000010936218411904853,0
0.020930461388523156,0.0269201874854552,0.04413967385277614,0.06893885793806608,0.09661186106334427,0.12076599772281077,0.13560989780761967,0.1354724542883159,0.12051766227315962,0.09399731048022453,0.06485772252964797,0.03853416486662511,0.01962943352965892,0.008626142694486484,0.003120592631465507,0.001013645954865423,0.0002702014640858523,0.000034360879825946524,0.000009371149043439961,0
0.02060159211879319,0.02723854590234129,0.04434116474085095,0.06926216826951628,0.0968429540773431,0.12103884657338151,0.1360802122825057,0.13494410081543734,0.12039343524477188,0.09405815265462525,0.06479898484455433,0.03853402552265816,0.01937327903335198,0.008257514431897383,0.00308797284584202,0.0008891986585445895,0.00021722076192917048,0.0000343802644779982,0.0000062509571778178534,0
0.020486429635232468,0.0271266645517099,0.04454536504101506,0.06980920068699628,0.09707807784812006,0.12180119302314313,0.13527700984705116,0.1349081947281317,0.11957580010220552,0.09446667927305913,0.06419258400311306,0.03839271621395652,0.019698790567709606,0.008404608938765748,0.0029708370384145953,0.000976734954765451,0.00024691859656470605,0.000037506622262993306,0.000004688327782874163,0
0.0205844082725487,0.027137262752261433,0.044894090857907853,0.06984185569332019,0.0970698262164225,0.12204886959350407,0.1353453776571121,0.13466194152163843,0.11945118670787085,0.0942453739036871,0.06430242596369184,0.03842412451361868,0.01940364332453363,0.008224692531935395,0.0030840642085903382,0.0009414841042451237,0.0002877625833573135,0.00004691781250390982,0.000004691781250390982,0
0.020826557418063545,0.02749093069802352,0.044567800850637995,0.06974293219914937,0.09664435826870153,0.12198367525644238,0.13519514635976984,0.1357064673505129,0.11937859644733546,0.09356861396047035,0.06433106079559668,0.038494495871903935,0.019384851138353764,0.008487615711783842,0.0029897423067300464,0.0009225669251938948,0.00022360520390292705,0.000057855891918939185,0.000003127345509131849,0
0.021086054404238132,0.02697409418677112,0.0450005544440644,0.06955383651865349,0.09758059352065733,0.12224476440812705,0.13545458946931108,0.13587471750684468,0.119005561620601,0.09318720999061351,0.06382822541977663,0.0378099615637509,0.01969291607903405,0.008505640492221382,0.0030439760042856186,0.0008746159889173662,0.00024364302548412342,0.000028112656786629617,0.000010932699861467072,0
0.020782948414702213,0.027541236815240625,0.044958329359862055,0.06991225012076752,0.09765203022235283,0.12244023768914376,0.13644770104071074,0.1351923446711451,0.11904780515868611,0.09271033472522078,0.06375897157704338,0.03779201105589071,0.019200855455797538,0.008446688000950504,0.0030172326192549463,0.0008754664594729377,0.0001875999556013437,0.00002813999334020158,0.00000781666481672266,0
0.020853089453629688,0.027414594975449045,0.04558371621801072,0.0702127958731255,0.09705560251024455,0.12166281048028658,0.13583253788097738,0.13474832720665772,0.11965217771681481,0.09362487248026471,0.06375752425023082,0.03758024174461058,0.019411120502048906,0.008492462861097616,0.003015168013597939,0.0008483089281780733,0.00020621874497146528,0.00004061884370650074,0.000007811316097403988,0
0.021087251826181014,0.027385290195912914,0.04570571950672401,0.07041328825132125,0.09788142680503907,0.12137597053724813,0.13536014806408397,0.13468798214227098,0.12002538598737265,0.09353266960856493,0.06317109123792643,0.03732396677937169,0.01942403196383434,0.008294214839860375,0.003106031829401164,0.0009551008795994517,0.00022197107185453708,0.00003907941405889736,0.000009379059374135368,0
0.020928855638230905,0.027704137186563164,0.045992866973587836,0.07056634605019985,0.09762529271809549,0.1219909985768316,0.13571496638916708,0.134315231026634,0.11956645696672971,0.09205603315623143,0.06312868973209751,0.03784596974634484,0.01972752026569976,0.008470273588899593,0.0031072250402658227,0.0009748156989069249,0.00022183305968715285,0.00004530393472484107,0.000012497637165473402,0.0000046866139370525256
0.021467223953758094,0.027796100449226754,0.045815188678360534,0.0710775502293026,0.09740748961338987,0.12225251107436155,0.13564803381236268,0.13488056570683657,0.11884657828018368,0.09234782717431061,0.06255881056511287,0.03775911817758368,0.019371145074918012,0.008510924306699637,0.0030651832076102835,0.0009143968263396301,0.00024540222518858466,0.00003126142996032925,0.000004689214494049387,0
0.02128889527725873,0.028028972645972504,0.04604625874147727,0.07042865267197039,0.09834513445782529,0.12191978151775167,0.1351015230012561,0.13488435314630687,0.11928249579721648,0.09191128220832052,0.06293863623580584,0.03728447063676076,0.019585908644922604,0.008568053845625045,0.0031559935755219887,0.0009358614612562728,0.00022966883940679812,0.00004843356477286221,0.000012498984457512827,0.0000031247461143782067
0.021260812733374664,0.02781677658343392,0.04648674986296192,0.07109269708105002,0.09830978568963337,0.12170854852084766,0.1359792482973703,0.13463619710369443,0.11878506964345113,0.09157578947204031,0.0626455297478031,0.03718690119047433,0.019661644800439776,0.00859552763952506,0.0030218651857705295,0.0009619994596561478,0.00022488299056896974,0.000040603873297175064,0.000006246749738026933,0.0000031233748690134664
0.021157805611879858,0.027929740588806855,0.046302226693452395,0.0714341505478472,0.09803293644222687,0.12196668864095779,0.1354371373851427,0.1348044652592706,0.1191141965376432,0.09147345432732114,0.06252362757013288,0.03736046064779377,0.019544101152556777,0.008571535690518668,0.003174295703140866,0.000885740976220901,0.00022182578240452906,0.00005623752229973974,0.000007810766986074964,0.000001562153397214993
0.02097108180111749,0.02808429035008542,0.04679413702959906,0.07078071953501008,0.09918045843106515,0.12251584270048942,0.13546641097636009,0.1344107514858876,0.1192723445322773,0.09166591188054182,0.06226985529969175,0.03653112790033076,0.01909556841641707,0.008524918873505134,0.0030857738952273558,0.0010181804553078125,0.0002795311372700897,0.00004372554102548887,0.000007808132325980155,0.000001561626465196031
