0.09962071826478605,0.09802062344435226,0.1025245940500178,0.09950219272253172,0.09932440440915016,0.09482043380348464,0.10116155031409266,0.09944292995140451,0.09582790091264666,0.10128007585634706,0.10003555766267631,0.10163565248311013,0.09778357235984358,0.09369444115206829,0.1043617399549603,0.10210975465212754,0.10228754296550908,0.10252459405001775,0.09938366718027734,0.10602109754652132
0.013089333064722507,0.016868034040977673,0.025868311726496094,0.03325692444231493,0.03811369860776104,0.04202851993618675,0.04545875281088527,0.05133915202465414,0.0539091042736346,0.05799271483875183,0.062038211705261324,0.06375332814261056,0.06426514066677196,0.06555011679126219,0.06385133479617339,0.06614904634081267,0.06492396317127752,0.062043656519348137,0.055232194096732565,0.057377450846940826
0.010065304243573488,0.01414295480231811,0.022311996949491406,0.03114404377892057,0.03877031525357352,0.04538662104644812,0.050721575821284164,0.055517195181020884,0.060752527490647495,0.06566494560269875,0.06939907041934185,0.07136060240674134,0.07144648384226673,0.06861926698477153,0.0663451265720597,0.06383395339729782,0.06019258053102211,0.05186551654248211,0.04247008749600652,0.04032648686529324
0.009705617319734369,0.012888210343857799,0.02079734142995712,0.030973603705468086,0.04027458115468722,0.04813492587341947,0.055025282817441415,0.061858244035149154,0.06774991534130369,0.07202015737908155,0.07613256116949534,0.07735509013998822,0.07606368629791825,0.07060535272543605,0.0645472338129703,0.059252478060483615,0.05112524321439023,0.04198497379885095,0.03324647446751115,0.03032503199811742
0.009273088893484584,0.012237311416980066,0.02016233011890081,0.030523066553306215,0.041458264717071217,0.05133900646205616,0.05820190925547208,0.06583331418460904,0.07335237993111567,0.07757275876947745,0.0820459007687575,0.08161696934416894,0.0784867912099696,0.07127665821569634,0.06270824237689285,0.05324366624028841,0.04325569163915634,0.034743445391668015,0.027492461785529183,0.02520227435781561
0.008822480780927034,0.011823895267412513,0.019502203289904485,0.029370984617750742,0.04185202187676957,0.0521985128084431,0.062060303264038226,0.07031652339262366,0.07811833682488561,0.08288844199090717,0.0863675660812199,0.08458955423868231,0.07840263229643163,0.06967569343627004,0.05931522076009421,0.04817410068254217,0.03891585553129464,0.029823061023323872,0.02401597647338458,0.023771295944595008
0.008313133800839092,0.011357106130720142,0.018972437899939933,0.0290009116794345,0.04144036709139694,0.05371131303442346,0.06386940948233029,0.07423490219969668,0.08282240398200837,0.08733327284275477,0.08822766925479929,0.0855768856857687,0.07769582744630381,0.06877994823734776,0.057107426946824476,0.04512165087430491,0.03467622417808428,0.02721859998876604,0.022251891410769914,0.022292938589100458
0.007942624879319158,0.010792315368451797,0.018412448583876227,0.029024249750525317,0.04182047558393301,0.05468566189892827,0.06727500628757332,0.07786449671017937,0.08683747231439487,0.09121849114466282,0.09016988617464039,0.08625130822090073,0.07691933246253822,0.06592216389878225,0.053633000429988885,0.04210848700703398,0.032318126871060136,0.025495095692809455,0.02033320082103538,0.02097615589936637
0.007830122237122653,0.010737957183239914,0.018353899142314122,0.029211488552932444,0.04182111122902818,0.05583544780079305,0.07041707267657814,0.08237064765414709,0.09085295848568756,0.09336330570857976,0.09353696539348393,0.08584770045633904,0.07512325013748058,0.06311564770238591,0.050791598730354756,0.0389981765733085,0.03003347772814541,0.023768222207214605,0.01837126511080453,0.01961968529005991
0.007702244319501883,0.010638910831281073,0.01776869104595511,0.029439152455740906,0.04251475303192232,0.05827238511221597,0.07258770503229403,0.08603317689698436,0.0939157102365132,0.09767761721109613,0.09477626504344593,0.08594396171181636,0.07317317968495886,0.06065517401607733,0.04773941731332186,0.03658380186794293,0.028219878258445234,0.021653268900144046,0.01729845267413225,0.017406254356210217
0.0077928448662988765,0.010456587487803957,0.01777331315838357,0.029465285680534848,0.0442610503838711,0.05927864334884928,0.07468218141944842,0.08843373015944579,0.09726718402547961,0.10030244389818983,0.09660169924055376,0.08615953960716559,0.07222042875976362,0.0581676985588377,0.04487423419653984,0.03442666411774573,0.026866468403900584,0.020390165253037516,0.015320577907708625,0.015259259526441745
0.007663607945951397,0.010492349660073345,0.017651772872738464,0.03009363683485208,0.04499804517849026,0.06143977469134166,0.07791688558898509,0.0918146935352903,0.1002779207775413,0.10189308099329704,0.09776230431882875,0.08635003865416287,0.07156946515729677,0.056157333941893144,0.042365670149964,0.03237042894621851,0.024193790920782852,0.018460237515236108,0.013873040976950801,0.012655921340105333
0.007450357149094464,0.010469969786409121,0.01828358860615798,0.03023629473095932,0.04561204352154247,0.06338042927749347,0.08033322272481179,0.09437642990621561,0.10478003457971669,0.10549957211966675,0.0989661013989067,0.08527567718611921,0.06978990202413593,0.05382036011806004,0.04074468642484152,0.029790949894339745,0.022029724584781436,0.016308353271974708,0.01192476291936639,0.010927539775406484
0.007664603983934244,0.01081309120584813,0.018379142871468763,0.031142532587102097,0.046867678816265614,0.06565140488923236,0.08252114120126629,0.09819441778921217,0.10710216417433044,0.10803927569233006,0.10004616398068378,0.08495901433849784,0.06788698642571488,0.05152557259761434,0.03859101306596263,0.027546237462675458,0.019751959375696997,0.014058401758035043,0.010214861343804086,0.00904433644032484
0.007529089664613277,0.010815882965456077,0.01884588267383036,0.031293154172220415,0.04790552699339039,0.06677371045684029,0.08648417758976495,0.10127817833426823,0.10992573837056706,0.10947800713282178,0.10104487776594122,0.08488195162787189,0.0665507025606453,0.04960381789518285,0.03554917409883366,0.025484656199019108,0.01792297307265426,0.01239923902844037,0.008741909530842846,0.007491349866795667
0.00768937913043775,0.01093824424705033,0.01920125379219214,0.03202940538768708,0.04907100895785353,0.06916002410613531,0.08871126074063199,0.1046312119820467,0.1123922949143225,0.1120901146065766,0.10040239490698144,0.08399417491971736,0.06496193723185766,0.04754644955210735,0.03374176046491379,0.023535919336637404,0.015911415074529273,0.010991168481740289,0.007096969148585642,0.005903613017995946
0.008044673358374811,0.01111732708033281,0.01965342098416742,0.033204044952226786,0.05052109282406976,0.07089549066385983,0.09157596358386712,0.10694943469633099,0.11601945957343338,0.11271554912420016,0.101023481059904,0.08243112035382281,0.06344256246057156,0.04550486234273266,0.031554640353278644,0.021392947690068366,0.014108360780899559,0.009165248235392139,0.005830730278137225,0.004849589604329943
0.008294715129967498,0.011108811735410467,0.020255049768290772,0.03426446740804571,0.05253489208389026,0.07353968910932737,0.09384053791821309,0.10897796896521311,0.11818357612479047,0.11379704579225561,0.10134649179349044,0.08166308190225466,0.061547125516511404,0.04339543909406105,0.029314778502269594,0.019610470678436454,0.012182544798246741,0.007760392989693519,0.004739352571192062,0.003643568118439712
0.008440588574589264,0.011791451493679704,0.020438403155663733,0.034586115147219765,0.05431577950273261,0.0752413348647053,0.09712089663069971,0.11198749642670476,0.11959079214670047,0.1154753709038196,0.10096567775896456,0.08058647712837302,0.0596186342484916,0.041220180956746635,0.027129979989546527,0.01766265048013247,0.010791774570316532,0.006451383732161012,0.0037314505802693207,0.0028535617084833836
0.00876735539770378,0.011683619137305734,0.02117160220677458,0.03587443189393441,0.05565034537811012,0.07777715897181449,0.09927616578824347,0.11479581934691219,0.1204629568686618,0.11650878676340291,0.10017399698585241,0.08057359937489349,0.05717598335299449,0.03881938572819678,0.02528947461686067,0.015917939578660643,0.00960611875336476,0.005250287322859759,0.002987145149939497,0.002237827383513996
0.008856134579540055,0.012149167304263415,0.021716489094567675,0.03731373467661205,0.05726236741077296,0.079738916770873,0.10138293892216377,0.11721443811154518,0.12245733719374295,0.11676615422987864,0.10040042199354877,0.07781095902415679,0.0562629977046517,0.036988476070741225,0.022805178521472128,0.014038363662715247,0.008227525978556525,0.004503062149672886,0.002420058849899052,0.00168527775062608
0.00902392805091906,0.012376345931827437,0.02231074490321409,0.03806138694509239,0.05862692233901831,0.08217967748124366,0.10381219728104105,0.12000713566858182,0.12440802560762576,0.1167556942298695,0.09970413902436558,0.07599318745603317,0.0539752742351876,0.03496982487319041,0.021351468702351745,0.012275369489631403,0.007320792059212592,0.003657030148199762,0.0019168694610214117,0.0012739861123733168
0.009143471830038998,0.012671440096813235,0.02326879117923895,0.039214400968132335,0.060437676482452615,0.08434852763210973,0.10647270404733095,0.12150396665322037,0.1252084173725965,0.11711879790238003,0.098724283985478,0.07505546591367487,0.05165893505445747,0.03291313701761463,0.019582829097754464,0.011012505042355788,0.006107973645287078,0.0030993680247411596,0.001482452601855587,0.000974855452467393
0.009564718012096947,0.012983567357713065,0.02381943908033624,0.03984907358586248,0.06239735895567249,0.08656103384929525,0.10868112345135868,0.12316925319299711,0.12655451855682912,0.11764804658769955,0.09759505106444429,0.07316270431654917,0.050154318396297706,0.03077300250872344,0.017950638263573807,0.009720883527392778,0.005072860448480492,0.002466743462038347,0.0012392489278313813,0.000636416454807715
0.009741789745713974,0.01362072926746237,0.024382145139083378,0.04129485809923578,0.06362265783661497,0.08822281514077715,0.11009949739810868,0.12525134287108602,0.12726208583977444,0.11822296607227607,0.09668336416248949,0.07180649911034268,0.0476037947532857,0.029237108353723056,0.016687992728455798,0.008467257088330151,0.004192541636130992,0.0020996248513744007,0.000999501926053628,0.0005014279796812666
0.010089667309142717,0.014148998575379197,0.025284505153775245,0.042157043492834986,0.06447666135925582,0.08984831978546887,0.11169027067795184,0.12627335959105004,0.12931869605296237,0.11686080616777005,0.0958501634123858,0.07037123942009554,0.0462934718846895,0.027496857454118843,0.015530042738623987,0.00775999329590212,0.003606804659348028,0.001769881840274867,0.0007424788401910664,0.00043073828877901606
0.010367078702330617,0.014668402611960932,0.026122960557513248,0.04366840763882953,0.06596592118205141,0.09089081138686277,0.11334080661133758,0.12856384039357033,0.12940332745189706,0.11700204258427964,0.09459561355444855,0.06870388895312111,0.0444358429137071,0.026091123722965917,0.014085285852883666,0.006910268719639808,0.002994338070319189,0.001300283347827471,0.000578089890464533,0.00031166585398957424
0.010719562573499108,0.015406753709715787,0.026409423967997094,0.04441105225598295,0.0680178776639763,0.09290622602379445,0.11458657902054796,0.12929477708201412,0.1306382821896788,0.11617801275157214,0.0939146924512435,0.06733272356293533,0.04271073095388862,0.024447772495334585,0.012775024876622002,0.005977090055046857,0.002536242809232326,0.0010469958756738472,0.00043555028428032036,0.00025462939696387955
0.011389327518359782,0.015626905949486593,0.027554285618801744,0.04543867124512286,0.06948559206623722,0.09447661060564286,0.117034697679859,0.13013008496879466,0.12962545220609736,0.11555923168826394,0.09213391148875016,0.0662054791087049,0.04135315103057036,0.023308352340610402,0.01186221186221186,0.0052752504365407606,0.002227402227402228,0.0007636330216975378,0.00034756163788421857,0.0002021872989614925
0.01153829421980986,0.015933755199427097,0.02782509177428045,0.04686762752191037,0.07084439030756516,0.09650772510214804,0.11941866807660516,0.13137023936606312,0.12880691762233507,0.1148475225127246,0.09054448835629501,0.06446620330554728,0.04042418624573755,0.021883606453145764,0.011056416502973255,0.004654804889720279,0.0019208181212792515,0.0006910260314358281,0.0002643634696534163,0.00013385492134350185
0.011737940695149529,0.01626963497378103,0.02866116934762658,0.047287753392920136,0.07182175447277055,0.09817110781621145,0.12038994970170384,0.13199081959978673,0.13027409144628077,0.1142418229747372,0.08964430128161194,0.0628101853631791,0.038807751520733624,0.02129779299300771,0.009827307511646835,0.004185674095792425,0.0017117133682473815,0.0006151469917139028,0.000178860674221162,0.00007522177887805881
0.012054851242801735,0.016694800218389826,0.029116973798229837,0.048628468482908666,0.0727982782600275,0.0992304597039048,0.12222984694346081,0.13239632744448837,0.13045452799914517,0.11384487977706872,0.08854471899006397,0.06081689148463341,0.0372648510925335,0.020160987362441957,0.009583773702726034,0.003982108062892262,0.001554441344466539,0.000467501156230538,0.0001319021119364733,0.00004341082164997854
0.012577210561520748,0.017256133058213798,0.0301202508102626,0.04958323394445676,0.07378352185248634,0.10041584861975959,0.12217408927817824,0.1333284403424871,0.13078964531932602,0.11388380592396627,0.08711302975661266,0.05982014922510037,0.03567323939902951,0.019226117895502402,0.00880237932800331,0.0035763314912334847,0.0013678133501919113,0.00038865915926184765,0.00009341164342774022,0.000026689040979354355
0.012846103776891368,0.01734733047382212,0.03031193150524892,0.05023782899677889,0.07529916384331657,0.101263414389906,0.12352921541465695,0.13355308176310565,0.13101123220454966,0.11276766193233971,0.08673331441827863,0.05881636263497839,0.03487324131715539,0.018161790476826277,0.008458367408248074,0.0031493566099771346,0.0011399102091226199,0.00038052639484620386,0.00010514545120750368,0.000015020778743929102
0.012849960995059376,0.017408871790426782,0.030930584540708496,0.051279828778311914,0.07698975203525779,0.10326474686793663,0.12465078909995264,0.13379694761336433,0.1296447550023003,0.11271094338616225,0.08607090231429312,0.05706722851561198,0.03366926477353798,0.017312192877764518,0.0077643168134630385,0.0031837366066368397,0.000995126049299578,0.0002883698601822898,0.00009167827924870486,0.00003000380048139431
0.012938626089535624,0.01791578978939949,0.031797527581018455,0.052089425651638516,0.07775839344420728,0.10392724376438205,0.1257671113954887,0.13628463977631922,0.12988447714787024,0.11012412083160453,0.08429519063020191,0.05635675616230189,0.033000578197456935,0.016467796734434076,0.007194975847342541,0.002920980236311134,0.0009381128768072836,0.0002532738139870463,0.00006665100368080166,0.00001832902601222046
0.01312919756395614,0.018550027803398348,0.031975572966439464,0.05278150524601847,0.0783972589511959,0.10548143165858088,0.12678849105796092,0.13619835976598532,0.12957382551452934,0.10982841806987807,0.08312383666918619,0.054867592558678485,0.03236515351804556,0.01627747458569607,0.006784362170063565,0.0027070853714167733,0.0008640696849725123,0.0002464013745200999,0.000039956979651908106,0.000019978489825954053
0.013460167498384315,0.019028456069984205,0.03297332951342852,0.05388730836625778,0.08038290104003568,0.10658866954047877,0.12727778481054827,0.13618571400017324,0.12945479742289676,0.1088672871791113,0.08152554117168916,0.053724074061735884,0.03093789767541025,0.015384000373106981,0.006809202417200232,0.0024318580061429397,0.0007861897115749777,0.00020654136490529085,0.00005829796590068691,0.000029981811034638987
0.013870588921185678,0.01909933620395279,0.03363455404066063,0.05477108614356985,0.08080654967643065,0.1075133050713352,0.12896632713401682,0.13619728984650242,0.12834334163425423,0.10850608410304247,0.08102142970174984,0.052827171495914774,0.02981335421056577,0.01502661014267034,0.006291487252950436,0.0022420815044933255,0.0008178766855172528,0.00018822823923309492,0.00005163783554182248,0.000011660156412669592
0.014293986874159666,0.019790266111103717,0.034252319652817526,0.05487127091681201,0.0823443469694751,0.10876908638293908,0.12901695975718527,0.1360890720057509,0.12835467724543728,0.10718992531849464,0.08031756280035675,0.05202911380609434,0.02928852886753019,0.014195809315885459,0.005953886500086531,0.002288036315712403,0.0006772587494508712,0.0002113313542512547,0.00005324884516567048,0.000013312211291417618
0.01482530705046796,0.019863614498740845,0.03514331795931072,0.05611046659687049,0.08296645955289389,0.10955447513885722,0.13012548331632814,0.13670174784494601,0.12745236743858576,0.10722923050547856,0.07827768780469943,0.051281880568644675,0.02826079357919562,0.013750068658798228,0.0056092157584009235,0.0019191174390018595,0.0006491377287170208,0.00022470152147896881,0.00003994693715181668,0.00001498010143193125
0.014767437799651763,0.020865657891016975,0.03532211473700491,0.05717226848133199,0.08304854462576687,0.11035998955636157,0.13037086557474103,0.13703616858161088,0.12837193987258094,0.10628065116418292,0.07796974338250824,0.049751963586957416,0.02751931989962133,0.013337258012748559,0.005381467198161385,0.0017361717413104112,0.0005188559226904677,0.00013636597968146903,0.00004490099330975198,0.000008314998761065185
0.015159475420302193,0.020827237178123015,0.036041577995318146,0.05752719993615664,0.08428322515428815,0.1114632102575016,0.13013905884230687,0.13711693977442002,0.12777818418812517,0.10546126835496915,0.0768381570546925,0.04990589753138966,0.026840817195147904,0.012978160246861036,0.005272065865077675,0.0017789689295594803,0.00043227282400510735,0.00011638114492445195,0.000029926580123430526,0.000009975526707810174
0.015521355801329309,0.021370778514063583,0.03649107859028081,0.05862569352686076,0.085687802247909,0.11145688068508976,0.1308523349431033,0.13643882485680148,0.12708141264806613,0.10485527047131539,0.07667652942018324,0.0482032370688651,0.02676422915758328,0.012515934060447917,0.005117204791367816,0.0017123914570138159,0.0004859264387250088,0.00011316095148390623,0.000026626106231507337,0.000003328263278938417
0.015770579534311685,0.021376456314713552,0.03737805182070502,0.059449218035865635,0.08644817098505876,0.11298675397630009,0.13065698283169078,0.1363609167511509,0.12628928518007612,0.10385580614602206,0.07529957286975021,0.04796988482441124,0.02620618590968772,0.012418354966843388,0.005105619172663664,0.0017783243863118885,0.000498595622330436,0.00011633897854376839,0.000026591766524289917,0.0000083099270388406
0.015882609829118727,0.021734185055236284,0.03769151704246379,0.060519966590892885,0.08693674022094511,0.11298986601486805,0.13116727634412712,0.13674320983144342,0.12663911356273586,0.10303521406237803,0.07424061531206466,0.04735558282453077,0.02562970023130659,0.012020304501096753,0.004971514252836537,0.0017767268705862042,0.0005147526447492743,0.00011955545297402487,0.00002158640123142116,0.000009962954414502076
0.016139830909728255,0.02190298823611501,0.03771221427183031,0.06045251334464148,0.08772492345417304,0.11381280454274355,0.13259082912047476,0.1363354692512547,0.12627777122474987,0.1023213778414991,0.07368999895336145,0.04699240937854593,0.02543331666464538,0.011650914479662818,0.0046367748913074165,0.001658008363140381,0.0005100286247335644,0.0001229384958641164,0.000026581296403052193,0.000008306655125953811
0.016142318116596693,0.022122615188393476,0.0384758463091885,0.06082432109262901,0.08826958335547645,0.11435968804804165,0.13313924908327576,0.13656035765531171,0.12425100972524847,0.10257845299463253,0.07386771270659509,0.046002285167667537,0.024994021363660506,0.011515517882765586,0.004787891268533774,0.0015228915342509431,0.00043843333156188554,0.0001162512621565605,0.0000265717170643567,0.00000498219694956688
0.01644671331270994,0.022542452767561973,0.0386522656965706,0.06140216943931814,0.08852348013117542,0.11574270768332025,0.13298271352513977,0.1374769314515594,0.12478757020140996,0.10131573706501681,0.0724534977894024,0.04521933376704418,0.024477555464092728,0.011457932261447975,0.004548984983868611,0.0014637740809091998,0.0003833694021428857,0.00009459764468460819,0.000018255685816327885,0.000009957646808906119
0.016696704471152086,0.023147364473077157,0.03936114070636967,0.06199902418624102,0.08880900934988899,0.11513772582288649,0.13330976776296358,0.13691928294284192,0.12534228161188504,0.10066481461198126,0.07223677091942234,0.04479117917467398,0.023880884339516815,0.011188667284018228,0.0045836693916431834,0.0014620610912518628,0.00036178129159240185,0.00007633917162041507,0.000028212302555370792,0.000003319094418278917
0.0172744243932794,0.02349056212404067,0.0394192076332711,0.06270234391205141,0.08922796100394108,0.11653681808753369,0.13359717900850446,0.13586558805227128,0.1245036299522921,0.10056336859572704,0.07140261356565028,0.043834889027172794,0.023790914747977603,0.011262393694254302,0.004518564613150802,0.0014967848993984664,0.0004082140634723089,0.00007799211781788015,0.000023231694669155778,0.000003318813524165111
0.017431955156013347,0.023924976899507462,0.03981247542721395,0.06293619287293815,0.09012095202230916,0.1156683548965579,0.1336809328451678,0.1366255198647646,0.12338234342676936,0.09942418808197072,0.071360200132382,0.04422189080641869,0.023790604196077973,0.011086577494065209,0.004573648683396345,0.001444921292433158,0.0003981413434947851,0.00010285318040281947,0.00001327137811649284,0
0.017949836676393646,0.02368482608399926,0.04054141485191385,0.06365390326000221,0.0909303556290655,0.11637035058585815,0.13235930861608747,0.13624456901314053,0.12356355685469754,0.09963818305183718,0.0712950259708589,0.043535819214288216,0.023364648775446216,0.010645480771942514,0.004280090445942293,0.0014515810620928317,0.000403124797815495,0.000066357991409958,0.000016589497852489502,0.000004976849355746851
0.01808949434433469,0.024122093293569884,0.040318616869358434,0.06459845772697385,0.0914786426403289,0.11666013536401497,0.13251625630160005,0.13671068100453646,0.12329217505662304,0.09897912418552443,0.07042847559396109,0.043443679138133746,0.02307265686749869,0.01042462323239703,0.004020072132149282,0.0013499870480947404,0.00039353865977669565,0.00008468553438232693,0.000013284005393306192,0.0000033210013483265476
0.01790685051564359,0.023897379205943724,0.04073692300286661,0.06469073833390598,0.09232286111235606,0.11745353564024295,0.13387312827101297,0.13582847401697395,0.12335941014289963,0.0986951635900679,0.06963055916580767,0.04252628014560521,0.022698941490677256,0.010560194937015627,0.004078339981176893,0.001334548369908923,0.0003203580042194302,0.00007469487145012625,0.000011619202225575192,0
0.018395237083842192,0.02437543142356501,0.04069651675250889,0.0651150905325758,0.0927560664790527,0.11858672277385439,0.1334426273031381,0.1353989672383582,0.1222355705410715,0.09795472043752987,0.06975621249933628,0.042833722720756126,0.022399179631497897,0.010325957096585781,0.00394420697711464,0.0013307757659427601,0.0003584134232464294,0.00007632878458025807,0.000016593214039186533,0.0000016593214039186534
0.01821963491012189,0.024102505365795352,0.04128135027148518,0.0656145889875454,0.09235309838370453,0.11880775596047324,0.133971418943706,0.13536743871041634,0.12237001329621684,0.09791061821598301,0.06932292211338467,0.04220262372038439,0.0225604098089893,0.01024190482830285,0.004045303414355597,0.0011802259858870868,0.0003452700493171786,0.00008299760800893719,0.000014939569441608698,0.000004979856480536231
0.018468908569447513,0.024268019792618736,0.04146961687050367,0.06568787312287781,0.09328507375786058,0.11821992498975704,0.1341724572075024,0.13576489049532967,0.122333710983311,0.09758464363499439,0.0684796077306001,0.0419257826560792,0.022600941194424493,0.009944414125546782,0.004002647420341012,0.001376791280100721,0.0003300981502892094,0.00007464531036690657,0.000009952708048920876,0
0.018724430315302087,0.024803941566377948,0.04171911198671993,0.06594760608879799,0.09338500752061743,0.11893023155541624,0.13388025717692437,0.13586861887633522,0.12243598354253418,0.09726886331713125,0.06775354928367568,0.04183519648960464,0.021764185940840015,0.010086084950639212,0.0038871724965962354,0.0012736128316492782,0.0003582036089013598,0.00006467565160718993,0.000013266800329679988,0
0.018579361790302524,0.025210111893908,0.04221632822213014,0.06564276833816825,0.09348694571073352,0.11854786572731038,0.13473186904268544,0.13614919187733115,0.12314463323663484,0.09699958557811852,0.06725404061334439,0.04153833402403646,0.021415665147119768,0.009685868213841688,0.003761292996270202,0.001208454206382097,0.00034645669291338566,0.0000712805636137588,0.000008288437629506838,0.0000016576875259013676
0.019160396433425046,0.024989227352580468,0.042406112234412804,0.06654015711491928,0.09351486625343895,0.1184610030163413,0.1350939706321058,0.13603201962279163,0.1216265040273128,0.09661738871026548,0.06744174483741587,0.04169843216546785,0.021797209055653157,0.009385461897974743,0.0036477841492923205,0.0011965925287546815,0.0003099207796082071,0.00006795054526169246,0.000008286651861182008,0.000004971991116709205
0.01906621946710746,0.02514751451105094,0.04253590666505295,0.06658918597190468,0.09472761004110015,0.12011386677852186,0.13434389822949427,0.13513638978647494,0.12191769693332295,0.09604400815039432,0.06731536024378235,0.04087300074109566,0.021325980956991578,0.009672376032269989,0.003717083830022166,0.001099209000581934,0.0002884801901979737,0.0000729490136132807,0.000009947592765447368,0.0000033158642551491226
0.01937755245740037,0.02538664811087088,0.042454666699802,0.06660370950238989,0.09533205762237298,0.11997813066925124,0.13470679357505572,0.13583339546211384,0.12063918089415743,0.09580423635444879,0.06762262150318513,0.04042678330309733,0.021246386175932143,0.00945682878136468,0.0036316343182816006,0.0011199748171342903,0.00029490461161228325,0.00007289776916258687,0.000011597372366775183,0
0.019619087713250057,0.025176475658044116,0.04277183218113803,0.06711958908809446,0.09484520362448437,0.12014764453269373,0.13488723623953952,0.13526678942753773,0.12134099953426002,0.09633358250143781,0.06702014283796393,0.04009672805262696,0.020880397652405517,0.009468940449927986,0.0035634906296770803,0.0010939087514357558,0.000273477187858939,0.00005966775007831391,0.000026519000034806184,0.000008287187510876933
0.019742096698824485,0.025773759615034097,0.042649159378407304,0.06770541623445273,0.09548586370430273,0.11936230078113351,0.1357107585644642,0.13504131026277502,0.12093981262075752,0.09569299498576596,0.06652559645523808,0.0397692060409424,0.021080993302202887,0.009571122253853473,0.0035212317848751073,0.001060512161091797,0.0002866696935451264,0.00006462495981653141,0.000013256402013647465,0.0000033141005034118664
0.019760139526247382,0.025864412849147183,0.04360858378206319,0.06768084034059259,0.09544517095944188,0.11972466113159497,0.13555067773680998,0.1358573834849731,0.12035465131701109,0.09498262553383377,0.065858842409613,0.04001929759410063,0.021142802196344734,0.009378564418154324,0.0033803947054298522,0.001074299053025279,0.0002470224674394545,0.000054709673996657735,0.000008289344544948141,0.000006631475635958513
0.020014953605692314,0.026049446368445566,0.04388933005525541,0.06845336282056168,0.09545440227851837,0.12008474815110767,0.13535168327533703,0.1362336476022009,0.12020742739958123,0.09449783570596106,0.06521396752978702,0.03934356655100554,0.021094199426723186,0.009169444909557211,0.0035046477199066964,0.00105935188884597,0.000301724638137663,0.00006631310728300282,0.00000828913841037535,0.0000016578276820750699
0.01995601032167452,0.02626296420207427,0.043850554342821355,0.0689972142078711,0.09541586477148885,0.11989506076736813,0.1355746648602632,0.1362868471524302,0.12097658410872868,0.0942631232009116,0.06515639854383565,0.0392395880605123,0.02022763333543123,0.009180526617399112,0.0033571942005174078,0.0010301799668089929,0.0002500919212028262,0.00006128080188413622,0.000016562378887604384,0.0000016562378887604384
0.019988110791526542,0.026538766602252996,0.04438085870553345,0.06901867665492648,0.09568660178934242,0.12033104325320536,0.13499053665370117,0.13565123222207315,0.12024824932233165,0.09465333353203878,0.06487732423262448,0.039343675951178075,0.02057760357934722,0.009155352876012776,0.0032256515468390107,0.0009968389277192427,0.000283155243588024,0.00003974108681937178,0.00001159115032231677,0.0000016558786174738247
0.02026836649794316,0.02660792834720579,0.04475316315131748,0.06860483232066082,0.09647901563592845,0.11986826970567858,0.13457108099059595,0.13501029246511995,0.12079641470844647,0.09416528273617145,0.06533477858769479,0.03930196866184694,0.020629680088306367,0.00894665486596592,0.003331377599220359,0.001007700288719392,0.0002585546793424754,0.0000580090626729913,0.000006629607162627578,0
0.02017699173674176,0.02742990971533249,0.04471666581091399,0.06834868995307716,0.09628211349930518,0.12031993003807827,0.135301122802717,0.13411190263632553,0.11949675117638386,0.09425646410724842,0.06524976107937465,0.03979746818670423,0.02058444042884803,0.00921065925529642,0.0034202501999976817,0.0009606513878928115,0.000273288756900541,0.000056314046876475164,0.000006625181985467664,0
0.020486689196122114,0.027190912310549015,0.044839353508339334,0.06938730252248258,0.09589471837629039,0.12029537638643865,0.1339619956110591,0.1351221191369078,0.11985681328465556,0.09387401819788628,0.06496360753732751,0.03933828275238893,0.020420490992079383,0.009232994508858975,0.0035581534672964325,0.0012180469543861276,0.0002813423671815784,0.000059578383638451876,0.000013239640808544865,0.000004964865303204324
0.020862329502525152,0.027766731618085662,0.04527544703808275,0.06940688750149122,0.09632196020731432,0.12001265889900718,0.13459193276865364,0.13514700229318274,0.11952220940867697,0.09366425418538993,0.06462334804681803,0.039068609907079714,0.020018955210031674,0.008796609270820906,0.0034381172041727972,0.0010935698095200222,0.0002965893877334605,0.00007953234978327434,0.000013255391630545724,0
0.021022408337431516,0.027357611102004045,0.04501868603324575,0.06901827538758822,0.09673851309843738,0.12080267979408107,0.13568692904937182,0.13443677795495157,0.11927600521255052,0.09404944637348557,0.06454256888663695,0.03850962119593925,0.020009040827782168,0.008835504953413238,0.003215620430946124,0.0010978148021201237,0.00029804926754392494,0.00005464236571638626,0.00002649326822612667,0.0000033116585282658336
0.021125735106745615,0.027263069759437663,0.04546657973901849,0.06933417613438925,0.09724092968457841,0.12162148745561228,0.13437271442612864,0.13434789371440292,0.11867113218849176,0.09356580963506934,0.06424096608828891,0.038755059288406744,0.02036456661382613,0.009006608928175478,0.0032597868066334182,0.0010027567537156602,0.00026971840075190216,0.00007280742106186315,0.000013237712920338753,0.000004964142345127032
0.020763887163946778,0.02759631386770661,0.0455152885069177,0.06947349246959275,0.09735462877865818,0.1210164186889888,0.13467630426322894,0.13409506776952565,0.11972312609188836,0.09312037888008481,0.06450565919007759,0.03846758902771223,0.019914387673149687,0.009190491567103009,0.0031992846320077497,0.001049868766404199,0.0002483916639757571,0.0000745174991927271,0.000014903499838545417,0
0.020749167022357226,0.027384863795333995,0.0451081795592084,0.07024640256229547,0.09720609206925872,0.12126400841745827,0.13523354807116464,0.13500524436768144,0.11872950643386304,0.09297751043083224,0.06376952575695913,0.03864122900184959,0.02017013589033481,0.008845941322639453,0.0032955143285389567,0.0009942791724156183,0.00028289806735951875,0.00008437310780897931,0.000008271873314605813,0.000003308749325842325
0.020823190824879868,0.027615773629146828,0.04496484482376045,0.06989968438169614,0.0971528115861393,0.12184754278068667,0.1357208384252866,0.13495083574269656,0.1191401139935154,0.09229931080620107,0.06372475964324867,0.03849019861101453,0.019779961383951494,0.009110870450774473,0.0031926132731903293,0.0009769926510281605,0.00025997940035834085,0.00004470983318264462,0.0000033118394950107137,0.0000016559197475053569
0.020456455979401232,0.027337053290706067,0.04613375960602871,0.06973099810030645,0.09744865201188796,0.12159031487254844,0.13515789961410407,0.13480873991408354,0.11956816722598407,0.09311476928983232,0.06393759473645887,0.038146110923568774,0.01934444025232166,0.008598264461168806,0.00326158184237177,0.0009961807555087805,0.00031606399385743705,0.000046333988628315347,0.00000661914123261648,0
0.020894919608187155,0.027702651258097937,0.04565963658994382,0.06946269733814879,0.09739376264139324,0.12169834118437647,0.13566966694583943,0.13503739038608592,0.11920233843016657,0.0933402409271624,0.0636646219747553,0.03769990366885922,0.019461538716180657,0.00856552669299497,0.0031862104123701112,0.0010080011122770892,0.0002714485753915314,0.00007282766656845969,0.000008275871200961325,0
0.021232983313630237,0.027521416768493588,0.04568469086008152,0.06997910478404416,0.09686306845087304,0.12297546550633645,0.1357228718172877,0.13451253878529582,0.1192285658464218,0.09262110781070457,0.06305487394985812,0.03818426865088433,0.01949613057688678,0.008449151111155264,0.0032005112870592068,0.0009834990711397663,0.00023511257256203172,0.000041393058549653456,0.000009934334051916832,0.0000033114446839722767
0.021275996727534094,0.02779277473974292,0.04591388910050245,0.06980322145783717,0.09752643973595036,0.1216343781155498,0.13624951558892795,0.1343698350186975,0.11918168478998913,0.09246372299304767,0.06335765601348735,0.0382659905336968,0.019609953860880457,0.008273906721472742,0.003007488912368795,0.0009804148877325587,0.0002252304471818042,0.000052995399336895064,0.000014904956063501737,0
0.021279833280957974,0.027568184449479827,0.045999900762474975,0.0698384082300987,0.09781512049089497,0.1229767949587337,0.13520947387572155,0.13438249450058712,0.1185028365392567,0.09220323845123303,0.0636559104215941,0.0382610277699674,0.019830965415722532,0.008342567936355669,0.002963894080481633,0.0009129852301483602,0.00021997651378574638,0.00002811729875456906,0.000006615835001075073,0.0000016539587502687683
0.020989366314416877,0.027898117840961367,0.045852597856053064,0.07034350147110897,0.09827306033698155,0.12263985464317745,0.13550088862265144,0.1337931445327367,0.11895298077464068,0.09234725453660894,0.06313357802173067,0.038328264157562575,0.019284931806071767,0.008489076726029526,0.003023302763831569,0.0008786939067293724,0.00020188447574573157,0.00005460809589843557,0.000011583535493607543,0.0000033095815696021553
0.02140622154528748,0.027670811052431174,0.045726205652037145,0.07099812923199178,0.09809612105359009,0.12236974984686193,0.1354386371537838,0.13470191877886858,0.11855040312567258,0.09218250749134976,0.06311441484694469,0.03748489313444697,0.019692730493518537,0.008375411817293841,0.003104150456103174,0.0008443289240600632,0.00019535453537075984,0.000039733125838120625,0.000008277734549608463,0
0.02166723496949374,0.02808960866556979,0.04603749474457822,0.07099371335688205,0.09884496588527787,0.12177019157874529,0.1351992425571641,0.13461824947280254,0.11859045449880656,0.09175718130625783,0.062530415236254,0.037656959171580004,0.019525340236833305,0.008276254762984617,0.0032773968861419074,0.0008888697615445477,0.00022345887860058476,0.00004800227762531077,0.0000033105019051938464,0.0000016552509525969232
0.021263283344920048,0.0279388883371404,0.04660840202602046,0.07065746350183733,0.09794749561359951,0.12177971993246603,0.13552984407587637,0.13533618035554676,0.11877544939914589,0.09240242327937231,0.06271890621379149,0.036974873373721316,0.019121395702982755,0.008397060284040124,0.003207865726487238,0.0010014235111066975,0.0002863574668123284,0.000048002118714205315,0.000004965736418710895,0
0.02161741577683966,0.028030792152967478,0.046206439864249646,0.07091797036669152,0.09796871119940408,0.12196838010098504,0.13560797947189807,0.13497889247578843,0.1191623209999172,0.09246751096763514,0.06248158265044285,0.03663604006290872,0.018996771790414698,0.00849101895538449,0.0032431090141544568,0.0009452859862594162,0.00022514692492343362,0.00004800927075573216,0.000004966476285075739,0.0000016554920950252463
0.021755106094210334,0.028016485153431105,0.04624615180906352,0.07123373828991361,0.09837796683107683,0.12162931576682447,0.135798934092489,0.1345625475851568,0.11795987950610747,0.09277202158297203,0.0628686815187527,0.03699228706676818,0.018875169651428388,0.008623257969479296,0.0031431030487603035,0.0008722566122678678,0.00021516766526531828,0.00005130921248634513,0.000003310271773312589,0.000003310271773312589
0.021746755524377406,0.027899843153345736,0.04625321800361344,0.0714462982204192,0.09758740726524293,0.12190194767807389,0.13558797641343978,0.13456218605851636,0.11899002667054925,0.0923889664665824,0.06279656922761295,0.03726762539459839,0.018834834516852743,0.008269193861141076,0.0031964951059873068,0.0009711918360323754,0.0002415570835787512,0.00004963501717371594,0.000008272502862285991,0
0.021670961275746987,0.02815256833059339,0.04665136264252425,0.06999440984132549,0.0981982488579868,0.12285283328426783,0.13513960511648368,0.1337172570513732,0.11947062189688308,0.09215657736746526,0.06249565853061523,0.03737136846422795,0.019244700099564353,0.008388545797953801,0.003213514291290267,0.0009939897524783587,0.0002232755683603635,0.00005292457916690097,0.000011577251692759585,0
0.021675629299129303,0.02813765148722391,0.04584911368298895,0.07083262387195643,0.0982429052484713,0.12200807050200112,0.1357371813416341,0.1345023052673168,0.11822905215409009,0.09205529996578055,0.0633026901122299,0.037350455184909065,0.019255470567133785,0.008343265792610249,0.003132650817712785,0.0009819496494571998,0.0002992136137234902,0.00005455275830317777,0.000009918683327850505,0
0.021831727077762198,0.02798425957796077,0.04598016892160241,0.07042812888877123,0.0978944372368874,0.12375724800762529,0.13515052026794458,0.1339094230718314,0.11880940718578731,0.09140929068813043,0.06335056527840294,0.03727428578993352,0.019359461463104653,0.00852385554290556,0.003102742990283035,0.0008902803886785464,0.0002746961794063916,0.00006122746167491859,0.00000827398130742143,0
0.021806327773365105,0.028168850939899397,0.04614442679375165,0.07081016679904686,0.09909319565792958,0.12370763833730475,0.13472663489541964,0.13352693936987026,0.1178233386285412,0.09199265289912628,0.06269195128408789,0.03693572941487954,0.019380460683081805,0.008799973523960815,0.0031738151972464917,0.0009101138469684936,0.00024159385755890932,0.00005460683081810961,0.000011583267143235371,0
0.022204195155869744,0.028533350992500386,0.045790771981524106,0.07126301673757926,0.0987401288015496,0.12254358227240368,0.13508103902124066,0.1338973229806466,0.11765640779431483,0.09223382944555732,0.06273695015148255,0.037284571958346446,0.019176199857622964,0.008461500256609772,0.0032332831150770664,0.0009237951757363047,0.0001936989884608381,0.00003973312583812061,0.000004966640729765078,0.0000016555469099216926
0.021944605753179438,0.02785760492099181,0.04618558611322054,0.07041333088474944,0.0980492396981624,0.12222569656420662,0.13687252970148783,0.1338084909609203,0.11782320893534577,0.0928641978985194,0.06297989348660148,0.0371936581677644,0.019206493379724066,0.008282169511490972,0.0031914312799972205,0.000857004356163069,0.00020515162193864987,0.00003474341984444873,0.000003308897128042738,0.000001654448564021369
0.021753591675850635,0.027939117743424786,0.04592811022084546,0.07108721624850657,0.0984107599691551,0.12246613515490291,0.13576716739972933,0.1332138590203106,0.11834576064761038,0.09195219703663983,0.06344052926127805,0.03731007390197811,0.01945677247258876,0.008533643106067374,0.003187084859857624,0.000944873029583958,0.00022835810522344352,0.000031440608690184245,0.000003309537756861499,0
