0.09993694829760404,0.09924337957124843,0.09886506935687263,0.09962168978562419,0.09936948297604034,0.10372005044136191,0.09627994955863808,0.09508196721311475,0.09905422446406051,0.10018915510718793,0.10372005044136189,0.10145018915510717,0.09627994955863807,0.09892812105926854,0.09974779319041613,0.10334174022698613,0.10453972257250947,0.10050441361916769,0.09697351828499369,0.10069356872635561
0.014033892731735388,0.01759814917029747,0.025137696562577076,0.03280642623104838,0.03873706709257672,0.044321264577045494,0.05042219116628109,0.05116205329356084,0.05380441803384577,0.057591807494920794,0.060727413653392216,0.06157297037028338,0.06544256673438949,0.06780307923571068,0.0662822515296356,0.06591232046599571,0.06272973893436365,0.0587661918239363,0.05274160021608671,0.055783255628236904
0.01016469424061294,0.014286597810625272,0.021457182044071266,0.02991563376541167,0.038505055061792165,0.045177227301335526,0.052031301728434586,0.05735012169256349,0.0605952567185573,0.06405139828211573,0.06827516707715928,0.06998504764018297,0.0696503476150804,0.07091638684046814,0.06987226828389838,0.06677265500794914,0.06005682624339239,0.052042215859687935,0.04099347698755425,0.038232201780458615
0.009547559237294088,0.01291728602692729,0.020731145249265157,0.029677403601090276,0.03929516547983506,0.0470937632583793,0.05601560330013461,0.06222395863538276,0.06754409794184169,0.07069711222960537,0.07389896313750868,0.07490621842788815,0.07412178021689567,0.07295885819982113,0.06906108545492837,0.06276726603443594,0.05343336701025264,0.042594689628017574,0.0313775284397005,0.029195141977211615
0.008879167876516608,0.012043321221265496,0.01944081866362011,0.029665972868606224,0.04007565745733412,0.05014884546394466,0.058916752373793436,0.06663446430558231,0.07314730137882186,0.07715812354309193,0.07947289438620582,0.08003191290165888,0.07633859154470927,0.07189900760645095,0.06522606328849428,0.05563319701603515,0.046344263140327205,0.036428468696319966,0.027364770436061583,0.02516126055961552
0.00835813805031213,0.011334704087767876,0.01883179061602298,0.028135105911811502,0.04060798155172372,0.052430119978127306,0.062228292470500324,0.07126685916611615,0.07781381987692905,0.08155494028310781,0.08410345484551793,0.08134215168857649,0.07636636257691935,0.07014600761585225,0.06245345249494629,0.050742656937774196,0.04078860442847706,0.03239830066038693,0.02512637415657776,0.02397088260255296
0.00797844308084303,0.010980097427742613,0.018103870988437906,0.02815826738095348,0.04035277458263257,0.053218644168770875,0.06470054488046081,0.0754606737453772,0.08161750216531555,0.08583585762534769,0.08748333050734831,0.08370720351216468,0.07640928817256534,0.06813067965703237,0.057056637322249366,0.04702744566089097,0.03765128567042294,0.029995921416230913,0.023305210963599787,0.022826321071613507
0.007723975944041503,0.010307238296810609,0.01740959657228403,0.027850192292801283,0.04035352622839394,0.054863674298152774,0.06770900549776732,0.0779581687874799,0.08556384379113646,0.08915373960027191,0.08879023307436183,0.08571655955054246,0.07615354171506251,0.06488699033803956,0.053786060277555524,0.04438866375861446,0.035029983911072114,0.02805237935455007,0.022126577704359503,0.022176049006702288
0.007409375127712614,0.009906412195022272,0.017095099922350723,0.027825003065102782,0.040569700437288,0.05573582900813273,0.06990886427724878,0.08113122726715434,0.09034083942948219,0.09256201724631169,0.09163431280395605,0.08521190077240588,0.07451264865748496,0.06255874780334299,0.05144877191548489,0.04163431280395604,0.032780252564469335,0.026104458702848502,0.02108790714781969,0.020542318852425516
0.007326331523876956,0.009788765636063252,0.017113130359531114,0.027672881755959423,0.04109432774762017,0.0561737864841476,0.07168004090944849,0.08455274958697193,0.09317126897962395,0.09624144441822045,0.09284084651089604,0.08542600896860988,0.07369207772795214,0.060553850995201004,0.04908937141058925,0.03905475572338919,0.03128786090787506,0.024848556368499725,0.019182204389898518,0.019209739595625833
0.007228122296153934,0.009628563334124544,0.01718784695369867,0.02821762467362425,0.04129371138046416,0.05769481091262701,0.07402699826188162,0.08730216460823426,0.09722169049241586,0.09907657674902946,0.09459154217808438,0.0851678011653816,0.07264301192180764,0.05847007297034479,0.04713784733654413,0.03697904303948668,0.029151767597491593,0.022545769174814892,0.017444353412301588,0.01699068154148896
0.007146506194264764,0.00985297542578527,0.017305626300645346,0.027645052476578988,0.04261609081415704,0.05975831473926989,0.0763089093736618,0.0922772656584552,0.09993088267333795,0.10171328329839906,0.09575003568557627,0.0849128896301472,0.07077388867602755,0.05707626195466805,0.04522677244622748,0.034196173003673724,0.026657125470486147,0.020566161058396624,0.015557033063625506,0.014728752056616116
0.007154378093772594,0.0101206918926936,0.01707855169728768,0.028417286193663214,0.042987448784738314,0.06127662730121063,0.07958249133280186,0.09461984834720699,0.10334081091603474,0.10479615862363041,0.09771408442870647,0.08525000463486532,0.06977140844287064,0.05547006803982278,0.04248317543892176,0.031897143069022416,0.024438717810860416,0.017658836834201594,0.013526390923079772,0.012415877194608727
0.007131231561118807,0.010176976519474032,0.017326578074310303,0.029335042967415306,0.04419269388609868,0.06355650426367551,0.08171891705213036,0.0970707208018135,0.10680865447144018,0.10683437246264461,0.09927512004790891,0.08533780581447044,0.06904545838645325,0.05308560784472212,0.0398849303593538,0.029142158033381948,0.02199806747666092,0.016064559505920655,0.01156942204325766,0.010445178427748978
0.007330404577033101,0.010253079572654563,0.01760537684628408,0.029852516200595484,0.04543464300309418,0.06584958257925155,0.08501298966664723,0.10072099947457522,0.10894170704652924,0.10984295638974834,0.09984164282795256,0.08483602370249288,0.0680023644112324,0.05065240235857319,0.03717744760347948,0.02736587074551929,0.019688831805709617,0.01396389164574698,0.009578054760931754,0.008049214781948743
0.007293438810100062,0.01023114953819115,0.018138275756260785,0.030457414996123595,0.04766608142433579,0.06821008444556609,0.08715087450455634,0.10325562985571082,0.11210870619079864,0.11004795113740966,0.1015126123656197,0.08446735382710355,0.06729136897683057,0.04880993665220811,0.03502194204829974,0.024970541188774245,0.017442884403443184,0.011790787063178937,0.007741902685154756,0.006391064130334134
0.00742403252467745,0.010315878567785668,0.01882864862714175,0.031255086502186516,0.049327767871029805,0.06964484007132858,0.09062564429027693,0.10647563723699391,0.1141980778899471,0.11313285129870837,0.1006340720592331,0.08435183946004408,0.06458817869763844,0.04670901047864662,0.03312872784093581,0.02269710309006137,0.015618500580539449,0.009822148755547678,0.006210506136356239,0.005011448020921122
0.007561760385027896,0.010472902940884881,0.019049507449100063,0.03293466602976034,0.05059619839030941,0.07186646598109112,0.09338188241868178,0.1091344983912107,0.11823204419889502,0.11371301361837897,0.10104638901156343,0.08276837940389174,0.06280857660450824,0.04446026695988392,0.030717511018178874,0.020945805881769756,0.013164132560633778,0.008203473542851478,0.005194992474290916,0.0037475327390877216
0.007622277404865386,0.010866105769663015,0.020052757164203523,0.0340332258650359,0.05230403518582785,0.07378630651301037,0.09494491425612223,0.11236161134117202,0.11984723078831862,0.1165458622307973,0.1006557783839477,0.08093567545892798,0.060552062186563275,0.042335196796449766,0.028928331891831627,0.01871135142133266,0.011662677812681495,0.006978546498769178,0.0039433013325949,0.0029327516978852183
0.008103227288883465,0.011158542496167394,0.0206099141567725,0.03479864000775497,0.054062204925125014,0.07596820461636225,0.09862277448470727,0.11500335689743692,0.12134914964582039,0.11669257640980715,0.10135317074221538,0.08013829699387143,0.05797918364562652,0.039864503412546534,0.026707978645105938,0.016543939453777134,0.010013248076515723,0.0055918371743181195,0.0032671408209499135,0.0021721101062359316
0.008318567264296809,0.011694010022413371,0.021091142329377994,0.036183886381593436,0.055239729892913904,0.0779361783323091,0.10021517551764851,0.11722676202949396,0.12333445011995003,0.11662835551080444,0.10134390637625437,0.0792136150024456,0.05677516218787456,0.03789489903233721,0.024600957808757155,0.014628710254788596,0.008646436704177557,0.0047281281521600865,0.0025082907969019032,0.0017916362835013594
0.00849362843729041,0.01218332215515314,0.021496087636932698,0.03667873910127431,0.057330650570087203,0.07925240330874136,0.10278381399508162,0.11912005365526494,0.12505969148222673,0.1183617259110217,0.100921976302258,0.07726358148893359,0.05479991057455846,0.036777107086966236,0.022166778448468583,0.013179521573887772,0.007127207690587973,0.003797004247708473,0.001928012519561816,0.0012787838139950815
0.008831974499304054,0.012460892202740539,0.02187535176916438,0.03758636770531259,0.05864338155809394,0.082069644487565,0.10439526078714104,0.12136415858602642,0.12724975923354967,0.11945946815182486,0.09982829197868034,0.07553723526857743,0.052893574975297994,0.03407358966249815,0.02049060966174771,0.011521054333706766,0.006112519676738655,0.003133984072785619,0.0014687200158664641,0.001004161373378288
0.009273746804232597,0.012709921553165263,0.02284538819318939,0.039214496875150516,0.05987793194375808,0.08440037323351894,0.10684612324199341,0.12260863825072661,0.1292633276658454,0.11899048539982553,0.09836094821295718,0.07414894015596595,0.050295536005794755,0.0324920116965533,0.018424390774780686,0.010315660642953615,0.005409388285962528,0.0025798072102578558,0.001277414911856587,0.0006654689415118812
0.009562800119111512,0.013100483400170107,0.023422886885073445,0.04000577726503559,0.061674087361519504,0.08669642077033765,0.10876592982762712,0.1247336484676874,0.12929126866243837,0.11860511145307129,0.0978479687742391,0.07288269477317993,0.049076439992225655,0.029959755286464985,0.017201628332848922,0.008751486665038099,0.0046788714362387875,0.0022395817545411262,0.0009521788669784723,0.0005509799061729361
0.00975246218469416,0.013674841856783224,0.02443642535711484,0.04125095385142026,0.06350154399127092,0.08810377903452404,0.11153643177555429,0.1257907160838961,0.1289125737229088,0.11874291297309246,0.09686673180194125,0.07087561777479838,0.047334208142860226,0.028308883833377315,0.015744788583735674,0.00805870732629207,0.004125630255097312,0.0018595645445404038,0.0007078112408269801,0.00041541566527125045
0.00993620193351196,0.014204232092597932,0.025095803844963228,0.042185715353166606,0.06500072942574624,0.09103233313051738,0.11373882288475431,0.1276228192838818,0.13030924093466126,0.1172258337692097,0.09531103781271903,0.0688862558398537,0.04545034033937869,0.026775262148496844,0.014394594421494222,0.006998928989514061,0.0033624747814391407,0.001514003195240586,0.000633355038197002,0.0003220147806563408
0.010253253949477285,0.014390843936722979,0.02588039412056646,0.0431760894971743,0.06664437182809968,0.09215654534361029,0.11494530945650992,0.13018288290051105,0.13065427642872263,0.11700876791962472,0.09409014823102911,0.06766720684214364,0.04326858935931393,0.02500164543023998,0.01320613416393466,0.006526576811351867,0.0030329281720782053,0.001238075077868874,0.00046249931069814273,0.00021346122032221975
0.010812925714488969,0.015072293656298353,0.026303153177186143,0.04418182788240942,0.0677088335200697,0.09507193796795246,0.11758523181987943,0.1312863469028437,0.13018549147237188,0.116944992797311,0.09285066424798591,0.06565651176439204,0.04138967436731937,0.02309484429742659,0.01200626011488734,0.00578349250386811,0.0024684771203471526,0.0010261608778388378,0.00040904159775204953,0.00016183819737146314
0.011034862352742734,0.015402643750610331,0.026774855073107087,0.04527400726188047,0.0701455039372176,0.09556563656862833,0.11853555036708897,0.13219640812123254,0.13081682838702796,0.11644931331729447,0.09188853279830973,0.06396491570714558,0.04003622062622622,0.02203243876672318,0.01120353683761974,0.005227133510293581,0.002144829239278073,0.0008202906527702566,0.000342675532434328,0.0001438171923688112
0.01126804564730023,0.015540601707957392,0.02764647305556097,0.04670878279191212,0.07074479509658957,0.09776289887692306,0.12013746021659218,0.13167886424916084,0.1318474944218914,0.11579922714129255,0.091218273120528,0.06214288123288182,0.03886126706936736,0.0208071882604999,0.010149761343929222,0.0047216448364553595,0.0018549319000360338,0.0007526230867131849,0.0002449575140717441,0.00011182843033710059
0.011715016747136852,0.016277259533633463,0.02807738613454095,0.047328171184285873,0.07252778038820731,0.098156485104889,0.12145176133069258,0.13358700798082193,0.13178728919796376,0.11477063780969791,0.0892359085565546,0.06156102110547062,0.03702455951217867,0.020302246368202957,0.009448966890493762,0.004099457956618797,0.0017305670266695267,0.000643643269140408,0.00019858965879814244,0.00007624424400285827
0.0120178841149065,0.016277948361568303,0.0291840106652295,0.048610470929449215,0.07339791091980512,0.10063537537494949,0.12270686928711737,0.13422659357958858,0.13121458810514897,0.11486040888107275,0.08761230756139245,0.059841227068692895,0.03574695608393195,0.01900984973656031,0.008812642268063168,0.0037299938306185683,0.0014005204972379621,0.0005034782547032671,0.00016309858955176258,0.00004786589041193031
0.01219847341778885,0.01734204484002802,0.02957420590242994,0.049324030815329656,0.07445855976454109,0.10132711589436263,0.1233003253517256,0.13516192232338364,0.1325218748060744,0.11410537140628185,0.08615881064884177,0.058274306078846844,0.034675224510421016,0.017989202223384546,0.008343897660481733,0.0033403959184758994,0.0012340316131949183,0.00044680454960505686,0.00017907642662742346,0.000044325848175104824
0.012293461863678181,0.017735556733395854,0.03027896497382654,0.05000522937454908,0.075524577174046,0.10295131718195205,0.12391135944238914,0.13630231811969423,0.1326399832660015,0.11374687345445389,0.08545329813993806,0.05654460656490362,0.03320564205197112,0.01720907393981079,0.007812153775519791,0.002827407595179048,0.0010086488537033715,0.00036694255310474157,0.00015067689378697117,0.0000319080480960645
0.012614471863019613,0.017517248215000017,0.031214932759395807,0.05104020276608624,0.07657003890361888,0.10361672678615044,0.12557656295908215,0.13701755441727761,0.13176963676976067,0.11278155564916655,0.0842286357538063,0.05531110505393054,0.03231938490511271,0.01657917187328536,0.007593108501803588,0.002743430810674955,0.0010407337526947568,0.0003239018311958172,0.00010796727706527238,0.00003362915187278977
0.01311085256788822,0.017925532479197686,0.03229354164530149,0.05167426382960666,0.0776625728036891,0.10471530972731546,0.12728577945477243,0.13591259667375108,0.13186706320438787,0.111427217528759,0.08274778008423478,0.05475792220835204,0.03158981685473918,0.016169756808272127,0.00700542115630117,0.002586807458775518,0.0009141349666349578,0.0002740636747164766,0.00006542165138393316,0.00001414522192085041
0.013381706773460886,0.019102320085473114,0.032220461186859214,0.05258577382173764,0.07839221402240129,0.10647522482682499,0.12764007896356777,0.13686487748618492,0.13071088437780812,0.10964331958310632,0.08239522822310749,0.054326368595707934,0.03061253369749029,0.015338106997049482,0.006672279966886245,0.002497682744762296,0.0008402261358088458,0.00023172552377043976,0.00004776022245650282,0.000021226765536223476
0.013994247437953118,0.018769192148654405,0.033062205101642164,0.05332522482546966,0.08024771020098612,0.10728864107654586,0.12845679656189843,0.1375717965353807,0.12974732215938525,0.10881782551740356,0.08142332598499812,0.05273476516853735,0.030152335055801987,0.014851651430803962,0.0062705401291586315,0.002326481762044758,0.0006965302539860443,0.00019976629111782493,0.00006010667166377035,0.0000035356865684570796
0.014155256795071567,0.019328832469891557,0.03366096364700826,0.05465418405194446,0.08102261692723213,0.10759976157333298,0.12978865280089424,0.1372651329299418,0.12903339918956158,0.10845406483861095,0.080591043435042,0.052179711447133126,0.029035698556528173,0.014243693986094137,0.005951822955818546,0.0020818114766711538,0.0006791976270532906,0.0002051742831723482,0.00005306231461353833,0.000015918694384061493
0.014496340995525034,0.019692675449220376,0.03380888309750332,0.05537924047589158,0.08204338470732385,0.10921319469369209,0.13028672662754537,0.1371697923057475,0.12906676379221024,0.10801091247915895,0.07849488411237096,0.05085653767475084,0.028877757955837337,0.013836853839612015,0.005880574478731098,0.0020615603855082556,0.0006011411072665584,0.00016442977345820564,0.00005127380032567702,0.000007072248320783039
0.014806551302269334,0.019889397271705075,0.03441661303895847,0.05619417709165741,0.08297679747112946,0.11091742275842072,0.12947909226558799,0.13792457233376001,0.12904240949882254,0.10715700071425037,0.07755273784183245,0.04981365844689442,0.027899962519535814,0.01375992701917161,0.005517760789777025,0.001935901334445961,0.000525080087973014,0.00013789982108382187,0.000042430714179637506,0.000010607678544909373
0.014767008634541699,0.02019670510126606,0.03494605618632245,0.05695442586477848,0.08406582734448112,0.11093355464128686,0.1313951229848322,0.13773948051489415,0.12887362491833382,0.10581639680045203,0.07661963872653756,0.049006762841452875,0.02783006374375364,0.013169000406123642,0.005156004449702469,0.0017887097628591097,0.0005438525241466988,0.00014832341567637237,0.000038846608867621354,0.000010594529691169458
0.015506106754328048,0.020385860718686775,0.035708358785499154,0.05819512660172099,0.08442115595792533,0.1116252546687805,0.13119723457069116,0.13870047420474488,0.1282436063570977,0.10530664416283263,0.07580920232618081,0.04799954804015381,0.02660737047642922,0.012877324680185447,0.004992743925906834,0.0017495789358464178,0.0005049238906680885,0.00013064464303999494,0.00003707483113297153,0.0000017654681491891205
0.015507366131333248,0.021044323912030177,0.03625859852818623,0.058869019873723456,0.08562862833170895,0.11249417348192721,0.13194591578739215,0.13823855530601578,0.12741005974829442,0.1051880729409438,0.07495903781233668,0.046841674082235114,0.025965083266240082,0.012348687091260928,0.004903103238837804,0.0017355961410794236,0.0005049648996426402,0.0001165303614559939,0.00003354661920702854,0.000007062446148848115
0.01591604629737486,0.021090791001733143,0.03717450467527242,0.05976194762424154,0.08730881506817885,0.11308546800376988,0.13258253647206664,0.1375719646027695,0.12778195475451729,0.10384787803698568,0.07407191694993628,0.04594262598879631,0.025017737443478447,0.01201910349136425,0.004652328458624987,0.001588427774189107,0.0004535843755184451,0.00010766010469503951,0.000015884277741891076,0.000008824598745495042
0.016066843716637698,0.021531864583241425,0.03707285223974096,0.06033580673907481,0.08822029486760956,0.1142095836384651,0.1329657046559437,0.1382207360220224,0.12709658634715323,0.10323719108162242,0.07333221574215407,0.045262442760214926,0.0242670219430205,0.011441780852133862,0.004603887452686191,0.0015916851216262724,0.000421743618701418,0.00009352473552792945,0.000024704647120585148,0.0000035292353029407355
0.016156029144347772,0.02166071986045142,0.037529256346444516,0.06117773219441559,0.08797628097380639,0.11556675738265271,0.13365057472075292,0.13757670145386627,0.1266978381610347,0.10294000927737043,0.07235290693880288,0.04499877418774503,0.024078832956182936,0.01108345929509622,0.004541678498547545,0.001440990809053726,0.0004673960396563494,0.00008113289744978137,0.00002116510368255166,0.0000017637586402126388
0.0162689689968704,0.022074778687685894,0.038206144173196954,0.06089837451441838,0.08899948134061103,0.1154599309159807,0.13446509281180427,0.13794046354741854,0.12610126912777012,0.10216355059398846,0.07200191939256868,0.04446181149730263,0.023865388482938933,0.010759536099751962,0.004392727478009899,0.0014448368692731358,0.0003722351397028467,0.00011290544521792511,0.000010584885489180484,0
0.01662903908564978,0.022624171017355726,0.03819317059404546,0.06248765344997883,0.08997107379709328,0.11606286157753634,0.13388598842951885,0.1375881896430083,0.12552031889374907,0.10148158600253984,0.07156236771553551,0.04465218004797518,0.02284464512487653,0.010547481303795682,0.004090235642726119,0.001363411880908706,0.00038274305065613104,0.00008113447156765912,0.000026456892902497524,0.000005291378580499506
0.016824080324144657,0.02274581821322134,0.039190977809344704,0.06309646969251022,0.09013554787531217,0.11652781718749172,0.13370790675377728,0.13774385311270163,0.12462967107918385,0.10091099592704281,0.07095863419345401,0.043796186471296315,0.023322130204211842,0.010523421707046694,0.00419632676008678,0.001237220237539236,0.0003701086180672929,0.00007225930162266193,0.000008812109953983162,0.0000017624219907966324
0.017098838336653217,0.022688571982583863,0.039574115531738625,0.06364117118228772,0.09129016904933988,0.11639196883428228,0.1343545629219623,0.13668494068289588,0.12435614941211726,0.10068747906714375,0.07029209046519416,0.043295316328509234,0.023062278552415865,0.01073525004847609,0.004121348869185072,0.0012903453260237274,0.0003384512330554036,0.00007756174090853006,0.00001762766838830228,0.0000017627668388302279
0.017219465329255293,0.02340881245978511,0.039739804147973165,0.06367218143195863,0.09156214467665025,0.11751121609829623,0.1349792425057072,0.13698888526526404,0.12321754382872203,0.09902250271037344,0.0700043189690885,0.04333776982539024,0.023174354137836813,0.01037257719055468,0.004110953434461847,0.001281587970348955,0.00032612623729650166,0.00006169955840744625,0.000005288533577781107,0.0000035256890518540715
0.017547878273157676,0.023864691568596007,0.04037298271642356,0.06454250237431126,0.09207217906271531,0.11839663949056702,0.13322573312917485,0.1368537159953694,0.12345537616314821,0.09899160048842978,0.06958714295027778,0.04297723656597943,0.02258018476458637,0.010131569441776952,0.0037601337719568744,0.0012422185141656957,0.0003312582704441857,0.00005109835022809246,0.000014096096614646197,0.0000017620120768307746
0.017907539664363557,0.02417033390999193,0.04131330178740676,0.06393687526205083,0.09239339156293273,0.11791493874617277,0.13436380228244055,0.13662052223424082,0.12352767080428023,0.09858748004890441,0.06920607852187485,0.042449589350959584,0.022153203273917534,0.010145550509303467,0.003840475796194053,0.0010904837237817062,0.00029772495851229126,0.00006165901507651003,0.00001937854759547458,0
0.018202797449177327,0.02453933692703379,0.041202480357960765,0.06475178804213791,0.09163055350033471,0.11821160553852653,0.13486594088010426,0.13699749850262483,0.12259098756297786,0.09818024874044326,0.0693548955360603,0.042063911496318225,0.02197618292639961,0.01007469259768171,0.0037786703308318346,0.0011943769157594336,0.0003135679808335977,0.00005284853609555014,0.00001585456082866505,0.0000017616178698516718
0.018334008846282623,0.024554602005392355,0.04128852626570568,0.06382011383861702,0.09273617988616138,0.11829876469240667,0.13442648950605315,0.13674203041570476,0.12376160854318292,0.0986748198142633,0.06845119565792025,0.04205332440481435,0.021844326572329813,0.009868363085273231,0.0036389588876945046,0.001198301231783178,0.00025023349251942817,0.00005462843850776254,0.0000035244153875975823,0
0.01876629324314803,0.025096878743042342,0.041252730219122104,0.06476784330303671,0.09266539843584867,0.11858662721059679,0.13431445078559853,0.13714859437751006,0.12245473120552389,0.09837595998027195,0.06868350595363909,0.04093743394631157,0.021965053195237085,0.009821743112802083,0.003684915098992461,0.0011466920312830267,0.00026421475375184943,0.00005284295075036993,0.000014091453533431974,0
0.018933271355173593,0.025053614629662876,0.04150423810882097,0.06570213155568705,0.09242845220110503,0.11805959059199704,0.1347426321701864,0.1365878910170405,0.12310235904370517,0.09718774100172198,0.06796996876441606,0.04159755749706836,0.021924774008613555,0.009872486979304226,0.0037961622841769056,0.0011638512383306742,0.00029228336696352804,0.0000757119565026006,0.0000035214863489581684,0.0000017607431744790842
0.018979405663002394,0.025016466311863144,0.04241264049198169,0.06614878501512789,0.09274848280987483,0.11816295837105029,0.13490400228238933,0.13619136848259855,0.12190177977056355,0.09690820779605018,0.0678658603163645,0.0417751212519328,0.021943341798367804,0.009918531381092091,0.0036243497127641244,0.001093644884172265,0.00029938748842074875,0.0000898162465262246,0.000015849925857569045,0
0.01884334869095921,0.025042212908160923,0.042426175880654685,0.06623813367832178,0.09408279017628958,0.11867379204106018,0.1352663731444827,0.13691258843560197,0.12179701848202738,0.09612557767351353,0.0670929671003698,0.04080639873660907,0.021695143488636888,0.009831465625121176,0.0037277787373845984,0.0011333152378904478,0.00024323095307757654,0.00005111375100905595,0.000010575258829459851,0
0.01891448672128346,0.025477662128575534,0.042593704917801775,0.06618661189720863,0.09409684118559908,0.11942654122769783,0.13661304215334158,0.13586794736072622,0.12202468500809385,0.09599744941546169,0.06649838915085615,0.04045706193094047,0.02141398911069502,0.009363886329888521,0.0035757504231891824,0.0011220458224490192,0.0002853554524909592,0.00007221958982795885,0.000010568720462628124,0.0000017614534104380206
0.019438019089465585,0.02560812024039629,0.04205878935749971,0.06658780203569327,0.09506708774746421,0.11940421996190557,0.1370079322327492,0.1357351838355672,0.1211399459918108,0.09658980885889219,0.06674271470367674,0.03994986462745263,0.020554094447437075,0.00917329446433664,0.003566512106072929,0.001059743478704789,0.0002570141991543176,0.00005105076558544666,0.000008801856135421838,0
0.019674849995774527,0.02522430209301671,0.04245366066649766,0.06735577058508689,0.09515584946054816,0.12014246880193806,0.13525733119242797,0.13631898081636096,0.1212692611059466,0.09632489647595709,0.06596312572185133,0.04019303360658047,0.020762908814332796,0.00908828417701907,0.003292346263275021,0.0011496802726837377,0.00027289501112707387,0.0000757063579255754,0.00001936674272514719,0.000005281838925040142
0.01960877501482979,0.02513408424028317,0.04285943113429899,0.0673985633139886,0.09514128351225902,0.12125932692967774,0.13636547658652415,0.13573708047518715,0.12106746369120226,0.09574151621244363,0.06609248512179794,0.039453418598060605,0.02037094732914051,0.008945403467267956,0.003323282515978337,0.0010948526085479476,0.0003062770962819016,0.00007920959386600907,0.000019362345167246658,0.0000017602131970224233
0.019321205806569697,0.025643101530490115,0.04356159272348394,0.06742886107317347,0.09586507187812399,0.12136561395604241,0.13472924263970826,0.1361548371654253,0.12057537699055235,0.09500619517621052,0.06657174436450165,0.03919152950452672,0.02072040043366234,0.00905164524168227,0.0033545471185390647,0.0011052757557410981,0.0002780789321769005,0.000058079776973656404,0.00001759993241625952,0
0.019581965164936876,0.026045351042975444,0.043297470604176116,0.06772389569893608,0.0962081938769405,0.12073140258816986,0.13593522888445447,0.1356483974392815,0.12041289650487964,0.0946156634604894,0.06611552796342635,0.039329342328930574,0.02065362375457082,0.008888255396126546,0.0033487131298413817,0.0010839765044573253,0.0002903508494082122,0.00007214778682264665,0.000015837319058629754,0.0000017597021176255283
0.019475328316000406,0.026251192995925317,0.04306935400371195,0.06845771599829545,0.09574958883461467,0.12197965127540511,0.13680097482294357,0.13600857900538474,0.1194070061877309,0.09429158053030648,0.06481973875590334,0.03945778995523843,0.02052305167477258,0.00899809472827867,0.0031871920661809008,0.0011322455793117785,0.00032048008621266515,0.0000616307858101279,0.000008804397972875411,0
0.01986845855811154,0.025745243147563584,0.04354099145226959,0.06858418757851839,0.09675404424831698,0.12165471955068985,0.1358258641864524,0.1361179438995808,0.1201925614687035,0.09423617635984217,0.06479770840591337,0.03885012087877283,0.020320654258557398,0.008936583511924244,0.0031636103867768816,0.001048671741111803,0.0002780035823752766,0.00007917823548662947,0.000005278549032441963,0
0.019841172060081454,0.026751173080917064,0.044314825701120455,0.06921617426015818,0.09636336115403706,0.12032659699170305,0.1363255550353596,0.1365930843667827,0.12009426888809883,0.09346630010454765,0.06443936764514348,0.03888327624867557,0.019871093103727453,0.008821427691397878,0.0033423565813975593,0.001024355729527846,0.00024816865612272543,0.00007040245563765264,0.000007040245563765264,0
0.019970562654713316,0.02671016539140049,0.04393066026275295,0.06928515843700371,0.0972013394696348,0.12059628230273284,0.13604384615113754,0.1358466581922794,0.12069311567538635,0.09361498346790234,0.06449630800759173,0.038331930716602174,0.020275147626878126,0.008674509582982682,0.003149725521403694,0.0008873458148616338,0.00023416070114404213,0.00005105759649005434,0.00000704242710207646,0
0.020366570126803086,0.02669177758200173,0.04369615792444567,0.06928713487621266,0.09682649377414594,0.12102652296470581,0.13667688336261186,0.13658720152212944,0.11919244140346806,0.09305809800642542,0.06461136989890572,0.03868980106457621,0.019965639545823026,0.008758926420446053,0.0033305373700712347,0.0009319877540326062,0.00024442697700100425,0.00005099555635272746,0.0000070338698417555135,0
0.02049723202929985,0.026647105284915387,0.04467453695641087,0.06810949448252933,0.09619731664283065,0.12179071080643206,0.1367590379036954,0.13629990835000097,0.11975893059755444,0.09392277827912615,0.0638928908802094,0.03812006677608375,0.019849876949761373,0.008790307968624386,0.0033176947826347005,0.0010836161114013653,0.00024451727189089237,0.00004045969247115485,0.000003518234127926511,0
0.020372803661546205,0.026826595462117173,0.04444655525124756,0.06818081874677882,0.09631787343250608,0.12201518725494853,0.13753665328063355,0.13615759283592177,0.11975310596426053,0.0935685475714288,0.06371294434681962,0.0378010318327256,0.01989787213084188,0.00880558238039201,0.003331556737607366,0.001025500305187484,0.00020228565196665644,0.000036939119054780716,0.000010554034015651633,0
0.02051622257963476,0.0274969117445212,0.044467359515170286,0.06893232585230573,0.09737771036210897,0.1223741029981593,0.1356386441942557,0.136400589847998,0.11908700257970514,0.09378618362010412,0.06308487687450948,0.0378562051939002,0.019442811843415765,0.00892690600793268,0.0032747825903336725,0.0010012634572272219,0.00028506973650405966,0.000042232553556156986,0.000008798448657532703,0
0.020460048000730896,0.027264836829140583,0.044513122893818584,0.06838874266899528,0.09765478127338982,0.1223930788990052,0.13697778121365248,0.1362328211146992,0.11978396157130361,0.09294255725123776,0.06358515561583955,0.03700905548195756,0.019279356523144713,0.008748010218603622,0.0033751612030402797,0.0010770295770243063,0.0002740890930110796,0.00003689660867456838,0.000003513962730911276,0
0.020462134413206053,0.026925897075657325,0.044708277871459756,0.0691953178163173,0.09759472770784355,0.12288885880124983,0.1362190505161691,0.13536624178622106,0.1195215830943417,0.09254645170025444,0.06381998526487184,0.037910425191090696,0.019477448044606292,0.008601938777125034,0.0033373834421470375,0.0010391957925758167,0.0003094728587027814,0.00007209310912962519,0.000003516737030713423,0
0.021015253602351087,0.02697388438356839,0.04490605659292246,0.06977648099587222,0.09725688417076014,0.12255292505808255,0.13636963208796543,0.13511037009287938,0.11980928160510176,0.09189095072521886,0.0633799225096599,0.03809795158876302,0.019427106142067965,0.00859850823180973,0.0033767919421302276,0.001099216126995517,0.00027084685369169545,0.00007386732373409872,0.000014069966425542617,0
0.020742634492168545,0.027214927241653357,0.04500889698487163,0.06973934999261514,0.09766638768347831,0.12183066892666493,0.13636299698276164,0.1351075726352658,0.11887672928549828,0.09330053522573024,0.06338134657448498,0.037704929562605946,0.01976326283732936,0.008663131316683432,0.0032792246611760894,0.0010092627107319437,0.00026022801600753974,0.00006857359881279756,0.000014066379243650788,0.000005274892216369045
0.020571117089553545,0.02708410261820612,0.04482425137592095,0.07008492904995516,0.09867770920152624,0.12191978336937981,0.13630672926447573,0.13514620808496416,0.11877934272300467,0.0926236570484078,0.06305322572136943,0.037722213430395085,0.019718309859154924,0.008793585482935063,0.0032740764185613036,0.0010690861774894052,0.00028309683318387214,0.0000580260589755763,0.000010550192541013873,0
0.02064766579755653,0.026836339469848678,0.04554828659888428,0.07037330712523801,0.09793576086402327,0.12246365472826977,0.13536668770581298,0.13562337701153868,0.11894912101494248,0.09248726662810469,0.0627165816017061,0.037731569795756176,0.01953651757003134,0.00907906558060132,0.0033334446825755443,0.0010531294118474423,0.000268996327233153,0.000040437356381454376,0.000008790729648142255,0
0.021246852448408286,0.027172689802636204,0.04564477330594905,0.07022556866937694,0.09790116336320284,0.12214610266293419,0.13596895353580826,0.1349314923966408,0.1181984751079663,0.09264000450152628,0.06325171972371882,0.037805787274747836,0.019588673034450745,0.008814902865502837,0.00323371361852378,0.0009425070688030161,0.0002356267672007541,0.00003516817420906776,0.000015825678394080493,0
0.021187387504684563,0.02773256949417355,0.045351777140072186,0.07047331166854634,0.09710446075266072,0.1219937468879595,0.13597087745906183,0.13476388959755928,0.11849418587261176,0.09303659495704285,0.06296746587092267,0.038178468814495124,0.019702405354381138,0.008501698756239474,0.0032268450991190397,0.0010134475338563612,0.00022697002060324755,0.00005630264076979787,0.000015835117716505648,0.000001759457524056183
0.021393138932312504,0.02798200064358778,0.04588991835579151,0.07047461960621573,0.0969777751205848,0.12242938558468897,0.1358058123361357,0.1347155816820149,0.11820562101824027,0.09256234097139555,0.06266012762732401,0.037746598744124615,0.019858023833848843,0.008804491750294975,0.003184528571956102,0.0009917582079421547,0.0002549732981411568,0.00005451153270604041,0.000007033746155618117,0.0000017584365389045293
0.0213149278388968,0.027835202091554788,0.046224275617939375,0.07089786604407959,0.09836007889074405,0.12050367623126043,0.13607069905573904,0.13458577960910023,0.11958000003518769,0.09226205661343362,0.06256894583034972,0.037068445285820595,0.019259968225538857,0.008816269368610142,0.0032671746592514523,0.0010591487048300346,0.00024103550259421048,0.00006333779630212834,0.000012315682614302729,0.00000879691615307338
0.02164878283856013,0.027785154869085452,0.04624527548599398,0.07088925510528914,0.09759276228197765,0.12167217456914363,0.13577228765848773,0.1348911405139497,0.11973576138324277,0.09170965410137943,0.06258607013649864,0.03693782900117311,0.01898247730738317,0.00871297994818644,0.0033205704768219605,0.0011607926454992026,0.0002778867242255665,0.00006859229268858924,0.00000879388367802426,0.000001758776735604852
0.02153278256284057,0.02825276850061523,0.04611706802601511,0.07059764457725436,0.09769027948672875,0.12105290912286872,0.13610300580066795,0.13524345227632276,0.11886447530321673,0.09274213394269644,0.062202496044999105,0.03758481279662505,0.019047284232729826,0.00843557743012832,0.0031341184742485493,0.0010370891193531373,0.0002636667252592721,0.00008788890841975745,0.000010546669010370892,0
0.021310835338314123,0.028607910176860415,0.04681806030419429,0.07065974420666074,0.09705338173427322,0.12200308133890506,0.1361856823266219,0.13506183782871128,0.11797729095437083,0.09193540444331884,0.0627277587832229,0.03741223812136817,0.01932344209474766,0.00857041351849507,0.0030549575788274036,0.000946210234547578,0.00028843583357955914,0.00005452140756686787,0.000008793775414010947,0
0.021888654055962856,0.027933991451144505,0.04638799435698236,0.07041298385977485,0.0981748035397111,0.12274617488786875,0.13591907224011288,0.13507402507734556,0.1177865737641844,0.09201527058199331,0.06233847916106671,0.037554528381111014,0.019082956927190673,0.008497906707495971,0.003020033415378453,0.0008731568396992969,0.00022136370583925843,0.00005270564424744247,0.000015811693274232738,0.000003513709616496164
0.021650013711440968,0.028157674539611998,0.04607219952607636,0.07145770196249394,0.09798230872539851,0.12157301869678026,0.13629348108875874,0.1346902972218511,0.11799925466013209,0.09189478051147192,0.06306559693988764,0.03717558379096731,0.019123944394833243,0.008553829710934699,0.0031378105289803617,0.0008824542776180065,0.0002408291554455517,0.00004218904912914772,0.0000052736311411434645,0.0000017578770470478214
0.021721212802862423,0.02831490134949186,0.04652135479914028,0.07192252064481774,0.09907755140774895,0.12148589966416473,0.13594386226361052,0.13388597066230368,0.11843157378622175,0.0917686093327405,0.062031987824873604,0.03701393074869647,0.01900430382282801,0.008498688116071414,0.0030718996747090208,0.0010456409075811602,0.00023021673763551595,0.00002987545450231886,0,0
0.021697527989582664,0.028484265909382456,0.04684993084978325,0.07159815201097967,0.09890853368151539,0.12253383264417425,0.13589643107559776,0.1342726750326421,0.1177135265556163,0.09177736266169466,0.061479551041998,0.037207561360932506,0.01895787899502857,0.00839292084540753,0.003024333495591783,0.0009401617781183053,0.0002056054729716669,0.00004569010510481487,0.000014058493878404571,0
0.02174581882176305,0.028377335403191636,0.04664213544679226,0.07158416241941351,0.09863589774243628,0.1218268667842243,0.1367495371827306,0.13419503198845287,0.11767074133393339,0.09224172335042782,0.061779292860922756,0.03694275130582156,0.018871341194341053,0.008428284859853835,0.0030485285663301082,0.0009476106673886558,0.00024613264088017026,0.00005274270876003651,0.000014064722336009735,0
0.02183407649135639,0.02843282742323436,0.04687346152223142,0.07175811964609738,0.09874917361765574,0.12146941330370079,0.13519790978014712,0.13390558845455955,0.11763992235522486,0.09171964891058194,0.062275821810867445,0.0375968801429114,0.019360204239517263,0.008738553725401938,0.0031455276890833134,0.0009775927306485874,0.00023912340174138096,0.00007560519319764251,0.000007033041227687676,0.000003516520613843838
0.021895988342763528,0.027858193725974083,0.046998068259517654,0.07145154741377038,0.09805648275583254,0.12196682468620207,0.1355575593627893,0.1339123281603468,0.11779398400821209,0.09173218589003318,0.06286681537025614,0.037411432599131336,0.01940880655701974,0.008612855653812418,0.003206091573990582,0.0009790531835047996,0.00021620025416712801,0.0000580049462399612,0.000015819530792716687,0.0000017577256436351875
0.021852268334680396,0.028864602733949463,0.0467934075974277,0.07158871279474294,0.09787222827423835,0.12224760164458655,0.13517587939698492,0.1334961520891169,0.11781459746283866,0.09105316793759005,0.06358365252837615,0.03724039779316162,0.01924833960009839,0.008720174298063745,0.003262817584425625,0.0009400147591102361,0.0002143585058157922,0.000028112590926661283,0.00000175703693291633,0.00000175703693291633
0.022327971293110413,0.02884395724894652,0.046972034681633995,0.07212922317779086,0.09799108005806045,0.12148236923217505,0.13474454453117585,0.13320692648604196,0.1178079014237464,0.09186696704401279,0.06315656290527218,0.03716818202586011,0.019514569589956808,0.008463049720417106,0.0030506342015457007,0.0009524445491000981,0.00026183438711423364,0.000052718332976020175,0.0000052718332976020186,0.0000017572777658673395
