0.09898462760224631,0.09597821770945607,0.10165068920528675,0.10216121163991151,0.09739633558341368,0.10068636905099554,0.09977877361166264,0.0997787736116626,0.10238811049974474,0.10170741392024506,0.10045947019116229,0.10187758806512,0.10142379034545354,0.10692608769640931,0.09535424584491467,0.09699926257870553,0.09841738045266323,0.10380622837370247,0.09484372341028986,0.09949515003687107
0.013378100517945916,0.01781317508654121,0.025303870279274356,0.03215429062231592,0.037547174722157156,0.04553759662684471,0.0503110278233258,0.053793498347257995,0.05703131100179589,0.0610655631035111,0.06441789646287188,0.06817625777569557,0.07079982301345619,0.06691132453606101,0.06205981104083707,0.058067202831784716,0.05898336847036777,0.05746336638817314,0.051497878764217485,0.05083157648161164
0.010508198793599141,0.013827259732724842,0.02181699138794442,0.030954132781885177,0.03893089935531131,0.04649926585224342,0.05266740351548192,0.05822618233442783,0.06264079268510085,0.06867927953040473,0.07322029942856399,0.07434502027414665,0.07478259178467592,0.07138574035478945,0.06460824384725836,0.059179115846247105,0.054712645168400215,0.04858988529143882,0.039556464551845735,0.03521316215103671
0.009721614452494014,0.012782072683857094,0.02074790792153557,0.03030204804892412,0.04012360685672303,0.0485189327023333,0.05635781159678666,0.06279206711938762,0.06810532514329858,0.07475297537046946,0.07864000043219183,0.07986094228618663,0.07765136167431104,0.07251908396946566,0.06440468279822585,0.057076330475465,0.04857835907575782,0.040269471591492315,0.029796923874815646,0.027084920287623646
0.00951701792128419,0.011816704675710669,0.019359485789084502,0.029615945132967832,0.04088943555971409,0.05116264600378575,0.05908591639286593,0.066834496737125,0.0740015746034177,0.08044117611867439,0.08438486370586981,0.08242259196952256,0.07930688733449316,0.07197947750925499,0.06222315815670894,0.05173457642450159,0.041975864057642934,0.03377500400829896,0.025638755345395718,0.023851173653869625
0.008687477643322658,0.011509871836257514,0.01867709542048003,0.029491183835140766,0.041264973520969465,0.05213140927769394,0.06156047426691911,0.07137341976461144,0.07951343145551783,0.08509060452455525,0.08771887732400388,0.08535234123487379,0.07801716992819689,0.07013671380835636,0.058901665517933334,0.0477604062153744,0.0380652422373254,0.029772550798733196,0.022552979872446973,0.022428654935045676
0.008135543826700772,0.011029530809830644,0.01892424634912411,0.029542952433377595,0.0409974743386329,0.05395767898196419,0.06454198102515946,0.0748470032056471,0.08338325292231973,0.08903361072434676,0.09013251627108763,0.08644521257649838,0.07749409060000648,0.06735096978920442,0.05554228863776187,0.04413026584204902,0.03482296085224882,0.027239905449600105,0.021049201826247445,0.02140336107243468
0.007933320517188544,0.010868344566493902,0.01829155714255803,0.029670009650176347,0.040989457134754145,0.05453967516783124,0.06804040511706788,0.07870889396036002,0.08674880419658952,0.09189175814031397,0.092479904982879,0.08630341144202566,0.07653712843490126,0.06478941868631977,0.05284375660237658,0.04152811589347882,0.03245085928444037,0.025779484905182722,0.019732421737450493,0.019873272437611705
0.007839151552702761,0.010710668818945852,0.017973705235582175,0.02902678210709583,0.04210350868611326,0.056374134242073444,0.07036938400972513,0.08129020803553795,0.09070190027410763,0.0944792589492602,0.09333608709121644,0.08692454159895502,0.07485692234946273,0.06248131702094124,0.049944471921633836,0.039806294873118785,0.031184496343118224,0.02404827772372924,0.018511775032474417,0.018037114134205837
0.007502025808362885,0.010598680828446708,0.018168669239951554,0.02888410633533445,0.042121130270369164,0.05737089283691589,0.07248647282802848,0.08508743650288843,0.0942519321419547,0.0967160121635633,0.0946509946065575,0.08628288126584703,0.0745166377680384,0.060917146616246545,0.04779165105559864,0.03733412332598524,0.028850996349188373,0.022795354146154453,0.017131803884324164,0.016541052026244018
0.007438763280175898,0.010269833170306652,0.018213781376984924,0.02909051455966692,0.04317805395307207,0.058360725771042725,0.07535562136898334,0.08889559455010568,0.0974684810377651,0.09988251907581674,0.09524939691430331,0.08633237438610705,0.07279240120498473,0.058798100640296475,0.04585316071153093,0.0350883141233092,0.02717996619668647,0.0206871532151291,0.015667513727298462,0.01419773073643418
0.007333247992126441,0.010352331726812825,0.01808125258725168,0.029838389245677943,0.04378502660816915,0.061301032240688835,0.07846791475410929,0.09207207896167456,0.10034463439328223,0.10226481154832781,0.0962864937565149,0.08621013554289475,0.07100332996955981,0.05663608237310622,0.04395293820354543,0.032844173052017665,0.024633129789013265,0.018320651297491133,0.014046386825090984,0.012225959132645174
0.007763501206124159,0.010156057697041306,0.01820837230673296,0.030243358112210572,0.04573589983426046,0.06285137596613005,0.08091205960058419,0.09549713648074301,0.10414512873529264,0.1043453289354929,0.09779615681255027,0.08472899128636832,0.07037365234086546,0.05452173484960371,0.041328213459361,0.030886624329247287,0.022082738476181103,0.01628677858186055,0.01182822166428724,0.01030866932506277
0.007640181139146612,0.01042656186968912,0.018562858667221876,0.031003162127343956,0.04673897484612281,0.06544660168907047,0.08347105287128972,0.09845049253711921,0.10647617994196261,0.10725207229950419,0.09783238122503152,0.08468775619087278,0.06885922677528074,0.052451624656785566,0.039128072663864547,0.02877470818639635,0.02023338581857458,0.014099444350462606,0.01023624864991476,0.008229013494345912
0.007713884992987375,0.010507623399538524,0.018866217255576162,0.031703841107541965,0.04784418404741438,0.06750861227629085,0.08618416375281959,0.10149074786228113,0.10950840545239497,0.10848882827799722,0.09961640630554357,0.08465883752044001,0.06735026273098027,0.0506104536552892,0.03697785045339676,0.025799665203818475,0.018244129756141692,0.012238157716147124,0.00813076440819281,0.006556963825207955
0.007887294960073184,0.010630002909907036,0.019171625030345023,0.03254755125696731,0.05007933917779853,0.06954838564467301,0.08921196180787219,0.10400104177886954,0.11175168364648325,0.10986908633742379,0.09977604969671051,0.08408666699892126,0.06592627485277638,0.04865975469966063,0.034515355788383856,0.0240638057403945,0.016197410665050406,0.010421004062616054,0.006720116782125132,0.004935588162948363
0.008098969600820474,0.010836017499158695,0.019425348140313776,0.03326763136387673,0.051702642501161813,0.07199333365383076,0.09195070749803697,0.10747239716039292,0.1143534765956765,0.11049949521657611,0.100057689534157,0.08335977436982198,0.06443920965338205,0.046388795410477045,0.0319071198500072,0.021657612614778124,0.014411166129833501,0.009041231992051667,0.005249747608288062,0.0038876336073586206
0.008044078544487064,0.011256273693736617,0.02033324326182509,0.03423570061509779,0.05317310198279901,0.07374777952413465,0.09445996268161533,0.11082792771041959,0.1170092848268948,0.11232290156036892,0.0994901099885039,0.08155841830167775,0.06239237387457249,0.044516643775712336,0.03008814749555905,0.019457044684528548,0.012543390216955084,0.007484462664826864,0.004163542144671896,0.0028956124516132135
0.008383630865032474,0.011580129391197824,0.021160054614825122,0.03541669325098576,0.054397897074023496,0.07582592162517388,0.09664782370130287,0.1125776793803514,0.1196246506820473,0.11379470950782851,0.0999432158944454,0.0802697564025674,0.06041446016818306,0.042168578610894895,0.027746053823675787,0.01747387293120829,0.010619903786032383,0.006337169982262941,0.0034166166881467964,0.0022011816198144623
0.008608145499469854,0.011852717448410027,0.021732900723740147,0.03621247966172391,0.05648389017490122,0.07781082139570725,0.09919825003263677,0.11501991638620278,0.12159025418466995,0.11477951875897512,0.09988282605719233,0.07967668907193781,0.05788010685754131,0.0397404342440848,0.02553627775318964,0.015611517434400101,0.008961577772612502,0.005005365165587797,0.0026953190920293063,0.0017209922849874078
0.008912001145010853,0.012512424162909602,0.022359517505148575,0.037258971239553774,0.057393669044154494,0.08037340076175029,0.10088340767952415,0.11727137552380272,0.12362459546925565,0.11630129688382115,0.09957777724768013,0.07823286658238117,0.055936960791329704,0.03737347232492862,0.02339161756637485,0.01374331083068947,0.00741235498517052,0.0039948156453010805,0.0020896448080914096,0.001356519803121745
0.009026705657042305,0.013101337424889845,0.023072126377052585,0.03822188654816174,0.058975852094674916,0.08169255887827036,0.10468376383002694,0.11920677962874521,0.12364317776850442,0.11689179218743306,0.09920649402371474,0.07677063218673491,0.05492660744064575,0.035313475321345315,0.021104625056129322,0.011844675290880794,0.006430873269114512,0.003168629143454645,0.0016977632366031409,0.0010202446365755319
0.00955448355043023,0.013357247293821381,0.023501650824460745,0.039795811568140514,0.06031456055718893,0.08415240233811293,0.10546246871996881,0.12273507201146854,0.1257148022340841,0.11662020253919322,0.09825339283278943,0.07542888134045042,0.05233795437317833,0.03303234727891479,0.019051878070517638,0.010440949327142344,0.0054012565929901,0.0028560373235393946,0.0012876747955102646,0.000700926428097952
0.009834839355838622,0.013788742706276485,0.02422102557438568,0.04081157233820691,0.0615129108018421,0.08556753964204096,0.10792333706273317,0.12359473996152273,0.12784181851028964,0.11718291913752608,0.09748788473302039,0.07316068219491555,0.05044515088221964,0.031160561755374613,0.017714120902282336,0.009521062657086441,0.004617905556383136,0.00218534377565283,0.000949253750265443,0.00047858870213716797
0.00994151306060539,0.014059664911319616,0.025202899330899274,0.04169767287212988,0.06368806543444051,0.08770190977115042,0.11159067375560881,0.1252640145409868,0.12757404281864612,0.11726045529248219,0.09575930106999116,0.07190061970189712,0.047565366358768464,0.029479380741425667,0.016241446245531144,0.008267969613390882,0.003929739674537756,0.0016672102648220219,0.000834396780210072,0.00037365776115669253
0.010222879325748531,0.014362631541496357,0.026013393315992124,0.04224982408424981,0.06539796491172588,0.09006570156782442,0.11389062388817298,0.12647907590863453,0.12827855567239346,0.11751962745392588,0.09489962919331754,0.06989982685146386,0.04587250258932173,0.027457088416441993,0.01465674686316522,0.007314932677635378,0.0032494999248899054,0.0012824060530830723,0.0006166934164024634,0.0002703963441149264
0.010491994821107147,0.014636688034862788,0.026317617709287273,0.04363217229292324,0.06637193292702184,0.09214639845896361,0.11424827107083085,0.12908232544920584,0.12997284239113271,0.117671392932706,0.09387374869738212,0.0678450753149967,0.0438295386364354,0.025829728108125175,0.013149335270155044,0.0063583541225881845,0.002794707424132379,0.001072093977958127,0.0004531531247039506,0.00022262923548173184
0.010833801713957323,0.015164480539574475,0.027093977151445875,0.04454615496346629,0.06800886660309322,0.09350824455152294,0.11648310356369235,0.12999930532311946,0.13136024048450554,0.11725829980991113,0.09310880534522285,0.06596430623882989,0.04203900294921912,0.023470605695087365,0.011899499201121587,0.005557415044175134,0.0022845396502617667,0.0008888706448496025,0.00035049606244513636,0.00017998446449885374
0.011162484216300915,0.015429797416911929,0.028007888302643464,0.04568247847820706,0.06941674798260289,0.09625021872541802,0.11821261529391176,0.1313124943840771,0.1315757530854077,0.11634300559464152,0.09158407647428811,0.06461345898287557,0.03988448145129635,0.021770075840575567,0.010888190719106116,0.004726045428678174,0.001959464465592719,0.0007818941069460886,0.0002869046924681214,0.00011192435805075062
0.011469340690368812,0.016209454673941685,0.028109428015729934,0.04690267859818821,0.07086194358870009,0.09677877312284387,0.12023799946683575,0.13260015363963457,0.13199442859148416,0.11546002766775346,0.09035398634910272,0.06304114986804976,0.03831684152245206,0.020952723475473663,0.009981844022645282,0.0042085271574616966,0.001616844204047317,0.0006278087738642258,0.00019244389550611952,0.00008360267591659292
0.011817944121899819,0.016483378013552125,0.028970737869399354,0.04711111671145191,0.07244653337155565,0.098578948529018,0.1212335520616429,0.13443915562261965,0.13218676856486722,0.11503397481736756,0.0887865776632508,0.061227125670597064,0.036926546980383744,0.019287048616908338,0.009327717591615449,0.003951915474056596,0.001422311547657675,0.0005481333539145856,0.00018586130966069273,0.00003465210858080714
0.012282890922382717,0.016787352844790646,0.029776084600065544,0.04896613224432175,0.07351930978849987,0.0999237439814465,0.12298331190602237,0.13448473619198878,0.13187407043283175,0.11415399934457635,0.0877700471400842,0.05931111195139782,0.03563393329804128,0.018614976429957894,0.008413370642063071,0.0035654415286495754,0.0013076961859386424,0.000474236809599435,0.00012131639315334388,0.000036237364188661174
0.012488919469142195,0.017100624603423275,0.03039726163278609,0.05059020063830154,0.07501224172325674,0.1016810916940498,0.12428143839854643,0.13578629651264404,0.1304723651954031,0.11331663315609734,0.08629352109748822,0.05806276894396832,0.03392886102377019,0.017716253387139183,0.007911853294558686,0.003282828680428831,0.0011446601681878942,0.00037000706949677454,0.00013068334794992463,0.000031489963361427634
0.012972244185643588,0.017582462584305417,0.03105872791363598,0.05085730846409007,0.07651513480990525,0.10416856987150605,0.12545558786191077,0.1358809502058611,0.13029891603952778,0.11190529442710119,0.08518902367954334,0.056959114434850536,0.03247313724810754,0.016519292984340697,0.007538266230268359,0.003069803778268498,0.001093095855371133,0.0003339140076926228,0.00009607903051533014,0.00003307638755445791
0.012950831541602262,0.0177987363967475,0.031634153174905484,0.051841102048397196,0.078465228874625,0.10476983469903645,0.12669401220790588,0.13660860723471102,0.13004976972451943,0.1118669785275591,0.08368302257423747,0.05563600419312292,0.03148777163220143,0.01578874467596163,0.006884654492339366,0.0025671859801109998,0.0008861592316385603,0.0002848931099939245,0.0000818477443076468,0.000020461936076911693
0.013469814027229039,0.018491896720940173,0.03220550117019403,0.05277669426479101,0.07987046077962603,0.10670156277524727,0.12712176309233209,0.1367333970858394,0.12971223293152476,0.11041661423861895,0.08239172559579232,0.05452569393763998,0.030558736190452216,0.015168482774240634,0.006379444849888015,0.0023970103430052602,0.0007644009361552205,0.0002406447391599769,0.00005976797443188966,0.000014155572891763345
0.013617835336835334,0.018523150792040106,0.03306761563596832,0.05383261200968476,0.08076150381428394,0.10767780981912635,0.12817221149807204,0.13662200280977982,0.13059025827634324,0.10981267610287003,0.08094399791075721,0.05327883682038647,0.029425599831350287,0.014473669720296335,0.005912179435747131,0.002267017181189893,0.0007268299359540114,0.00022654439562202949,0.00006292899878389712,0.000004719674908792282
0.01394110890970881,0.019000318950198207,0.033103259733872986,0.055082542111638835,0.08137786485624458,0.10857033323225389,0.1292958113825941,0.137624653750493,0.12965404116185858,0.10861432636304079,0.08024504173848282,0.05194488917658998,0.029052749334996693,0.01382012780004494,0.005645261389900121,0.002122668560466201,0.0006928918098931124,0.00015868950748118901,0.000042421947544476265,0.00001099828269671607
0.014164951369357194,0.019381550209763836,0.033925176374463815,0.05575161447449051,0.08274122841475103,0.10887607435224611,0.130971198717848,0.137414955297519,0.12943921562465627,0.10744150967113426,0.07946042769825434,0.050841412252722214,0.02794651414923871,0.01329132819006017,0.0055167104002011216,0.0019703659475511833,0.0006552173844727622,0.00017441038291721002,0.000029854029508351277,0.000006285058843863426
0.014311663660190689,0.019732748379959898,0.03453780931609481,0.05714137560417597,0.08283103186026487,0.10991759951225956,0.1310943991552536,0.13777568965625614,0.12894953520091013,0.10704206761742541,0.07801648009754811,0.04971213254473575,0.02782666356591095,0.01315359425773565,0.00524666721139402,0.0019311632233612612,0.0006379595351380567,0.00011942099672535059,0.000018855946851371144,0.000003142657808561857
0.014809489124428588,0.020350881599437383,0.03559677500376752,0.05695703772542322,0.08414282664389411,0.11105704023710254,0.13153193600241123,0.13842335610589243,0.12902339629276136,0.10576367609383634,0.0764884839503692,0.04850523685135882,0.026873398804440653,0.012596071733561058,0.005280805746722259,0.0018696312854774703,0.0005698372431807907,0.00014285176068719552,0.00001569799567991159,0.0000015697995679911588
0.015218592617710969,0.02067241877346998,0.03615632417768734,0.05797005890257841,0.08537106112555419,0.11216765256270173,0.13254336058676508,0.13770989538198766,0.12843336724313328,0.10489274455873303,0.07520911043291512,0.04804673272798062,0.025989663790613262,0.01234567901234568,0.004981286814111499,0.0016546726448388037,0.000500797508257664,0.000111462768295593,0.000018838777740100222,0.0000062795925800334076
0.015391814481684338,0.02112174011356213,0.03666430078890508,0.05900143208883974,0.086412114969097,0.11331874026430828,0.13297227526254962,0.13768152354153054,0.12681523541530576,0.10360660268328224,0.07483135269584444,0.04757141600924579,0.025948758856338884,0.011839857293603338,0.004635445455002262,0.0015953972162202903,0.00045851967237827264,0.00010677855384151552,0.000023554092759157826,0.000003140545701221044
0.015760145917402345,0.021638245917245506,0.03764932459878204,0.05975963777855497,0.0868180314010988,0.11404423630965735,0.13282341704554904,0.13762407448939107,0.1261674254768899,0.10246839423419245,0.07404084871734148,0.047134583083054044,0.025775499865907797,0.01169189847887695,0.004612457870741399,0.0014805033083916616,0.0004030607523905267,0.00009566811632615617,0.000010978308430870374,0.000001568329775838625
0.01620288668332604,0.02185954360849534,0.03774712578767301,0.06032983047284696,0.08785073704388695,0.1149669244006469,0.13287496529297435,0.1371621653419171,0.12587865639495574,0.10171001711428922,0.07343457588406835,0.04619603155554929,0.025448681446761386,0.011714895706368368,0.0046778011510967415,0.0013914183839781387,0.00044550487153302305,0.0000862773518813953,0.00002196150775162789,0
0.01622726004070535,0.022100998190524877,0.038221634046983644,0.06123050580631404,0.08792731993840887,0.11477309432790699,0.13274867738971452,0.13757028572145374,0.12592316159522324,0.10198760023457323,0.07265810955321331,0.045953455407570946,0.02487165897822671,0.01137585965748549,0.004512711797965988,0.0014159064466863394,0.00037632065028208364,0.00009721616798953824,0.00002508804335213892,0.000003136005419017364
0.016854909864236087,0.022285152791207557,0.038268716315646774,0.06133902111447704,0.08860307196599869,0.11511958288211907,0.1340776344514044,0.13796421524762062,0.12522155861292944,0.1018331183698928,0.07181241605847422,0.044863366311807214,0.024272323940240693,0.011310263550924394,0.004312850948059295,0.0013587361089997848,0.00042156864281538896,0.0000611196173598519,0.000014104527083042753,0.000006268678703574558
0.016970595797249587,0.02230555538136417,0.03878702176625886,0.062125706258975205,0.08861864837239052,0.11636263302125206,0.13392269246928834,0.1379611455661673,0.1252359422325623,0.100723033605699,0.07146462904550788,0.044267779540594604,0.023965773482914954,0.011228028369505918,0.004273611468203452,0.0013325641041720233,0.0003605761693641945,0.00007368295634833538,0.000014109502279468478,0.0000062708899019859905
0.017055357030907152,0.02308475957620212,0.03925615948843332,0.062438091655695575,0.09028117359413206,0.11634537019622594,0.13343834242367245,0.13757914864271834,0.12458466553821079,0.10014575888659018,0.07136229703466868,0.043760579274026705,0.023901322801078297,0.010872359099742962,0.004114162121497084,0.0013400413767161933,0.00033070026957557515,0.00008933609178107954,0.000007836499279042066,0.000012538398846467307
0.017113714644956264,0.023279731473337825,0.03992154907650846,0.06296298038256583,0.09101498625854627,0.11673886221076711,0.13402503092415,0.13714644956267216,0.12448675317589845,0.09973018777112522,0.07048354553022569,0.04342393442982764,0.0232264274885514,0.010676474599867364,0.003963308045295846,0.0013075153915256073,0.0003856700075723015,0.0000909303269885914,0.000018813171101087872,0.0000031355285168479786
0.01738539238539238,0.02380974760007018,0.03981659021981602,0.06338509161089803,0.09099838333709302,0.11688535478858057,0.13416892247537407,0.13627121086798505,0.12364024864024865,0.1000795799182896,0.07042196155099383,0.04342901721933981,0.023305323708549524,0.010550605308669825,0.004156014236659398,0.001286124269995238,0.0003305386369902499,0.00006892748828232699,0.000010965736772188385,0
0.017822722443184492,0.023740123300079293,0.04060690969381839,0.06408846012806409,0.09051303990797938,0.11709589762395042,0.1343544610871344,0.1358322441930803,0.12482957697479144,0.09905691423843237,0.06979116715090315,0.04307353812304309,0.02277791881752278,0.01049335702801049,0.004119927662281898,0.0013602499851124714,0.0003651362287225874,0.00006738565594451182,0.000007835541388896725,0.00000313421655555869
0.017977327137464822,0.024117763337485523,0.04067372225900279,0.06399922185581114,0.09181787660766784,0.1174448631501661,0.13441970210883353,0.13717772122984434,0.12321348448575026,0.09849799345480328,0.0686900507362562,0.042984622239235416,0.022704239316990227,0.010395127813320698,0.004064862083355559,0.0013225313532492225,0.00039534745079336205,0.00008471731088429184,0.00001568839090449849,0.0000031376781808996977
0.018222741906663693,0.024368567729477084,0.04128095248544657,0.06499747646529591,0.09209804480919881,0.1170277463424421,0.13533199371780924,0.1365059859497111,0.123733138556162,0.0980275676573761,0.06869030116270687,0.041638322617454065,0.02231368947043389,0.010257149753759439,0.0037994087718693286,0.0012570651134650172,0.0003620723705865573,0.00007366840440505706,0.000012539302877456527,0.000001567412859682066
0.01821500473941075,0.02455093103961521,0.04126342506639091,0.0653443318997595,0.09251173102081424,0.11814528448215085,0.13456323000634535,0.13649189599931066,0.12345969150744592,0.09821782488464821,0.06854049650223654,0.0412853595293491,0.021937596452883994,0.009922210993866185,0.0038682992174096944,0.0012392971571369255,0.00036505213351820944,0.00006423664152037166,0.000014100726187398652,0
0.01865073149337426,0.024220732433194444,0.04174681244321919,0.0656401741800069,0.09325052473293445,0.11732715140503111,0.1350317972494596,0.13746906425237299,0.12174900535697504,0.09822843895867925,0.06783778703674695,0.041613671250900666,0.021966730365590045,0.009866545534287773,0.003796873531530967,0.0011591115566554936,0.00032737069640675415,0.00010651295385482908,0.000010964568779173586,0
0.018817776553382248,0.025139935886198,0.04160822960755342,0.06526271632147064,0.0936130381427033,0.1185463572841794,0.13504908712965516,0.13675210999524157,0.12176770016779785,0.09712082696786795,0.06790803676525832,0.04124821558265921,0.021859112424553583,0.009901950962959257,0.0038224097773548057,0.0011598712715069248,0.0003208820656665581,0.00007669864008615296,0.000025044453905682588,0
0.01893145975597156,0.02483022270648019,0.04175472542886572,0.06578341771319614,0.09317947706401909,0.11918694757803179,0.13529896145452727,0.13661084132515522,0.12187019590530673,0.09618208516886927,0.06770114186775374,0.041784469721875196,0.02190119258960076,0.009662198760758824,0.003750911897404106,0.0012273434589168697,0.00025987119155637786,0.00007514347707654302,0.000007827445528806566,0.000001565489105761313
0.01900396672583882,0.025293747475791075,0.04244271415466788,0.06565760925715466,0.0932055340052034,0.11933364015190655,0.13473561944478357,0.1360865604072547,0.12195881743355656,0.09651166067118129,0.06738268103078515,0.04161774788905693,0.021937527981540788,0.00955520699295883,0.0037444389133613233,0.0011803122661682426,0.0002833375599157188,0.00006261603534049034,0.0000031308017670245173,0.0000031308017670245173
0.019086127166724868,0.02546121936361828,0.04211695029119341,0.06642561061356542,0.09450357747436103,0.11888897066768554,0.13487759541106117,0.13619301605596176,0.12215090067164754,0.09543689974145718,0.06740904414332448,0.04092054389511712,0.021496165705417816,0.009776394150136473,0.0036377644739335295,0.0012292919121988043,0.00029753562206085723,0.00007516689399432183,0.00001565976958215037,0.0000015659769582150369
0.018935705944781688,0.0260876643197265,0.042583032530531605,0.06664516957138342,0.09483349664864459,0.11944975784461359,0.13429214552489951,0.13685927437911483,0.12117317788637638,0.09585878286785857,0.06609887202862658,0.0408157834595505,0.021493442864164453,0.009586034819033072,0.003658158617256741,0.0012052983035035051,0.00032871771913731986,0.00009078870338078347,0.000004695967416247422,0
0.019539249814213632,0.025792623303477147,0.04273164626276059,0.06676888176164589,0.09442953807642668,0.1196526772793054,0.13543395783627335,0.13658700668830914,0.12107325849728161,0.09598936128603276,0.0661274298900927,0.04009700003911291,0.02109907302381976,0.009552939335862636,0.0036155982320960614,0.0011671295028747994,0.0002659678491805844,0.00006101615363554585,0.000014080650838972113,0.0000015645167598857903
0.01953183054787685,0.025515751400550367,0.043110825343039026,0.06747046759061534,0.09440984460578869,0.12062958669488888,0.13499412558881,0.13598753467154137,0.12123814753454638,0.09540325368852012,0.06632530940390764,0.04023854333375574,0.021028984078859482,0.009161265493661742,0.0034745851539314757,0.0010669369990910704,0.0003300934117422516,0.00007039906885498262,0.000012515390018663575,0
0.019612504829221517,0.02549516139375634,0.043446570431556426,0.06746363811260729,0.09454794576256342,0.12060462635511476,0.1357844141665507,0.13572810583463807,0.12122088976549149,0.09550362328474656,0.06593862078997462,0.039739605247310884,0.020699568459200703,0.00937064490245364,0.00338319227574816,0.0011183460365972882,0.0002659004562539006,0.00007351365555254898,0.0000031282406618105944,0
0.019684423575636042,0.025837663333010068,0.043216577146986415,0.06792025501377988,0.0959789657426901,0.12042300004066701,0.1356887905927694,0.1363832589334593,0.12041830768701377,0.09540962683275514,0.06531912697196163,0.03941733480568964,0.02026783954653094,0.009107858441074987,0.003448879935182955,0.0011136519337189398,0.0002971823980429755,0.00006569295114634198,0.0000015641178844367142,0
0.019409293256548856,0.02625797644866068,0.043423465965328145,0.06848683192111815,0.09607701797701158,0.12087300383557528,0.13553356402033337,0.13614963278236353,0.12124201964227356,0.09516073296546419,0.0655331418412325,0.03843706169600291,0.01991903543020833,0.008817288703269074,0.003291433360592552,0.0010241752262176347,0.00029708899691809255,0.00005629054678448067,0.00000781813149784454,0.0000031272525991378163
0.019550420122055195,0.026280507932336182,0.043894189628280775,0.06853832567555095,0.09577938077560276,0.12081931231706187,0.13601911082117396,0.13661984390326323,0.12033903873320417,0.0945607061116769,0.06513417154371193,0.03879578047586193,0.0202231160212697,0.00889210114217506,0.0032555352703846417,0.0009636759858514836,0.0002518698599384562,0.0000782204533970361,0.0000015644090679407213,0.0000031288181358814426
0.019906200494488224,0.02631171524234146,0.044263107769345174,0.06829160730566475,0.09612025353077416,0.12077272777031474,0.1365691399939635,0.13574812064762007,0.12042399002891555,0.09396996476654121,0.06497156145368901,0.03901171164549481,0.020098553598488698,0.008876392018753647,0.0033294289302196133,0.000991478601108141,0.0002768008081958059,0.00006099000858551657,0.00000625538549595042,0
0.020037748654011853,0.0263161598328676,0.043116969224057194,0.06845579232298088,0.09635914701177335,0.12126325073143882,0.13637209476882467,0.13596865016505258,0.12086762482153829,0.09357256451595253,0.06474191273399396,0.038872982190579095,0.020444320735332526,0.008753809658588914,0.0034183329606422576,0.0010461412400135728,0.00030180158344188316,0.00006880450606965205,0.000021892342840343835,0
0.019991272781871156,0.02616288617549216,0.0435547617297409,0.06798471642015146,0.0963904038137005,0.12077656601170822,0.13644489418639028,0.1364057937467449,0.11952691596064302,0.09441661362040354,0.0655323368455955,0.0387860721105948,0.020213363279056717,0.009014997364630371,0.0034298905656895205,0.0010213034835363686,0.0002408587082153151,0.00007350882653324556,0.000025024281373019762,0.000007820087929068675
0.02016906815560022,0.026424714963219558,0.043770770091693216,0.06810401693182565,0.09621691244282847,0.12164435037874645,0.1360782940622938,0.1361955288225566,0.11975296291317437,0.09344391958008072,0.06479174417186925,0.039400258229098616,0.020211272669294813,0.009069281053924865,0.0033482247531035963,0.0010457340615435597,0.0002657321232621902,0.00005627268492611082,0.000006252520547345649,0.000004689390410509236
0.020065022495156157,0.02661418578794034,0.04400981436218376,0.06858637842841976,0.09597933291736449,0.12179285690828826,0.13531027990323255,0.13613596238140596,0.12000856958329623,0.09422632144381843,0.06417648337453928,0.03889464885819686,0.020233912092964344,0.009156005510805023,0.003432524696194198,0.0010321030977167062,0.00026740852986296504,0.00006724308060881572,0.00000938275543378824,0.00000156379257229804
0.02028170688592498,0.026928600257177984,0.044269342318919484,0.06872471630639848,0.09657158589963799,0.12115367166943557,0.1363762933205683,0.13470557500555344,0.11956586353297478,0.09403422156728394,0.06470591916101155,0.03862519280527371,0.020477249759873344,0.008990279172650278,0.0033242288571222974,0.0009120119640952003,0.0002940964824183493,0.00005005897573078281,0.00000938605794952178,0
0.02081597366071918,0.02713189807598807,0.04416300713042854,0.06892643355069074,0.09623186321333596,0.12116413117737274,0.1367319468524341,0.13570639080876665,0.11938347822960264,0.09336781035967937,0.06404253556225016,0.03880072476796015,0.01991704877488263,0.00896110860106964,0.0033127336227610905,0.001009922567392008,0.00027671253007489986,0.00004533708119871243,0.000004690042882625423,0.000006253390510167231
0.02093968170557765,0.027259590120861796,0.045052611165327924,0.0692687611040212,0.09631096264044238,0.12111984835973276,0.13477623051322474,0.13500143883091856,0.12020650351575207,0.0937445261867227,0.06422659710231965,0.038111815929735,0.020237469659434973,0.009075582413732698,0.0034187873783249503,0.0009665190301028458,0.00022051647774191138,0.00005317418612216301,0.000009383679903911117,0
0.02127902484950947,0.027250163823155437,0.045116662417951585,0.06907159580174817,0.09699112774452662,0.12070521372079525,0.13449450977386931,0.1351294711209883,0.11961827249851036,0.09316572021976541,0.06415142733367843,0.038576247753785146,0.020583069678406157,0.00901926622865803,0.0034797758555165817,0.0010415868403478848,0.0002549229053704282,0.00005942987977960897,0.000007819721023632761,0.000004691832614179657
0.02126841287361211,0.02722181747686958,0.045493203925995165,0.06948661265661299,0.09709615186184599,0.12015465094100689,0.13540086987245833,0.134411241428692,0.11911030370493125,0.09367388225141252,0.06368173048962374,0.03909423201393297,0.020044275319948585,0.008922289934556326,0.0034863687671387094,0.0011131365749788165,0.0002595234149529261,0.00007035273296916675,0.000010943758461870382,0
0.021326006913839554,0.027563152860866785,0.04496496196138002,0.06959785958529466,0.09780332439410135,0.12100782026517638,0.13501678450199725,0.13441823103226247,0.11879176590464409,0.09297582656639723,0.06399208596665604,0.03885440304058911,0.019860097893966956,0.008865780244922456,0.0034772362145165615,0.001117403997024423,0.000289118516712613,0.00007032612568685184,0.000007814013965205758,0
0.021088880934032182,0.027446339888795274,0.045516717444010764,0.07036036021953318,0.09752220108453531,0.12091677465645179,0.1354527989545442,0.13392088113411937,0.11855637066783802,0.09265445405106289,0.06453438295757058,0.0384714586515059,0.019741418524638087,0.009000798785720647,0.0033248869429016704,0.0010832847444432804,0.0003204521971296864,0.00006877998377417656,0.000018758177392957242,0
0.02151197948650637,0.027590398909947193,0.04576159157709204,0.07016746123640363,0.09728283713742387,0.12182152573015254,0.13471121257435908,0.1335517814144123,0.11903545327976824,0.09366391184572997,0.0638405922786885,0.03787370950780428,0.01957907336136594,0.008801988846334747,0.0033611003032959406,0.001045363134776841,0.0003140777131392302,0.00007031590592669329,0.000014063181185338665,0.0000015625756872598516
0.02156510808351497,0.02780652847569881,0.04594604736099863,0.07040672422365296,0.09677797616627944,0.12101194812991911,0.13484720089806412,0.13473306670752563,0.11905915903426838,0.09320698313628249,0.06380257599304565,0.03830843748729671,0.019332455698735776,0.008542865987698527,0.003223900012195159,0.0010209537865972066,0.00031582337655840074,0.0000703566927976635,0.00002188874887038421,0
0.021368169195017175,0.02807570830018893,0.045829120284054614,0.06952273640090202,0.09682485852749823,0.12098262634850135,0.13518066753454178,0.13551979521064206,0.1189494230922506,0.09379302584715503,0.06331841900865322,0.038090132947425845,0.01923338391597135,0.008679793147745583,0.0033162623441692707,0.0009626850160265178,0.0002547364571628608,0.00008126561823600475,0.000015628003506923986,0.0000015628003506923987
0.021667581339424896,0.02755588494198472,0.04588530159966101,0.06979656739731038,0.09642839832200549,0.12147479646576702,0.13527150145487687,0.13466797378876216,0.11990030848706873,0.09352333510013716,0.06377223553839827,0.03738431734923145,0.019437968769788594,0.008752714701840136,0.003266241695631303,0.0009349988195249015,0.00022358667423421553,0.00004534275211742835,0.000007817715882315233,0.000003127086352926093
0.021582036289597428,0.027694939691962208,0.045351832072648,0.06989883762571016,0.09694167173599266,0.12124941552887013,0.13522824477259965,0.1350202590594979,0.11976067568772118,0.09331834168143152,0.06330741070297606,0.03799101439167306,0.019488104937393166,0.008563381691314799,0.003226124256607455,0.001049311379633351,0.00025959119078857866,0.00006255209416592257,0.000004691407062444192,0.000001563802354148064
0.021708280716670202,0.027640939723184255,0.04485284004951177,0.06981189282454581,0.09676048061414584,0.12139914479688929,0.13532901564121486,0.13549467998649678,0.11910328703066984,0.09327840362085998,0.0637495155099336,0.038002775659219064,0.01971249421737662,0.008625486052937576,0.0031898200822695396,0.0010408722071491982,0.0002453707755591955,0.00004532326427526536,0.00000625148472762281,0.000003125742363811405
0.02122112515571588,0.027526348612897735,0.045274442900527796,0.07009051449935683,0.09702604147942989,0.12108092224443445,0.13548884238035475,0.13525126331107074,0.11941005365848321,0.09275118125251063,0.06371964419408337,0.038329944184548916,0.019653415902480036,0.008599737100003604,0.0032620231420769754,0.0010097110444569838,0.0002422681298619697,0.000054705706743025396,0.000004689060577973607,0.000003126040385315738
0.02147693808264399,0.027640225335909308,0.045167220002626,0.06891064718423898,0.09829372448245896,0.12173703724544982,0.13613940314745,0.13515777890320688,0.11901412413482641,0.09275254940946236,0.0634366852362463,0.0379644739556956,0.019215138271465988,0.008750211017950586,0.003126191860646872,0.0009191004070301798,0.0002500953488517497,0.00004689287790970309,0.000001563095930323436,0
0.02093973202770704,0.027713293720581587,0.04500909029800234,0.06927698130196831,0.09811268843023138,0.12300900588250925,0.13590581732174645,0.13567289309090455,0.11935412768312295,0.09210042942473969,0.06271758484147864,0.03772747239691538,0.01932333166065598,0.008710428283567273,0.0032015357366736853,0.0009457661722107328,0.0002313609809705594,0.00004377099639983555,0.000004689749614268094,0
0.02088544018146853,0.02710311180404649,0.04499532112399255,0.07007222184902306,0.09760963332921946,0.12288806160181595,0.13676846671905343,0.13599985002601106,0.11783268839310683,0.09240584836067493,0.06313436263398069,0.03771377151775239,0.019449751683692364,0.008595384238046216,0.003280681006887868,0.000982642073015461,0.0002280854414312515,0.000040617955323373605,0.000014060061458090862,0
0.02057203571902905,0.027467402089078826,0.045634731521340004,0.07035367463808312,0.09881483449089448,0.12291189774920114,0.13619325150977746,0.13449167571621654,0.1182524863475496,0.09209759451245716,0.06291142899553902,0.03785342072984945,0.019420464222376733,0.008421940796412472,0.0032531504152376167,0.0010562582520175943,0.0002515644653473856,0.000037500292971038824,0.000004687536621379854,0
0.02107427557177723,0.02760842596035762,0.04544687526366281,0.0708210030280209,0.09869191996525116,0.12249422676095512,0.13670311333047927,0.1344625653493161,0.11813656405561057,0.09183590564074362,0.0625509748102409,0.03741746377468276,0.01911340547668673,0.008949692354325321,0.003318635921890185,0.0010609010315270413,0.0002671783157453964,0.00003749871098181,0.000009374677745452498,0
0.02107391021795641,0.0276116651669666,0.045843956208758266,0.07127012097580485,0.09815536892621471,0.12210526644671063,0.13528544291141772,0.1347699210157968,0.11865751849630073,0.09213313587282544,0.0630358303339332,0.03743938712257548,0.01938362327534493,0.008612340031993598,0.00323997700459908,0.001034168166366727,0.00028744251149770026,0.00005311437712457509,0.00000624875024995001,0.0000015621875624875024
0.021438763246852097,0.02781819403659186,0.04587814068192084,0.07083637432036871,0.09843733639229284,0.12276887925497246,0.1363544725561013,0.1344822143282453,0.11830077719033116,0.09169533138814354,0.062748781391191,0.037237309511790675,0.019408660210136767,0.00816885956344189,0.0031381423385099137,0.0009580085923837538,0.0002563024619101723,0.000054698696139366025,0.00001406537900726555,0.000004688459669088517
0.021362876906981475,0.028069517965053647,0.0461329460814166,0.07073593479177404,0.09890851173466995,0.1218828562951859,0.13654533814275233,0.1351103199512812,0.11846317203041805,0.09112443590824629,0.06227885261004667,0.03722771349604159,0.019485954310519832,0.008285317218656796,0.0031151918302337557,0.0009556377945378743,0.00024359394762730145,0.00005621398791399259,0.000014053496978498147,0.0000015614996642775721
0.021615834837580394,0.028134499222480087,0.04672464855318781,0.0707519672425784,0.09832696470294049,0.12308413624961906,0.13555102327871157,0.1348946245633777,0.11795953770776187,0.09148166381445795,0.06205468426440367,0.037347524048417215,0.019263739440967095,0.008462854865555473,0.003083511107985403,0.0009689695321596296,0.00023911667487165072,0.00004688562252385307,0.000007814270420642178,0
0.02205813437638634,0.02794561461607193,0.046276625656854704,0.07085439538124132,0.09850946308179681,0.12322625794317778,0.13559168473472752,0.13433108602063196,0.11772617359084744,0.09140512237336218,0.06267065726086116,0.037435251776085164,0.0190276988059459,0.0086539242578557,0.003052304693113726,0.0009216273126597228,0.00026086739188843,0.00005154864630130653,0.0000015620801909486826,0
0.02205477996775444,0.02819924760345453,0.04636081288822788,0.07126832560522926,0.09942226693829598,0.12283467273249929,0.1354923073077452,0.13439558310732275,0.11712452037844796,0.09083750984239664,0.06258358225743961,0.037023034332779245,0.01939108372598767,0.008534763969954132,0.0030933246678581682,0.0010842259189361462,0.0002515279149116996,0.000042181700016247776,0.0000046868555573608636,0.0000015622851857869544
